0.34 0.39 0.57
0.15 0.23 0.75
0.16 0.65 0.80
0.33 0.64 0.49
0.23 0.69 0.43
0.46 0.52 0.47
0.14 0.52 0.41
0.15 0.76 0.43
0.45 0.45 0.53
0.26 0.35 0.43
0.42 0.48 0.45
0.32 0.45 0.59
0.36 0.51 0.48
0.28 0.43 0.48
0.15 0.72 0.70
0.29 0.62 0.46
0.49 0.50 0.49
0.22 0.60 0.62
0.31 0.62 0.47
0.48 0.51 0.48
0.41 0.51 0.42
0.34 0.64 0.57
0.22 0.34 0.70
0.15 0.43 0.28
0.30 0.30 0.34
0.18 0.64 0.61
0.13 0.78 0.46
0.18 0.36 0.40
0.28 0.52 0.40
0.15 0.75 0.71
0.16 0.19 0.68
0.35 0.41 0.47
0.33 0.65 0.38
0.41 0.54 0.54
0.37 0.46 0.48
0.32 0.42 0.45
0.30 0.31 0.47
0.45 0.45 0.52
0.21 0.44 0.43
0.12 0.54 0.77
0.36 0.63 0.58
0.16 0.62 0.19
0.20 0.38 0.77
0.33 0.38 0.35
0.12 0.31 0.83
0.50 0.50 0.50
0.36 0.40 0.63
0.30 0.45 0.65
0.48 0.50 0.51
0.16 0.69 0.46
0.29 0.31 0.39
0.17 0.26 0.64
0.45 0.53 0.55
0.24 0.31 0.25
0.36 0.52 0.58
0.28 0.60 0.54
0.42 0.52 0.44
0 0 0
