0.50 0.50 0.50
0.12 0.42 0.29
0.34 0.43 0.45
0.37 0.52 0.46
0.25 0.55 0.47
0.33 0.47 0.45
0.49 0.51 0.50
0.22 0.54 0.34
0.12 0.35 0.59
0.22 0.49 0.28
0.34 0.52 0.42
0.40 0.60 0.47
0.11 0.41 0.23
0.37 0.58 0.41
0.26 0.57 0.61
0.45 0.45 0.53
0.49 0.49 0.51
0.26 0.72 0.59
0.43 0.49 0.46
0.49 0.51 0.49
0.36 0.50 0.46
0.19 0.32 0.30
0.42 0.45 0.45
0.48 0.48 0.49
0.11 0.62 0.30
0.44 0.46 0.54
0.21 0.44 0.62
0.36 0.41 0.36
0.46 0.49 0.54
0.24 0.67 0.55
0.25 0.75 0.53
0.43 0.53 0.46
0.27 0.61 0.30
0.36 0.57 0.36
0.14 0.53 0.17
0.29 0.61 0.35
0.29 0.55 0.35
0.36 0.49 0.37
0.22 0.75 0.25
0.12 0.14 0.39
0.21 0.65 0.74
0.45 0.48 0.47
0.19 0.34 0.75
0.38 0.53 0.39
0.48 0.50 0.48
0.48 0.52 0.51
0.31 0.58 0.44
0.34 0.45 0.60
0.37 0.44 0.42
0.29 0.42 0.48
0.42 0.53 0.55
0.26 0.56 0.54
0.43 0.44 0.51
0 0 0
