0.31 0.56 0.46
0.26 0.28 0.53
0.35 0.60 0.45
0.13 0.45 0.49
0.28 0.67 0.38
0.39 0.50 0.61
0.12 0.28 0.81
0.28 0.51 0.67
0.35 0.45 0.53
0.13 0.35 0.51
0.32 0.68 0.33
0.14 0.60 0.82
0.10 0.29 0.80
0.27 0.39 0.57
0.19 0.34 0.56
0.41 0.58 0.50
0.15 0.17 0.30
0.17 0.28 0.63
0.26 0.29 0.43
0.46 0.46 0.53
0.10 0.79 0.63
0.18 0.66 0.29
0.21 0.61 0.34
0.12 0.83 0.46
0.28 0.48 0.64
0.16 0.50 0.76
0.42 0.57 0.47
0.27 0.44 0.46
0.32 0.48 0.49
0.47 0.50 0.48
0.24 0.35 0.62
0.12 0.26 0.28
0.13 0.30 0.19
0.15 0.79 0.19
0.24 0.44 0.34
0.10 0.51 0.75
0.11 0.68 0.27
0.21 0.44 0.29
0.40 0.51 0.57
0.16 0.35 0.44
0.12 0.54 0.68
0.12 0.72 0.15
0.19 0.75 0.34
0.48 0.49 0.52
0.25 0.75 0.46
0.35 0.45 0.38
0.21 0.49 0.30
0.42 0.48 0.43
0.32 0.51 0.63
0.25 0.71 0.73
0.36 0.58 0.58
0.46 0.52 0.54
0.48 0.48 0.50
0.30 0.55 0.36
0.23 0.41 0.57
0.44 0.47 0.47
0.42 0.48 0.52
0.29 0.33 0.52
0.39 0.52 0.49
0.16 0.27 0.47
0.31 0.58 0.60
0.21 0.41 0.55
0.38 0.56 0.44
0.12 0.87 0.87
0.30 0.35 0.42
0.29 0.70 0.54
0.41 0.44 0.46
0.11 0.78 0.28
0.21 0.39 0.44
0.31 0.65 0.34
0.45 0.46 0.54
0.14 0.64 0.47
0.25 0.59 0.69
0.20 0.75 0.62
0.45 0.47 0.53
0 0 0
