0.29 0.45 0.37
0.37 0.63 0.47
0.10 0.61 0.25
0.14 0.19 0.18
0.33 0.51 0.64
0.24 0.72 0.35
0.49 0.50 0.49
0.34 0.64 0.49
0.20 0.59 0.48
0.45 0.50 0.45
0.29 0.30 0.57
0.36 0.53 0.46
0.21 0.35 0.25
0.30 0.52 0.34
0.45 0.51 0.54
0.21 0.58 0.67
0.34 0.48 0.66
0.18 0.46 0.45
0.22 0.42 0.36
0.37 0.63 0.39
0.15 0.34 0.60
0.14 0.34 0.37
0.17 0.37 0.42
0.22 0.28 0.47
0.41 0.48 0.41
0.27 0.42 0.39
0.22 0.54 0.30
0.41 0.50 0.50
0.17 0.56 0.25
0.17 0.29 0.34
0.20 0.26 0.26
0.49 0.49 0.50
0.41 0.58 0.53
0.35 0.65 0.44
0.31 0.63 0.46
0.22 0.24 0.59
0.30 0.70 0.35
0.15 0.42 0.36
0.13 0.26 0.35
0.23 0.33 0.54
0.49 0.49 0.51
0.33 0.61 0.40
0.13 0.16 0.45
0.43 0.57 0.49
0.39 0.53 0.47
0.39 0.47 0.45
0.33 0.59 0.43
0.18 0.29 0.68
0.42 0.54 0.47
0.32 0.39 0.48
0.32 0.47 0.43
0.34 0.66 0.36
0.25 0.51 0.29
0.48 0.52 0.48
0.11 0.89 0.59
0.24 0.46 0.76
0.38 0.42 0.41
0.38 0.47 0.60
0.31 0.46 0.49
0.29 0.30 0.45
0.44 0.48 0.46
0.46 0.50 0.50
0.21 0.72 0.76
0.27 0.55 0.62
0.30 0.33 0.61
0.15 0.44 0.59
0.21 0.71 0.38
0.44 0.49 0.56
0.12 0.85 0.79
0.15 0.39 0.85
0.24 0.38 0.58
0.31 0.35 0.68
0.49 0.50 0.50
0.38 0.41 0.40
0.35 0.35 0.47
0.35 0.47 0.51
0.34 0.65 0.65
0 0 0
