0.41 0.55 0.46
0.40 0.44 0.50
0.46 0.53 0.51
0.13 0.19 0.52
0.19 0.71 0.78
0.24 0.38 0.34
0.10 0.27 0.87
0.29 0.42 0.42
0.34 0.63 0.39
0.10 0.87 0.17
0.20 0.43 0.39
0.27 0.42 0.63
0.38 0.62 0.44
0.20 0.45 0.78
0.36 0.46 0.55
0.39 0.47 0.61
0.40 0.46 0.48
0.49 0.50 0.49
0.36 0.51 0.37
0.20 0.77 0.33
0.19 0.49 0.79
0.11 0.52 0.46
0.38 0.44 0.46
0.42 0.52 0.56
0.15 0.78 0.34
0.38 0.41 0.39
0.34 0.41 0.50
0.47 0.52 0.48
0.39 0.39 0.54
0.41 0.48 0.42
0.13 0.51 0.48
0.22 0.73 0.23
0.23 0.50 0.43
0.37 0.53 0.50
0.13 0.82 0.57
0.12 0.25 0.43
0.46 0.52 0.54
0.40 0.44 0.55
0.37 0.63 0.58
0.37 0.55 0.51
0.23 0.75 0.68
0.43 0.57 0.52
0.44 0.52 0.49
0.36 0.41 0.39
0.45 0.49 0.54
0.14 0.39 0.28
0 0 0
