06 XtC0Sinvi4N2U$8
0212133606561 fGwJiwAAU4TZSV$87
062683920 Q$56
0196669125034013 8OxlqpHnDHqsf6rm26ZH27$93
0291 j3z6BVx BUC$28
005 vTsBS9E 4d$16
00374 jC d8ZO2B5$36
07152733334 xNPTwjhPVg23fR5$85
05526044 TQPlrm8geEz$51
0075503683 nS$33
0084363107510785 i33PB5b$22
033363248 a9QdVnoV9durwxvk$13
035968332 M5eWf389rx3BKx2$25
00521056025 xLZjRde5g$38
0092268388840 $54
068294997819 rk78eprSdNL6FddGLSmmKzl$15
083482 9l3oKvfYh04WdhCZ8YkTwG2$3
034753894268561 I6K II8F20bJ2$21
0516145188773498 3B8$77
004326 k$83
048953 Igkw3FX1w556e$85
0027788075 9riKPOs5$13
0791  fpd5OI$37
02350981 aT9Yle5i$37
05127 qRp7eXAvi6vcZFx$13
008911203825 S qg7FdI9wOFIN$31
0089078181229584 RUGZyTGIpu$37
006315 bg7naeF$44
00266 wh6$7
00752165806338 sgOGVeP7xrJFY0M1$17
07894374018972 BW5P$76
00190197 6lZR$16
057758 tFPEfLJ4wWqIRr$86
00850 LX0gFMOxlhcaVsVEwr$56
0439 D13d$3
0982650192302898 qphzPGy0$29
05 RsAFGceHn8 Jdcx$20
006411277203359 3vQJ$70
000247463 Eaf5irm5aCbuXMp8$82
0560962346972695 eY5j7IuCEg1N5VLDxN$60
009 HZrYCoulCrqWz7qbM$68
00713360981 vNWXLykfTWGjSfrhrcYDLJK46$38
0022 I$5
08590497779 2pm$100
0077 P9kV$36
0069744649526317 B8oDf6oqVx$75
037997642381917 iyITG5vV$19
0140934 horXOGkHPhOBB59jZP$40
00530671605339 kNqEufWhRwn QmPeQyP$20
098103443 N9Bq$62
0968266 uWt2KGGfFumLSMde$94
0549379 C$18
082222 XXdCqzmhlzwhyUOYTaINejZXD$79
000480306769095 f5u22ndK9r37oGV$56
0939345105201821 heFvZPX$2
000000
089288682034 7
0043276441 46
004 18
0034 86
006 46
008 16
0020953718 15
0033756 96
03 48
001651562 6
04676 49
73159855890031 74
255348 39
150148453 34
083784101034597 2
933 49
09284629 51
0029649 81
0293002 18
5409328880 80
007 7
055 45
876095640 65
0922830 23
095 84
00360128988 92
04418801 11
1182031 14
89608596 50
0982 79
97139 27
003634 66
64340 27
0062445218 16
582805540223866 32
425760281000069 29
08 1
026203939981458 54
68778371870 85
00082112511336911 74
5664936807627 74
00822433779781479 5
0539210982 69
06468802 61
362 77
08773 6
275002648 5
00829501864506 41
7813089 15
73 2
87772790 42
04902381512 38
002216200 4
895799154167 49
006137569722732 50
0046 87
00001675176 77
5 46
029602954 2
83 73
790551 28
0012468988681535 56
0046430130792 4
00235 82
0060151696 20
00697099 35
0023744970795 47
9129841110 95
009 50
007442939919 51
016045896007928 89
544963363458159 79
03430437 46
0335889752 10
005747235878 32
007562026474272 73
00869607 97
08201 36
852978353526329 22
896839669898884 3
8182 79
001383272240637 28
02241749931 80
0830224506847484 76
00045 19
0011 47
00028431677635110 0
0278730941194 10
931109862384 39
1 5
709751846934975 2
8472216 10
00197907658495 41
031439814646708 91
868835320374767 85
#