00570609978143235 nY1iH8lkNbVJHZHgLJUN$70
0500923407 407clsZxmIe$32
0001388243 rgAMKDvb$70
0088783 AC$43
051 mWKNh3dyE hh$48
00978857263802953 Vj7HBaU8P$89
0038 l$64
0163 XcOe6mCugWBXwMREAK3$66
00745667204222436 N$91
0841717 coy86 IJCqZ$62
0826 RHV$76
061432 Mvyj$63
033973 GxlTatKRnuwG6$68
009214851 OrRJccfTJALU$5
00492109259574 evQ2XHL9$88
06 NvDhf3hw9nsnUo$88
0282082763664 bcJOu$98
0401930326144 xlEgY1SAr5$76
05174824028050 Hy764tLkrNc0eiMT7$32
0079119499006667 Gcz0DldEzvprDJsxtmJE$28
002168835697 0qzd3$12
05310863 jFLXUVEKMYkrX6F$95
01538 V$22
00083619418376179 G3eDAsN9OGcJUq$66
096491 SuquC9rcQurs3Ted$68
03880710 E1BhT4InHROT$68
0013135 hZh4PkSYmkCoVUg BDGrrz$11
020066985294583 8Zi3Sz2tcJUDh0mafqfR2cJ$64
000944853162 GJXpDzHDWRTl5Kois1I$12
0054518781458 Vt0B6WsZhxJ$66
0653 dUdM45wUc0q3skwsWCn$37
09337492774 XfM1MGeN5hepNGkp3$70
063938956702 j3F5KUSPa5eYMzmP$26
0086524470 SoQbs$50
00319 dewZNTO3ejVUP7$37
0045783928242347 GixtakwpErityG$79
00229 dgurJIMbvkSNSkYc$85
002628302435407 vbrdYCIhuv9OtlFQaW$50
00850396793545 EwylO2QXQihv8sqDVbusfOoS$59
000770 iAK5CA1sTj$96
00366511895658 CAHEYZeI4Qh5i9pfa9DOPcW$94
004732698367285 HNrZXQe6 $87
0087061804402 E30uymakO9gDonCfhp$32
00473 PJFRZo$49
00957195 aaHyNXP$20
0036669535339833 X6ZSEh1PYACUoOai9SZON$49
00853686 RNvIrNKfKjREH$67
0869644783310185 C$3
08 iyO9cvP0uDGs$24
0009230258755735 PR8D0l8PlDs04H8$99
000000
000145 3
0059 44
0029689007 34
03784 70
0966317522 44
993682 65
9 53
00218973 85
01 54
80153156749 39
00381703500984009 78
883298972805 82
00253753 73
0747514307596 43
275129144429893 58
2297505092461 78
087601144124 48
31 34
008349263971440 10
002 19
027176207635 49
3 98
0939380480706 46
0610827 52
002342 94
00315 11
00027081428627802 43
07669 59
807 1
0004413656419 17
343619215024004 29
71518182 32
3787048 2
5 84
009 31
00092 61
007 96
078 39
01510580173 19
07867893090 97
00615 17
79728745062 73
0040 95
00924966 63
8495 42
0231748911061 0
920886559 31
008446687425447 49
0040442531286117 91
358 15
0497972 0
0002355474185 87
011925275 7
03681 68
059423 60
00495517442718870 18
030860365691795 78
082 56
0024211335 24
0036391992 80
5394647071393 73
009840104014042 90
00222979041344 11
0047158 51
09 66
057 89
177172216722036 85
06996 89
0019 90
0007615836419623 35
00677546166255 26
#