0.12 0.71 0.86
0.39 0.42 0.46
0.50 0.50 0.50
0.42 0.54 0.46
0.10 0.89 0.23
0.24 0.45 0.71
0.19 0.70 0.19
0.45 0.47 0.52
0.20 0.20 0.20
0.22 0.39 0.24
0.12 0.24 0.68
0.26 0.37 0.65
0.11 0.87 0.61
0.44 0.48 0.46
0.24 0.36 0.74
0.31 0.50 0.50
0.18 0.36 0.50
0.43 0.49 0.54
0.50 0.50 0.50
0.15 0.20 0.44
0.38 0.44 0.60
0.39 0.55 0.51
0.27 0.48 0.40
0.16 0.51 0.35
0.36 0.50 0.45
0.25 0.43 0.75
0.24 0.68 0.68
0.46 0.54 0.54
0.42 0.53 0.45
0.47 0.50 0.48
0.21 0.62 0.36
0.29 0.54 0.37
0.13 0.42 0.19
0.20 0.35 0.36
0.21 0.74 0.67
0.23 0.63 0.52
0.40 0.56 0.57
0.49 0.49 0.49
0.13 0.23 0.40
0.24 0.32 0.54
0.18 0.64 0.70
0.25 0.36 0.43
0.47 0.51 0.50
0.42 0.43 0.58
0.14 0.74 0.55
0.25 0.71 0.34
0.21 0.52 0.57
0.32 0.63 0.43
0.41 0.57 0.57
0.40 0.56 0.59
0.42 0.54 0.53
0.41 0.47 0.41
0.19 0.48 0.76
0.44 0.54 0.48
0.28 0.49 0.60
0.44 0.54 0.52
0.20 0.35 0.53
0.27 0.64 0.46
0.14 0.59 0.41
0.13 0.51 0.69
0.15 0.24 0.73
0.22 0.68 0.75
0.25 0.65 0.32
0.38 0.51 0.56
0.32 0.41 0.36
0.23 0.25 0.51
0.33 0.64 0.49
0.26 0.64 0.52
0.33 0.61 0.62
0.29 0.48 0.61
0.39 0.54 0.51
0.31 0.39 0.46
0.20 0.72 0.43
0.34 0.47 0.34
0.33 0.65 0.64
0.12 0.27 0.78
0.46 0.54 0.49
0.11 0.11 0.57
0.23 0.61 0.47
0.29 0.31 0.67
0.25 0.37 0.69
0.42 0.49 0.56
0.12 0.76 0.72
0.14 0.72 0.75
0.40 0.56 0.49
0.12 0.20 0.51
0.32 0.36 0.49
0.38 0.60 0.55
0.48 0.49 0.49
0.29 0.48 0.65
0.29 0.71 0.40
0.41 0.46 0.46
0.28 0.33 0.43
0 0 0
