0.40 0.49 0.43
0.17 0.78 0.24
0.42 0.44 0.51
0.29 0.65 0.35
0.21 0.77 0.32
0.48 0.52 0.52
0.35 0.61 0.39
0.16 0.71 0.71
0.32 0.36 0.54
0.16 0.40 0.80
0.37 0.38 0.56
0.42 0.54 0.42
0.18 0.34 0.48
0.27 0.33 0.72
0.20 0.27 0.46
0.25 0.67 0.73
0.49 0.51 0.49
0.41 0.56 0.59
0.29 0.69 0.49
0.30 0.63 0.35
0.10 0.15 0.22
0.25 0.47 0.42
0.17 0.50 0.44
0.18 0.29 0.39
0.42 0.54 0.46
0.13 0.21 0.52
0.48 0.52 0.49
0.30 0.50 0.41
0.41 0.46 0.57
0.48 0.49 0.50
0.45 0.51 0.48
0.46 0.54 0.48
0.30 0.51 0.46
0.36 0.58 0.52
0.50 0.50 0.50
0.31 0.42 0.36
0.22 0.30 0.58
0.19 0.75 0.35
0.42 0.49 0.52
0.47 0.51 0.47
0.26 0.57 0.52
0.33 0.59 0.52
0.45 0.49 0.48
0.49 0.49 0.49
0.34 0.38 0.59
0.31 0.45 0.32
0.13 0.18 0.59
0.17 0.43 0.71
0.49 0.50 0.49
0.15 0.51 0.79
0.15 0.37 0.41
0.14 0.50 0.63
0.28 0.70 0.66
0.24 0.30 0.26
0.47 0.50 0.50
0.30 0.32 0.66
0.50 0.50 0.50
0.17 0.69 0.61
0.16 0.77 0.72
0.41 0.50 0.54
0.34 0.65 0.41
0.15 0.23 0.48
0.21 0.25 0.64
0.20 0.70 0.29
0.27 0.38 0.29
0.45 0.47 0.50
0.38 0.52 0.51
0.28 0.71 0.44
0.48 0.50 0.49
0.28 0.43 0.65
0.12 0.67 0.17
0.27 0.64 0.68
0.10 0.78 0.10
0.23 0.56 0.41
0 0 0
