0.21 0.36 0.54
0.26 0.31 0.53
0.50 0.50 0.50
0.48 0.49 0.51
0.11 0.41 0.80
0.18 0.46 0.60
0.39 0.45 0.42
0.32 0.61 0.63
0.50 0.50 0.50
0.34 0.53 0.56
0.43 0.52 0.46
0.11 0.34 0.69
0.32 0.49 0.37
0.36 0.58 0.49
0.23 0.60 0.39
0.32 0.46 0.46
0.21 0.64 0.32
0.26 0.66 0.37
0.40 0.60 0.47
0.20 0.47 0.22
0.50 0.50 0.50
0.41 0.47 0.56
0.16 0.73 0.32
0.39 0.61 0.56
0.48 0.50 0.51
0.12 0.12 0.85
0.48 0.49 0.52
0.12 0.30 0.47
0.46 0.47 0.50
0.16 0.40 0.36
0.12 0.36 0.26
0.21 0.71 0.26
0.17 0.80 0.53
0.37 0.50 0.37
0.17 0.68 0.38
0.19 0.62 0.24
0.32 0.48 0.68
0 0 0
