87
284 180
160 33
349 86
5 118
358 166
203 178
51 90
171 155
291 140
3 94
23 209
168 364
431 94
336 209
312 345
143 95
24 304
128 374
390 134
493 248
301 196
426 352
286 96
6 77
236 10
171 260
219 340
124 150
435 460
360 246
304 2
342 329
306 471
203 196
104 195
444 405
391 369
257 176
466 263
253 202
273 425
462 493
265 85
143 199
45 2
446 350
5 287
178 311
257 381
6 362
75 451
267 466
320 23
142 286
287 396
488 60
321 450
52 85
35 195
285 81
198 230
431 203
17 108
14 274
490 21
136 65
472 403
31 291
427 173
76 213
69 64
273 390
14 326
475 49
21 259
130 219
490 60
423 6
169 437
281 158
458 418
224 429
320 255
220 246
429 297
460 498
362 232
-1
376 57
362 425
79 121
55 298
111 116
221 117
285 157
399 444
115 316
167 44
136 423
264 383
351 61
342 349
423 74
236 298
132 98
223 211
219 278
9 330
394 230
448 179
388 347
123 2
162 290
46 299
213 311
181 63
373 23
413 295
97 148
93 229
246 317
441 466
94 450
296 489
180 243
168 68
89 291
70 252
81 117
50 294
429 231
358 301
254 270
96 352
419 189
81 165
5 21
130 100
472 426
89 152
168 257
220 258
48 291
9 129
408 59
424 336
291 282
137 45
51 233
397 471
423 478
135 429
500 265
29 471
191 118
123 359
376 343
117 424
133 126
53 41
186 477
378 478
258 14
22 310
247 419
281 170
