93
460 166
199 188
334 474
273 294
482 142
240 200
308 57
61 102
283 372
41 137
34 49
172 405
340 348
218 142
380 39
105 339
206 305
27 40
279 300
334 260
443 74
460 251
131 21
354 415
393 395
51 428
444 223
332 283
70 50
425 451
90 30
290 297
335 317
337 113
117 170
374 59
245 334
310 376
356 163
290 248
58 342
176 1
65 8
284 136
59 209
86 149
239 377
446 74
193 283
188 311
453 61
370 197
395 180
73 250
344 364
499 402
206 175
403 271
183 187
408 243
397 495
392 135
371 338
210 64
120 398
375 73
460 245
271 354
425 345
104 268
208 103
170 414
278 73
185 462
260 93
204 157
87 96
293 458
435 2
21 55
401 396
129 360
140 400
213 65
244 318
334 453
421 3
367 199
76 52
161 337
145 365
494 232
462 286
40
397 289
211 453
189 107
81 48
248 482
261 313
226 79
147 179
500 150
45 199
226 98
360 63
243 225
56 475
187 343
164 83
131 376
36 320
483 117
368 230
99 129
43 325
209 190
4 208
341 49
408 67
147 267
130 391
492 187
366 178
29 30
262 161
406 298
482 388
416 350
118 14
479 162
340 188
353 344
396 193
80
303 260
41 70
391 432
61 77
298 239
107 328
1 268
233 299
250 121
214 99
240 229
78 402
68 266
254 413
162 447
306 466
207 348
35 97
279 96
174 77
336 282
405 337
50 137
136 300
259 350
399 499
78 477
401 147
242 155
59 404
101 366
370 309
213 405
407 493
1 81
69 337
363 475
174 413
111 310
212 371
160 110
369 239
87 270
386 330
425 446
234 26
312 103
335 25
7 241
18 8
322 88
346 185
62 20
97 174
330 310
44 491
421 414
229 7
183 115
337 107
61 70
134 373
173 469
399 181
210 417
190 32
4 35
217 66
55 315
241 386
124 285
376 44
198 105
52 382
220 389
490 282
460 123
154 133
92 52
314 303
95
3 335
475 39
52 40
94 367
282 481
492 66
356 35
265 462
87 147
182 477
136 464
436 260
117 68
352 170
383 154
140 386
490 114
425 41
155 19
409 437
500 400
2 356
435 268
317 22
415 499
499 51
462 435
311 79
2 163
250 385
318 390
271 308
3 196
349 158
215 258
94 214
157 97
69 92
366 387
115 281
386 114
332 347
48 143
427 51
307 176
437 125
65 207
433 69
403 282
228 118
39 323
332 197
421 402
289 286
289 404
66 174
17 399
20 66
41 447
117 349
123 53
474 189
261 406
258 164
187 486
282 227
308 114
424 228
15 212
14 304
116 80
478 134
479 499
200 20
446 318
369 68
372 342
257 133
248 15
297 435
0 78
162 309
192 85
37 208
298 51
12 415
132 491
48 111
490 249
131 435
67 0
3 439
343 261
71 90
276 369
8
277 448
187 86
140 273
123 348
70 175
361 485
307 351
33 419
69
283 50
274 350
50 278
289 394
38 361
485 315
230 10
92 177
198 178
317 471
302 165
41 477
25 25
284 376
59 202
216 343
252 490
193 303
268 482
197 307
343 181
121 72
191 213
250 389
392 67
360 193
232 401
169 257
427 454
133 486
155 349
328 408
339 20
211 106
2 408
414 346
89 34
419 280
248 168
169 139
235 29
332 468
430 1
225 356
455 358
342 110
207 169
17 45
190 229
152 192
136 65
38 225
100 457
5 348
125 175
488 361
204 320
328 133
322 52
490 277
410 331
387 117
0 405
162 190
133 314
383 269
380 421
495 480
378 500
67
2 174
316 363
379 136
191 11
458 243
0 234
153 332
121 270
332 25
433 21
159 246
405 429
126 325
423 105
202 423
434 205
97 250
68 476
386 259
488 343
1 489
77 155
320 199
426 151
224 358
173 384
104 77
312 230
403 235
336 105
157 269
310 254
19 378
230 405
137 217
247 139
205 325
294 25
23 219
176 248
76 350
131 180
427 444
411 329
178 246
434 336
15 244
90 34
121 321
439 259
37 186
398 243
11 191
268 34
411 445
283 488
294 415
168 220
359 78
48 37
324 483
373 340
226 464
374 348
284 313
106 322
499 3
15
10 195
332 45
106 276
328 93
69 243
261 290
101 339
339 138
163 321
11 2
47 475
377 395
258 189
1 80
188 5
31
198 201
477 243
307 252
71 401
322 314
161 111
416 0
451 53
164 271
64 167
319 38
43 214
297 233
215 377
422 221
21 119
422 498
363 228
249 435
129 71
249 290
183 164
291 133
217 456
405 282
122 223
321 165
437 117
399 152
495 320
374 16
89
295 13
303 23
263 237
152 334
487 443
17 150
234 150
368 189
54 149
311 278
470 477
215 87
375 368
82 195
241 98
134 35
111 437
59 375
174 212
208 160
154 225
311 388
376 179
77 431
328 388
208 298
365 423
386 239
290 469
435 30
66 68
66 178
5 126
53 179
338 262
340 492
487 151
380 363
330 457
293 158
345 0
457 209
424 342
449 214
310 383
245 377
451 311
55 457
437 108
135 275
370 476
266 357
127 146
220 458
103 12
115 448
13 71
156 437
414 105
151 224
488 396
101 439
207 157
395 143
265 30
418 135
6 184
493 133
331 212
90 434
225 206
381 238
277 37
175 191
142 326
415 130
221 16
68 428
173 463
71 439
493 490
74 499
174 66
132 4
279 222
438 4
428 319
242 205
357 418
80
500 244
312 129
465 328
197 393
0 160
465 440
153 454
13 152
128 80
284 132
360 6
70 364
435 389
106 140
246 23
36 245
267 348
374 232
176 71
125 177
231 89
116 384
42 129
36 171
210 320
303 69
327 373
434 262
262 39
402 7
63 439
253 330
287 126
62 463
197 187
139 429
276 255
313 319
385 349
490 94
169 293
164 496
166 97
257 429
137 159
437 200
97 189
30 384
315 92
347 12
280 486
441 55
240 253
375 125
102 365
220 271
157 384
266 323
482 23
251 118
182 187
318 280
377 349
164 192
441 10
204 220
496 145
276 236
399 151
361 0
15 81
271 172
465 37
496 447
60 247
64 243
434 383
22 311
231 186
2 172
41
206 393
192 352
169 429
250 320
289 250
335 370
21 7
335 58
2 282
118 249
347 362
183 229
384 494
461 70
496 133
267 202
25 460
53 194
388 304
13 177
53 349
47 74
356 383
133 359
164 252
108 10
113 291
240 497
285 201
67 281
334 335
483 360
295 36
54 183
340 68
360 394
417 408
469 273
291 101
132 455
353 240
94
466 30
206 463
316 408
29 96
242 365
79 101
159 115
155 342
456 223
202 349
140 110
317 414
401 419
45 356
271 285
322 237
316 28
199 131
436 229
227 178
93 307
279 253
423 435
95 378
158 298
227 298
408 44
211 309
463 257
164 234
41 487
471 357
14 169
488 451
399 215
128 492
21 408
245 445
343 340
322 1
137 49
299 45
93 10
354 56
267 18
290 309
5 260
165 20
430 153
471 328
368 99
320 390
7 64
334 351
405 156
352 42
205 151
87 299
162 442
355 430
461 144
238 466
405 403
486 334
56 457
162 425
56 482
314 64
46 148
415 451
304 267
494 9
418 81
308 79
22 162
8 484
307 247
450 211
150 436
44 206
393 207
130 449
188 445
13 235
92 429
186 397
195 179
406 113
260 213
193 283
376 201
266 182
449 216
393 98
-1
438 304
43 145
435 493
333 379
5 68
471 435
254 367
129 433
273 243
193 487
436 476
362 137
242 44
85 458
438 183
109 376
488 152
20 423
145 354
301 151
422 272
85 175
139 215
108 412
458 301
399 393
277 260
29 18
305 115
477 242
