43
401 413
238 388
472 72
269 335
173 96
229 271
122 361
227 413
448 34
255 221
175 462
439 348
312 59
116 398
334 253
102 234
166 341
122 137
413 391
472 86
488 201
357 109
61 84
22 9
118 277
231 294
238 170
142 50
229 258
449 63
10 50
298 176
391 420
314 304
310 286
391 297
487 248
407 48
332 429
58 451
206 289
244 445
459 387
100
187 144
445 251
155 495
48 331
386 468
144 190
278 431
80 75
417 328
482 466
160 411
23 110
117 312
355 62
271 241
58 459
386 2
209 40
498 258
371 383
225 15
72 3
446 153
78 363
481 60
328 141
472 352
251 88
163 106
151 435
347 209
393 232
212 101
273 209
359 143
91 84
159 164
88 105
317 166
468 298
227 296
439 198
147 190
287 311
297 438
245 144
147 137
377 359
239 149
67 98
292 159
183 452
323 271
56 140
438 24
439 164
320 378
362 468
67 149
278 364
86 23
7 234
161 384
93 400
32 160
499 325
320 181
277 143
453 333
283 390
358 222
53 178
99 415
145 166
63 424
30 150
448 38
385 108
423 478
8 456
138 6
281 458
188 57
100 140
391 384
29 248
105 82
426 204
498 71
371 61
495 402
212 442
441 96
50 363
73 58
319 211
65 99
169 254
157 270
394 47
33
424 296
259 5
221 464
3 293
335 65
288 236
277 229
176 374
280 39
447 338
358 158
404 458
328 157
114 97
51 162
252 475
458 10
481 179
475 484
472 309
49 259
45 326
489 221
199 268
260 146
106 118
305 10
75 132
167 190
230 218
352 482
193 309
493 173
98
467 157
460 276
206 219
321 31
208 42
231 477
303 378
82 421
182 93
496 315
260 186
44 479
37 26
171 347
18 344
335 486
0 295
262 207
13 82
239 221
124 470
197 427
347 280
348 29
373 344
344 133
29 389
111 66
415 283
413 434
127 247
419 127
41 181
335 55
263 73
277 388
42 475
315 390
255 162
420 127
6 263
261 35
152 373
102 66
155 14
500 282
262 419
410 304
100 244
359 363
317 135
251 360
110 66
250 365
229 169
493 235
433 253
270 84
126 372
151 282
387 151
64 148
70 475
453 170
218 311
32 35
447 284
396 57
350 146
422 78
316 414
313 248
167 83
333 294
456 484
75 342
134 139
491 204
113 443
374 332
254 407
368 201
190 264
258 40
410 179
118 225
93 432
473 261
15 306
54 471
289 129
313 423
269 304
127 382
246 1
214 0
408 81
201 98
70
460 139
254 138
258 480
232 189
453 493
204 258
47 175
46 176
488 470
446 291
97 327
37 98
41 37
6 122
239 105
468 198
244 222
337 1
201 68
191 153
61 396
411 108
70 458
285 58
428 230
350 24
57 387
123 99
425 129
221 163
235 189
362 480
411 198
482 111
267 172
265 329
68 176
438 139
133 223
198 61
454 47
85 11
434 209
110 359
339 332
21 73
20 384
52 431
82 33
42 350
206 307
178 275
483 115
414 115
338 111
177 292
159 262
303 92
472 413
451 310
244 473
384 264
356 436
194 439
470 236
288 176
43 466
451 25
81 365
141 420
96
318 211
135 80
13 228
51 426
179 361
170 151
245 434
7 181
128 447
150 365
234 327
408 200
278 433
281 142
73 201
119 392
413 255
472 426
483 22
352 161
384 21
313 128
456 321
309 84
267 460
449 1
286 356
201 64
289 483
206 363
183 326
254 95
80 225
21 63
248 374
225 131
396 38
260 351
359 69
435 126
28 384
128 315
239 329
379 28
311 85
391 495
412 144
90 492
370 111
54 117
485 279
249 380
317 8
231 176
78 166
303 106
49 431
422 289
260 301
317 71
387 207
65 298
352 156
289 222
267 344
339 252
123 87
132 441
96 364
117 174
29 420
281 78
351 203
367 110
3 184
182 390
391 248
187 243
404 477
465 171
321 304
423 444
392 55
385 488
419 1
162 449
422 443
27 272
146 394
383 149
77 64
39 469
312 227
212 216
204 177
387 24
-1
310 469
372 365
353 360
284 355
21 232
276 465
259 48
110 153
432 260
231 496
299 200
308 26
413 23
230 89
410 255
69 219
223 441
84 76
300 368
431 322
100 207
286 360
255 396
13 186
155 244
182 455
445 490
481 357
13 211
446 424
466 14
143 188
456 227
265 256
95 195
78 196
402 364
55 156
260 69
343 416
313 24
370 257
14 351
114 28
61 59
452 26
74 95
215 30
323 480
287 419
175 365
114 76
229 170
233 489
239 76
405 52
100 274
310 115
125 424
143 186
483 95
213 57
190 429
87 12
408 374
431 83
239 45
159 468
215 393
457 455
470 361
6 69
135 316
185 260
240 328
447 222
423 160
280 113
88 367
125 497
241 56
79 481
101 239
449 317
132 405
271 101
266 278
171 401
94 356
161 334
183 108
56 106
268 336
219 357
203 345
353 445
401 432
