31
376 313
56 466
363 404
130 22
98 67
480 294
115 99
434 328
450 379
37 409
492 184
265 350
90 495
300 87
109 193
232 485
5 288
451 369
191 80
391 290
147 371
84 263
470 17
91 420
397 128
328 388
312 93
237 403
87 37
491 197
231 222
38
237 10
132 105
202 213
497 493
361 368
76 123
338 94
215 257
491 343
85 378
155 178
115 58
266 152
48 463
383 271
145 119
282 277
225 484
491 222
476 351
89 52
475 427
146 189
184 136
32 269
14 188
448 129
246 213
281 295
176 163
66 321
283 348
98 7
331 89
229 307
440 318
359 415
245 5
23
429 142
136 198
156 324
145 285
70 359
65 365
34 229
431 356
11 279
455 19
110 43
248 417
484 66
276 398
312 282
1 241
424 138
439 79
463 84
365 32
443 430
398 478
159 329
68
170 108
288 189
218 332
438 135
315 4
411 212
316 193
214 56
116 353
496 196
315 79
60 348
21 491
246 499
149 75
332 320
183 120
8 401
452 447
35 266
451 447
479 266
139 193
323 256
45 318
452 361
398 12
209 419
2 455
418 152
30 250
472 213
370 481
114 321
427 150
87 377
97 65
143 237
258 466
493 304
284 445
164 181
457 373
100 460
328 17
111 358
267 83
71 136
63 186
458 490
337 44
367 434
109 9
171 368
476 164
171 260
108 336
441 65
208 40
25 36
58 137
394 326
220 466
462 283
151 420
273 489
464 139
423 73
32
93 442
124 257
112 384
366 449
325 431
157 366
456 193
424 93
87 249
313 52
211 96
204 130
369 192
94 8
114 168
157 208
109 281
465 222
165 330
170 490
261 327
355 217
19 279
310 106
28 123
159 239
219 363
370 87
55 465
96 169
132 253
378 241
9
343 463
199 172
133 189
434 460
44 151
480 323
461 86
352 83
245 91
62
107 461
390 163
426 486
332 57
239 210
299 273
52 262
473 225
395 161
158 355
205 309
335 28
270 421
380 354
165 471
156 273
432 46
436 358
31 268
416 271
478 214
43 30
477 15
255 372
177 414
227 383
223 61
412 493
482 292
347 147
263 2
421 195
48 356
52 80
124 469
351 102
183 395
132 159
411 388
31 88
301 258
471 24
319 383
17 301
174 364
449 438
366 369
132 415
225 185
495 350
153 346
452 336
240 84
495 150
473 26
238 274
284 209
298 103
91 315
405 266
178 353
203 44
46
335 459
447 19
453 297
173 299
248 8
38 333
3 189
305 29
427 78
313 136
377 417
228 191
321 494
370 173
196 414
395 31
372 342
51 325
138 224
123 387
232 162
219 235
351 24
264 278
103 77
415 480
494 142
171 314
135 40
488 332
454 382
363 326
224 414
151 362
138 275
248 370
437 468
105 288
493 370
66 96
448 481
75 441
122 246
255 257
287 242
88 240
27
452 66
348 366
217 210
3 493
458 374
429 426
479 217
418 349
283 13
296 263
89 237
385 336
493 142
122 234
231 362
359 182
429 207
48 145
417 52
137 375
426 66
300 405
283 218
254 66
231 49
329 321
287 214
33
279 356
278 12
86 140
372 269
69 78
317 215
496 369
352 370
295 419
169 200
202 387
454 268
118 2
97 439
289 311
95 68
166 374
81 253
14 453
21 83
31 339
298 26
208 150
396 3
68 65
203 271
452 156
39 70
159 136
9 449
447 104
16 113
478 97
74
493 50
388 75
81 226
374 107
434 23
3 438
92 68
140 364
20 296
403 90
456 38
99 404
485 203
421 97
181 18
464 174
68 351
249 149
76 123
257 10
146 261
448 239
329 88
102 350
384 4
440 340
42 38
244 27
242 164
125 424
182 88
97 251
440 347
401 15
470 158
26 116
419 475
355 248
62 458
97 447
462 36
286 4
75 30
32 318
194 157
241 377
246 339
127 185
185 28
201 155
186 228
271 104
202 126
352 265
83 450
211 45
486 498
50 61
27 82
379 222
240 120
99 486
459 226
171 144
255 372
299 441
99 69
44 302
195 397
66 279
346 278
324 332
275 375
393 303
92
272 24
196 392
123 182
351 350
353 496
104 225
294 44
324 364
89 125
59 487
192 338
332 470
162 164
244 36
57 47
494 329
71 190
221 195
372 72
45 225
67 149
450 361
194 274
224 284
400 284
270 92
121 102
61 284
266 306
321 324
353 315
152 424
4 374
119 377
446 164
101 13
314 51
374 7
326 98
292 226
382 61
318 3
164 379
288 431
184 108
254 37
424 406
462 428
280 80
304 226
244 406
239 57
458 112
65 284
211 357
9 93
419 327
97 83
206 385
13 391
494 267
428 417
173 389
345 453
470 149
179 213
54 418
271 12
30 337
296 241
194 306
335 113
133 432
196 339
317 209
230 311
477 157
228 149
46 72
102 15
221 281
228 276
198 500
288 228
337 84
470 30
390 304
144 22
236 340
362 53
49 91
364 25
51
91 175
295 163
277 310
385 58
38 160
257 38
449 486
375 32
455 406
423 259
50 446
496 390
308 48
439 400
412 465
148 2
139 444
166 417
253 51
475 292
211 232
331 159
217 206
192 171
111 115
431 161
60 426
51 369
474 491
268 386
456 416
388 94
359 54
11 112
105 487
405 317
218 235
477 435
441 168
106 52
284 36
214 344
463 266
212 436
256 480
321 211
396 209
306 255
264 317
367 370
303 272
39
21 6
162 456
448 331
62 0
114 98
214 459
61 480
171 498
236 151
319 448
47 28
254 302
292 71
169 161
375 441
348 396
448 10
352 395
342 414
395 456
12 109
415 73
89 85
70 325
237 389
273 284
418 26
85 209
97 254
371 472
195 219
368 142
229 219
37 70
132 433
26 144
41 441
217 130
26 288
92
263 177
229 46
94 256
132 303
354 387
174 325
81 393
193 224
122 412
261 193
43 193
219 188
235 160
406 366
186 193
322 450
370 50
497 464
307 128
267 160
15 442
486 97
335 178
321 458
89 82
150 133
276 369
321 10
28 226
377 215
420 198
164 289
249 161
253 55
290 20
215 305
463 200
402 298
379 223
255 468
305 405
101 80
273 423
91 302
148 469
17 67
167 182
357 416
343 110
472 132
131 186
437 94
387 339
392 265
61 146
233 367
50 335
448 324
257 38
126 406
7 143
474 174
325 331
89 167
441 60
300 72
247 237
166 134
75 57
400 137
203 133
3 254
468 451
77 225
490 204
130 497
347 103
170 172
434 260
340 375
321 139
447 68
376 113
203 452
170 102
89 374
236 92
127 204
43 205
429 32
409 59
29 255
34
200 428
96 461
267 471
281 407
418 349
282 30
52 234
201 154
323 74
391 416
201 94
459 406
23 492
314 82
21 69
244 221
497 341
181 264
312 463
170 229
311 453
260 364
187 461
17 9
34 409
426 236
2 384
142 26
376 456
108 397
25 353
117 22
193 299
287 5
-1
457 234
72 410
495 436
96 456
454 105
490 362
31 226
365 415
368 391
290 324
499 186
350 352
304 372
45 102
158 50
363 115
284 435
24 279
371 120
234 324
226 224
185 257
450 50
172 318
441 462
141 440
148 491
291 453
363 336
54 21
386 418
136 170
353 160
450 223
280 183
46 6
407 232
263 357
282 436
174 223
398 316
162 45
307 454
498 169
290 52
190 175
471 326
346 323
487 295
46 267
479 92
273 386
