40
261 253
59 155
412 13
273 215
160 455
109 234
244 168
31 7
211 120
297 384
388 65
485 193
346 251
440 402
50 325
94 312
77 153
468 489
167 240
203 327
194 313
61 439
481 92
446 192
213 242
76 100
308 60
293 153
311 233
55 361
57 150
172 134
304 139
122 471
380 326
298 73
139 359
11 119
452 458
312 164
42
388 265
7 448
58 161
258 291
216 119
349 366
292 483
169 432
105 140
311 432
438 384
70 297
396 190
248 353
1 412
53 389
176 61
336 234
222 94
25 439
214 374
305 6
357 474
438 463
114 249
394 51
132 464
348 28
153 95
382 155
7 435
43 184
496 380
419 218
475 444
156 189
318 461
195 175
435 132
137 48
381 31
100 13
100
449 42
148 44
424 304
51 358
347 236
354 227
154 71
202 98
228 391
416 188
85 91
123 218
228 171
99 259
272 113
254 220
155 403
264 78
206 316
437 53
51 290
281 206
362 483
304 89
374 219
277 460
310 400
177 38
71 277
298 343
391 52
63 45
455 328
124 161
143 60
214 195
351 496
401 212
479 205
302 352
425 79
311 235
479 488
273 50
265 71
394 155
123 457
201 77
285 325
238 429
386 453
123 237
449 24
450 427
229 251
278 153
330 88
388 309
76 161
359 342
232 253
497 355
210 198
433 495
22 171
423 409
124 46
145 72
71 94
499 300
345 277
454 175
366 342
484 442
2 343
284 235
95 281
89 306
479 22
300 1
193 223
410 317
270 55
390 341
149 389
141 495
165 94
170 30
437 153
473 440
497 257
174 92
37 264
398 15
286 198
16 480
422 427
296 191
482 186
31 131
17
172 126
240 267
296 271
204 449
243 143
445 500
318 37
37 81
435 52
368 132
69 347
53 496
143 245
477 329
276 107
403 449
233 142
45
28 413
420 478
156 63
423 156
381 460
193 463
395 246
330 27
315 177
81 310
320 326
286 148
102 394
51 50
126 194
267 155
106 187
133 263
250 55
420 131
15 112
93 410
358 424
437 173
100 17
483 421
343 269
69 445
162 120
496 289
314 262
445 421
450 77
184 199
133 103
331 148
216 425
57 73
348 495
247 449
11 229
369 355
498 439
300 160
58 295
90
373 57
393 294
6 471
478 206
103 80
37 251
296 462
309 370
310 303
116 258
314 346
127 169
343 65
469 2
124 264
452 497
321 345
290 328
315 268
34 418
349 71
169 144
33 478
14 343
280 131
101 93
477 229
262 320
294 231
323 419
495 274
416 316
119 206
144 434
474 178
352 322
250 20
467 284
498 482
126 278
112 228
372 89
457 134
409 251
365 231
169 359
5 84
175 124
290 319
58 264
498 410
85 248
431 52
31 428
33 158
206 146
386 77
235 342
211 144
92 75
375 262
435 381
346 109
4 136
429 62
400 426
473 486
174 403
38 205
331 71
363 36
218 249
113 453
90 324
96 183
400 472
445 334
352 291
444 357
427 372
420 327
297 392
313 472
295 351
176 125
423 39
162 140
288 275
92 379
99 189
15
499 161
6 333
12 297
276 370
224 147
289 51
445 181
365 416
476 215
91 101
138 131
263 278
420 38
371 298
138 59
73
136 220
366 469
233 163
244 102
388 391
392 439
336 72
304 251
48 18
343 150
156 474
413 435
393 452
305 191
89 365
50 225
85 417
194 319
79 439
422 468
330 313
407 165
386 210
416 435
228 258
84 385
232 498
319 124
449 124
316 38
490 366
264 74
282 458
394 362
396 315
329 226
128 235
391 14
446 307
449 173
65 33
58 297
30 378
422 480
2 237
17 492
102 281
66 385
239 460
247 134
274 75
361 403
311 251
417 256
57 366
430 122
399 489
420 429
366 341
409 368
78 426
360 181
207 426
65 446
385 312
80 159
388 441
61 199
191 479
455 249
344 385
372 242
373 291
36
238 132
79 106
210 5
466 391
212 392
456 157
276 268
237 436
155 177
498 355
369 477
309 117
320 193
490 62
65 280
233 304
412 313
411 122
319 377
12 30
268 469
188 44
236 425
481 392
102 478
246 471
454 55
88 274
248 78
336 314
358 69
118 270
383 28
392 201
406 405
232 173
76
420 217
109 345
198 0
447 175
247 418
129 302
6 403
50 84
239 365
443 308
484 213
190 11
105 392
418 9
123 90
382 43
308 491
388 5
492 335
181 238
253 310
40 260
213 91
344 452
456 287
260 439
500 451
451 104
342 369
113 466
459 496
9 267
486 397
272 478
232 454
216 486
264 256
245 477
348 89
429 304
376 188
243 375
138 194
479 481
62 92
446 20
87 455
288 73
352 60
50 84
13 266
69 277
22 315
253 371
404 181
174 279
370 417
153 7
111 132
488 173
224 434
194 312
389 482
385 240
41 435
325 54
201 394
331 224
208 84
94 112
266 269
391 135
185 44
143 296
176 131
470 401
15
163 212
453 144
96 193
185 31
17 240
232 412
71 457
120 156
50 232
422 319
122 57
4 166
201 301
343 333
270 244
80
433 456
350 77
52 43
263 83
60 2
316 473
73 272
92 230
323 324
152 141
447 210
146 113
411 447
457 243
216 200
140 149
155 491
227 208
33 490
291 94
492 107
66 65
379 159
295 201
483 448
343 430
157 489
42 67
436 499
311 152
198 451
301 354
442 27
61 475
16 353
69 8
460 136
74 339
295 370
40 278
317 383
207 474
372 250
40 307
248 352
459 447
303 260
300 244
287 362
218 304
215 287
313 174
423 387
13 218
257 53
496 73
436 202
46 308
452 87
114 200
439 72
146 241
332 447
486 119
309 203
424 23
491 237
198 414
123 211
131 380
265 127
454 201
329 500
8 281
87 122
482 26
195 128
268 27
75 253
146 384
92
70 408
447 307
106 361
431 318
492 311
82 118
264 283
448 264
291 229
352 414
211 378
108 339
145 135
414 399
282 298
355 353
206 302
159 312
162 90
129 154
401 212
273 165
496 221
429 287
451 280
200 161
158 309
0 304
445 414
202 227
212 57
79 418
359 239
230 20
329 360
175 229
71 449
395 67
169 323
354 119
103 54
281 261
363 281
65 308
195 267
34 407
324 113
324 183
352 54
204 180
414 379
410 485
327 304
51 497
127 406
116 231
460 397
493 323
178 57
130 373
324 164
279 148
278 103
331 129
157 34
310 71
414 219
55 241
23 107
237 150
13 353
381 473
250 373
295 428
430 426
301 254
89 79
403 367
183 234
497 341
269 306
412 182
25 468
423 48
75 160
199 88
13 79
61 264
453 357
191 383
282 492
137 372
17
39 238
255 273
235 95
41 40
7 224
66 476
147 114
51 307
313 139
321 393
201 84
346 57
275 228
340 267
365 211
339 405
450 93
37
184 189
219 225
197 443
291 172
89 406
223 397
218 363
217 111
63 301
457 121
76 185
461 343
50 172
182 455
121 275
132 305
465 351
29 161
294 321
333 383
226 56
279 445
420 496
55 484
297 12
104 373
198 65
216 248
237 398
203 358
173 335
163 137
186 193
299 480
14 131
362 240
188 141
39
107 137
240 90
434 253
195 307
451 260
22 199
498 421
402 356
93 237
19 231
423 213
29 402
227 161
263 467
350 405
150 457
41 391
47 475
143 242
281 94
2 304
293 0
224 195
357 318
432 376
48 354
88 78
255 315
240 18
282 89
423 433
45 464
323 93
439 467
336 220
60 339
23 353
339 247
47 196
-1
479 71
114 332
160 192
87 475
432 105
256 20
27 188
66 492
11 160
430 478
496 149
37 334
173 391
