542
1 -2 0 -1 -5 -6 1 0 2 9 3 1 -2 0 -1 -5 -6 1 0 2 9 3 1 -2 0 -1 -5 -6 1 0 2 9 3 1 -2 0 -1 -5 -6 1 0 2 9 3 1 -2 0 -1 -5 -6 1 0 2 9 3 1 -2 0 -1 -5 -6 1 0 2 9 3 1 -2 0 -1 -5 -6 1 0 2 9 3 1 -2 0 -1 -5 -6 1 0 2 9 3 1 -2 0 -1 -5 -6 1 0 2 9 3 1 -2 0 -1 -5 -6 1 0 2 9 3 1 -2 0 -1 -5 -6 1 0 2 9 3 1 -2 0 -1 -5 -6 1 0 2 9 3 1 -2 0 -1 -5 -6 1 0 2 9 3 1 -2 0 -1 -5 -6 1 0 2 9 3 1 -2 0 -1 -5 -6 1 0 2 9 3 1 -2 0 -1 -5 -6 1 0 2 9 3 1 -2 0 -1 -5 -6 1 0 2 9 3 1 -2 0 -1 -5 -6 1 0 2 9 3 1 -2 0 -1 -5 -6 1 0 2 9 3 1 -2 0 -1 -5 -6 1 0 2 9 3 1 -2 0 -1 -5 -6 1 0 2 9 3 1 -2 0 -1 -5 -6 1 0 2 9 3 1 -2 0 -1 -5 -6 1 0 2 9 3 1 -2 0 -1 -5 -6 1 0 2 9 3 1 -2 0 -1 -5 -6 1 0 2 9 3 1 -2 0 -1 -5 -6 1 0 2 9 3 1 -2 0 -1 -5 -6 1 0 2 9 3 1 -2 0 -1 -5 -6 1 0 2 9 3 1 -2 0 -1 -5 -6 1 0 2 9 3 1 -2 0 -1 -5 -6 1 0 2 9 3 1 -2 0 -1 -5 -6 1 0 2 9 3 1 -2 0 -1 -5 -6 1 0 2 9 3 1 -2 0 -1 -5 -6 1 0 2 9 3 1 -2 0 -1 -5 -6 1 0 2 9 3 1 -2 0 -1 -5 -6 1 0 2 9 3 1 -2 0 -1 -5 -6 1 0 2 9 3 1 -2 0 -1 -5 -6 1 0 2 9 3 1 -2 0 -1 -5 -6 1 0 2 9 3 1 -2 0 -1 -5 -6 1 0 2 9 3 1 -2 0 -1 -5 -6 1 0 2 9 3 1 -2 0 -1 -5 -6 1 0 2 9 3 1 -2 0 -1 -5 -6 1 0 2 9 3 1 -2 0 -1 -5 -6 1 0 2 9 3 1 -2 0 -1 -5 -6 1 0 2 9 3 1 -2 0 -1 -5 -6 1 0 2 9 3 1 -2 0 -1 -5 -6 1 0 2 9 3 1 -2 0 -1 -5 -6 1 0 2 9 3 1 -2 0 -1 -5 -6 1 0 2 9 3 1 -2 0 -1 -5 -6 1 0 2 9 3 1 -2 50
=> 8343
1084
1 -2 0 -1 -5 -6 1 0 2 9 3 1 -2 0 -1 -5 -6 1 0 2 9 3 1 -2 0 -1 -5 -6 1 0 2 9 3 1 -2 0 -1 -5 -6 1 0 2 9 3 1 -2 0 -1 -5 -6 1 0 2 9 3 1 -2 0 -1 -5 -6 1 0 2 9 3 1 -2 0 -1 -5 -6 1 0 2 9 3 1 -2 0 -1 -5 -6 1 0 2 9 3 1 -2 0 -1 -5 -6 1 0 2 9 3 1 -2 0 -1 -5 -6 1 0 2 9 3 1 -2 0 -1 -5 -6 1 0 2 9 3 1 -2 0 -1 -5 -6 1 0 2 9 3 1 -2 0 -1 -5 -6 1 0 2 9 3 1 -2 0 -1 -5 -6 1 0 2 9 3 1 -2 0 -1 -5 -6 1 0 2 9 3 1 -2 0 -1 -5 -6 1 0 2 9 3 1 -2 0 -1 -5 -6 1 0 2 9 3 1 -2 0 -1 -5 -6 1 0 2 9 3 1 -2 0 -1 -5 -6 1 0 2 9 3 1 -2 0 -1 -5 -6 1 0 2 9 3 1 -2 0 -1 -5 -6 1 0 2 9 3 1 -2 0 -1 -5 -6 1 0 2 9 3 1 -2 0 -1 -5 -6 1 0 2 9 3 1 -2 0 -1 -5 -6 1 0 2 9 3 1 -2 0 -1 -5 -6 1 0 2 9 3 1 -2 0 -1 -5 -6 1 0 2 9 3 1 -2 0 -1 -5 -6 1 0 2 9 3 1 -2 0 -1 -5 -6 1 0 2 9 3 1 -2 0 -1 -5 -6 1 0 2 9 3 1 -2 0 -1 -5 -6 1 0 2 9 3 1 -2 0 -1 -5 -6 1 0 2 9 3 1 -2 0 -1 -5 -6 1 0 2 9 3 1 -2 0 -1 -5 -6 1 0 2 9 3 1 -2 0 -1 -5 -6 1 0 2 9 3 1 -2 0 -1 -5 -6 1 0 2 9 3 1 -2 0 -1 -5 -6 1 0 2 9 3 1 -2 0 -1 -5 -6 1 0 2 9 3 1 -2 0 -1 -5 -6 1 0 2 9 3 1 -2 0 -1 -5 -6 1 0 2 9 3 1 -2 0 -1 -5 -6 1 0 2 9 3 1 -2 0 -1 -5 -6 1 0 2 9 3 1 -2 0 -1 -5 -6 1 0 2 9 3 1 -2 0 -1 -5 -6 1 0 2 9 3 1 -2 0 -1 -5 -6 1 0 2 9 3 1 -2 0 -1 -5 -6 1 0 2 9 3 1 -2 0 -1 -5 -6 1 0 2 9 3 1 -2 0 -1 -5 -6 1 0 2 9 3 1 -2 0 -1 -5 -6 1 0 2 9 3 1 -2 0 -1 -5 -6 1 0 2 9 3 1 -2 50 1 -2 0 -1 -5 -6 1 0 2 9 3 1 -2 0 -1 -5 -6 1 0 2 9 3 1 -2 0 -1 -5 -6 1 0 2 9 3 1 -2 0 -1 -5 -6 1 0 2 9 3 1 -2 0 -1 -5 -6 1 0 2 9 3 1 -2 0 -1 -5 -6 1 0 2 9 3 1 -2 0 -1 -5 -6 1 0 2 9 3 1 -2 0 -1 -5 -6 1 0 2 9 3 1 -2 0 -1 -5 -6 1 0 2 9 3 1 -2 0 -1 -5 -6 1 0 2 9 3 1 -2 0 -1 -5 -6 1 0 2 9 3 1 -2 0 -1 -5 -6 1 0 2 9 3 1 -2 0 -1 -5 -6 1 0 2 9 3 1 -2 0 -1 -5 -6 1 0 2 9 3 1 -2 0 -1 -5 -6 1 0 2 9 3 1 -2 0 -1 -5 -6 1 0 2 9 3 1 -2 0 -1 -5 -6 1 0 2 9 3 1 -2 0 -1 -5 -6 1 0 2 9 3 1 -2 0 -1 -5 -6 1 0 2 9 3 1 -2 0 -1 -5 -6 1 0 2 9 3 1 -2 0 -1 -5 -6 1 0 2 9 3 1 -2 0 -1 -5 -6 1 0 2 9 3 1 -2 0 -1 -5 -6 1 0 2 9 3 1 -2 0 -1 -5 -6 1 0 2 9 3 1 -2 0 -1 -5 -6 1 0 2 9 3 1 -2 0 -1 -5 -6 1 0 2 9 3 1 -2 0 -1 -5 -6 1 0 2 9 3 1 -2 0 -1 -5 -6 1 0 2 9 3 1 -2 0 -1 -5 -6 1 0 2 9 3 1 -2 0 -1 -5 -6 1 0 2 9 3 1 -2 0 -1 -5 -6 1 0 2 9 3 1 -2 0 -1 -5 -6 1 0 2 9 3 1 -2 0 -1 -5 -6 1 0 2 9 3 1 -2 0 -1 -5 -6 1 0 2 9 3 1 -2 0 -1 -5 -6 1 0 2 9 3 1 -2 0 -1 -5 -6 1 0 2 9 3 1 -2 0 -1 -5 -6 1 0 2 9 3 1 -2 0 -1 -5 -6 1 0 2 9 3 1 -2 0 -1 -5 -6 1 0 2 9 3 1 -2 0 -1 -5 -6 1 0 2 9 3 1 -2 0 -1 -5 -6 1 0 2 9 3 1 -2 0 -1 -5 -6 1 0 2 9 3 1 -2 0 -1 -5 -6 1 0 2 9 3 1 -2 0 -1 -5 -6 1 0 2 9 3 1 -2 0 -1 -5 -6 1 0 2 9 3 1 -2 0 -1 -5 -6 1 0 2 9 3 1 -2 0 -1 -5 -6 1 0 2 9 3 1 -2 0 -1 -5 -6 1 0 2 9 3 1 -2 0 -1 -5 -6 1 0 2 9 3 1 -2 50
=> 16686

11
1 -2 0 -1 -5 -6 1 0 2 9 3
=> 178

5
1 -2 0 -1 3
=> 13





242
1 -2 0 -1 -5 -6 1 0 2 9 3 1 -2 0 -1 -5 -6 1 0 2 9 3 1 -2 0 -1 -5 -6 1 0 2 9 3 1 -2 0 -1 -5 -6 1 0 2 9 3 1 -2 0 -1 -5 -6 1 0 2 9 3 1 -2 0 -1 -5 -6 1 0 2 9 3 1 -2 0 -1 -5 -6 1 0 2 9 3 1 -2 0 -1 -5 -6 1 0 2 9 3 1 -2 0 -1 -5 -6 1 0 2 9 3 1 -2 0 -1 -5 -6 1 0 2 9 3 1 -2 0 -1 -5 -6 1 0 2 9 3 1 -2 0 -1 -5 -6 1 0 2 9 3 1 -2 0 -1 -5 -6 1 0 2 9 3 1 -2 0 -1 -5 -6 1 0 2 9 3 1 -2 0 -1 -5 -6 1 0 2 9 3 1 -2 0 -1 -5 -6 1 0 2 9 3 1 -2 0 -1 -5 -6 1 0 2 9 3 1 -2 0 -1 -5 -6 1 0 2 9 3 1 -2 0 -1 -5 -6 1 0 2 9 3 1 -2 0 -1 -5 -6 1 0 2 9 3 1 -2 0 -1 -5 -6 1 0 2 9 3 1 -2 0 -1 -5 -6 1 0 2 9 3
=> 3916

11
10000 -20000 0 -10000 -50000 -60000 10000 0 20000 90000 30000
=> 178

19
1 -2 0 -1 -5 -6 1 0 2 9 3 -450 670 -920 930 127 -300 -1 1000
=> 72

5
1 -2 0 -1 3
=> 13

5
1 2 0 1 3
=> 0