21 12
1 2
48 25
4 6
17 16
71 21
57 22
7 17
15 17
66 22
67 9
7 24
11 26
14 4
21 25
69 14
64 19
52 24
11 11
79 18
39 9
13 23
40 5
65 7
6 18
2 17
42 24
70 3
18 17
1 1
39 16
36 15
29 6
68 9
38 20
59 14
2 22
78 16
8 6
80 6
22 21
63 17
11 5
4 23
9 21
1 2
48 10
66 17
1 21
52 5
51 20
39 5
16 12
33 3
15 11
31 16
70 25
1 1
3 20
49 4
1 2
58 24
24 4
64 8
9 3
22 21
44 20
74 24
1 1
10 9
60 3
23 13
71 9
17 7
78 24
3 7
25 15
24 25
19 12
21 16
57 9
1 2
36 16
40 16
50 10
39 22
47 19
2 26
70 24
10 7
17 20
63 10
0 0