1 2
26 12
37 4
41 10
51 12
40 22
61 11
1 7
73 4
48 11
47 6
63 5
70 11
42 4
75 16
43 19
15 26
11 22
18 17
7 17
39 23
20 16
68 7
29 7
52 20
77 25
11 7
51 20
69 26
47 4
70 21
62 3
1 2
73 25
14 18
60 15
1 1
1 1
22 9
14 7
49 14
13 24
70 15
55 11
2 16
37 18
21 5
3 7
1 10
1 2
73 9
40 20
40 12
39 14
63 22
79 20
28 8
37 24
62 24
48 23
70 10
67 8
1 1
6 14
1 2
6 24
18 4
71 26
35 19
19 10
16 24
1 1
15 17
80 9
62 3
69 24
39 17
39 7
6 20
23 14
48 4
17 5
33 19
50 5
50 4
29 26
15 14
14 10
55 10
36 5
4 12
6 8
43 14
23 15
7 16
60 15
0 0