178
11 10
4 12
2 8
4 5
11 12
5 12
12 10
5 1
0 6
2 9
7 0
6 2
10 8
3 9
0 3
11 0
11 14
3 14
12 14
7 13
5 10
8 12
14 4
11 2
4 14
8 6
7 12
12 5
10 5
3 13
0 7
12 0
4 2
9 4
4 0
3 0
10 14
13 9
0 9
7 6
12 8
14 10
2 11
9 12
7 2
8 4
13 10
5 7
2 6
2 3
8 2
13 4
5 0
13 1
6 3
0 12
5 6
0 1
6 1
9 6
7 11
12 6
13 6
4 13
3 6
9 8
0 2
3 11
1 7
2 7
9 7
8 10
8 3
1 13
9 14
13 0
5 11
0 5
9 10
1 8
4 10
5 8
7 8
6 4
12 7
14 9
2 12
8 11
8 13
3 7
7 3
10 2
3 2
11 5
10 3
6 10
1 12
8 7
1 5
9 3
10 6
1 9
9 13
5 4
12 11
7 5
1 0
4 7
1 14
4 1
11 6
1 11
3 4
3 1
11 1
1 10
7 14
7 10
13 12
12 13
13 8
14 12
7 4
4 8
3 8
14 6
14 7
13 3
13 7
8 14
14 2
12 2
6 11
2 14
10 7
11 9
14 1
14 13
2 1
0 4
14 5
10 0
0 13
2 0
4 6
2 5
1 4
5 9
9 0
5 3
6 5
6 0
2 4
0 10
12 9
1 2
4 9
9 2
13 11
10 4
2 13
4 3
10 1
9 1
13 5
11 8
13 2
8 5
5 13
2 10
11 7
11 4
6 14
10 9
0 14
11 3
4 11
8 0
408
17 13
26 0
14 22
17 24
3 2
2 28
23 5
1 23
15 22
23 3
13 17
15 7
16 23
17 16
20 14
26 1
27 24
16 21
1 14
4 6
14 13
10 6
16 17
24 1
24 20
3 27
21 8
14 24
14 10
15 8
25 21
25 14
26 20
8 1
12 28
7 13
22 17
4 5
26 25
0 7
11 25
6 20
21 9
13 21
22 18
19 1
21 27
13 15
19 28
16 19
28 11
6 27
28 21
24 19
21 25
10 15
23 7
22 13
21 13
0 11
13 8
18 24
5 7
11 24
15 6
17 23
5 13
12 9
8 4
7 25
9 21
21 15
5 4
11 10
12 20
24 6
17 22
28 17
15 17
11 12
7 17
27 2
26 23
9 28
3 0
4 0
23 13
8 10
19 2
26 27
20 22
27 15
20 18
5 26
23 2
11 26
18 28
22 7
20 2
25 16
0 10
2 8
15 9
1 16
28 14
25 17
14 9
13 10
25 1
20 13
12 13
12 19
25 20
9 25
18 8
13 5
20 8
6 24
26 3
26 14
1 7
4 19
21 14
13 11
25 26
13 25
16 28
6 17
21 12
15 0
23 6
14 1
17 10
24 26
10 11
2 19
12 3
16 11
3 21
12 23
23 8
20 12
3 1
7 24
6 13
11 23
27 12
17 20
7 9
6 26
0 28
5 11
19 0
20 11
23 12
19 11
4 14
17 6
27 21
18 13
6 15
11 6
10 7
5 9
6 5
11 27
20 27
20 17
7 21
14 4
15 4
3 24
6 3
14 25
24 25
27 22
24 14
9 15
19 25
11 7
15 25
20 24
25 22
24 21
23 17
19 20
6 25
6 4
27 25
2 23
8 25
7 16
19 22
7 3
25 8
4 13
10 4
10 24
13 3
18 20
4 9
15 21
23 24
19 18
19 27
1 13
19 16
11 1
3 28
26 16
10 19
9 19
1 24
12 11
1 8
16 4
26 6
2 10
7 27
0 27
5 21
14 18
1 9
28 6
12 7
27 3
13 28
0 4
4 27
15 12
20 16
24 18
7 19
4 20
3 8
5 15
26 15
9 16
17 21
2 12
25 13
22 24
18 14
12 26
2 27
13 18
18 25
27 23
5 3
14 7
8 16
6 0
2 7
2 9
13 27
23 25
10 13
8 24
2 18
4 10
21 24
12 15
25 12
2 15
8 15
28 23
22 10
21 10
0 9
11 15
1 26
7 23
21 28
13 2
18 10
19 24
2 25
16 10
11 2
18 7
26 18
7 1
22 8
15 18
13 1
21 16
7 4
15 24
17 5
28 19
20 7
1 10
28 1
8 9
11 18
5 14
14 17
25 9
26 17
17 18
21 17
18 27
26 11
1 12
10 2
6 2
22 3
28 4
22 15
18 4
0 5
17 3
27 9
27 0
6 11
21 19
2 26
6 18
24 27
20 0
21 1
25 15
3 16
25 23
10 1
8 18
21 18
8 5
11 22
28 20
20 25
13 16
0 17
12 22
9 8
6 14
8 2
28 16
15 2
5 22
6 23
11 16
10 8
22 14
10 0
12 4
12 5
16 12
16 25
2 11
22 4
1 5
0 23
7 5
18 17
2 4
15 28
1 18
2 3
13 0
2 0
23 0
19 23
6 19
24 15
9 18
2 5
2 16
6 10
17 11
8 11
12 0
20 26
23 15
22 19
13 9
14 20
10 21
9 11
14 16
1 20
20 19
9 4
20 6
0 15
4 1
0 2
0 24
13 14
18 21
7 2
25 19
13 4
25 5
4 25
3 23
3 17
20 15
20 9
18 0
4 8
11 4
3 12
1 28
8 23
18 1
4 12
23 1
68
0 6
10 8
0 10
8 2
4 3
2 5
11 4
7 10
2 9
0 5
5 0
0 7
5 4
6 8
11 1
4 11
11 7
10 4
1 8
5 11
9 2
8 0
9 7
3 9
9 10
1 6
8 9
0 2
1 2
10 7
6 11
8 7
5 10
2 8
5 9
6 0
8 1
3 7
5 6
6 4
4 2
0 8
9 5
9 1
4 1
11 8
3 11
0 1
10 6
1 4
2 6
11 6
7 5
7 4
10 11
3 2
10 3
4 0
1 11
11 9
11 5
4 8
10 9
2 3
5 7
5 2
3 1
0 9
389
20 13
7 6
19 16
8 17
0 7
23 14
14 2
5 7
10 1
23 13
21 1
21 9
14 11
13 23
18 10
0 2
15 20
14 17
8 23
1 6
8 16
21 10
0 14
7 4
19 4
1 22
10 14
18 23
15 16
13 20
3 6
20 11
3 9
11 4
23 10
23 6
23 1
11 8
14 0
0 15
10 8
23 4
14 15
22 19
1 12
19 22
22 23
8 3
21 13
3 0
2 12
23 2
2 4
0 20
3 12
15 18
19 6
20 9
19 23
8 9
6 16
14 4
12 5
3 10
15 10
12 19
23 0
11 3
8 6
16 14
3 5
7 2
8 10
9 12
3 13
6 1
12 4
16 18
21 3
19 11
2 22
13 21
21 4
16 4
6 0
21 20
4 9
16 23
1 8
17 15
3 14
1 17
18 7
17 6
3 23
13 6
19 8
16 3
9 11
19 14
2 1
15 8
21 14
19 1
8 13
19 20
8 12
6 8
22 4
23 19
10 6
16 8
17 12
5 4
17 1
4 20
10 3
20 2
12 9
20 23
22 9
5 1
2 13
13 12
4 15
14 21
7 3
9 7
18 20
14 18
20 6
5 3
6 14
20 0
7 12
21 15
19 5
6 4
9 18
5 14
10 21
17 16
8 18
0 22
10 22
10 7
20 7
14 10
3 2
4 22
14 12
14 22
17 18
14 1
13 19
10 20
12 7
7 9
22 5
2 18
1 2
2 14
18 14
18 11
17 14
4 2
1 0
7 21
20 1
23 15
1 13
2 3
20 15
8 2
9 14
6 20
9 19
21 7
1 3
10 19
5 2
20 5
11 23
23 3
3 1
18 0
23 11
18 22
15 19
9 5
6 15
0 21
23 20
0 6
20 19
1 7
2 7
23 21
12 0
13 14
15 13
13 18
18 4
2 23
1 14
22 2
18 12
4 17
7 17
9 2
4 6
3 20
7 1
2 20
5 10
20 3
17 13
7 14
19 10
16 20
21 6
13 10
19 21
10 13
7 11
11 19
15 14
21 18
17 23
4 11
17 21
21 11
22 7
16 11
19 2
6 17
5 18
17 8
0 16
14 7
2 11
1 15
12 22
18 1
15 17
8 7
14 5
14 9
0 1
10 4
2 15
22 20
0 3
22 12
18 2
11 9
17 5
8 11
6 19
11 6
12 3
11 10
5 17
7 16
4 18
9 13
12 23
1 11
6 2
10 16
6 23
23 17
6 10
0 17
19 18
4 8
18 3
23 8
0 4
22 11
19 0
5 15
15 2
6 3
5 12
15 12
16 19
4 7
14 8
18 21
6 7
5 19
15 9
8 15
0 23
3 17
20 8
13 8
18 8
2 8
4 19
7 0
8 5
2 9
18 17
6 12
4 16
8 20
4 1
7 10
12 15
16 10
0 5
3 4
22 3
1 10
4 10
13 11
14 16
18 13
18 5
11 13
5 9
13 16
5 6
5 13
23 12
1 19
4 12
17 22
14 19
22 21
3 16
22 0
12 1
18 15
16 22
11 17
10 17
12 21
7 22
10 11
12 14
14 23
13 15
9 4
18 19
21 23
4 14
16 21
21 2
10 18
22 13
19 9
23 22
16 5
22 15
19 7
19 17
1 23
11 16
6 13
17 2
9 23
15 3
16 2
14 6
4 23
20 18
0 9
0 11
10 2
12 20
3 19
22 8
18 16
5 0
3 21
5 20
9 21
9 10
13 7
8 4
3 11
15 7
7 13
11 7
16 0
0 8
369
12 19
4 3
19 14
11 10
8 18
8 17
1 16
5 13
9 20
16 20
1 18
16 15
15 20
12 11
8 12
11 8
7 3
10 12
18 11
15 18
9 13
13 0
12 4
7 8
14 2
9 10
14 1
16 7
12 15
15 14
20 6
2 12
6 4
10 11
17 19
10 0
1 13
18 10
4 8
17 11
18 7
5 17
5 1
0 6
17 2
11 1
9 6
14 19
10 9
6 3
20 5
7 2
1 17
20 3
19 17
17 3
11 12
2 20
8 16
11 14
10 8
15 0
18 1
9 2
19 8
18 16
5 2
18 2
5 3
8 20
13 3
15 12
5 8
20 2
19 12
5 0
12 1
0 9
19 2
17 13
8 10
14 13
14 5
2 9
17 5
9 8
9 19
11 5
20 11
15 6
20 8
12 8
1 14
19 0
17 15
6 12
17 10
0 17
3 6
6 15
8 0
12 18
0 20
8 11
7 6
9 17
3 15
5 11
20 4
12 13
4 13
2 3
2 13
9 14
10 16
14 20
15 13
1 7
18 13
20 15
19 20
4 20
7 18
14 9
5 14
12 16
15 5
4 18
9 5
16 5
0 13
0 10
0 14
12 9
5 20
4 19
0 18
13 2
0 3
15 2
6 9
18 8
16 11
3 8
19 10
1 15
3 0
11 2
17 14
5 15
2 4
13 10
15 7
16 1
6 7
13 5
14 6
3 13
5 4
14 11
7 0
15 8
15 19
3 2
14 16
19 15
8 14
15 17
19 3
18 9
7 9
3 16
14 4
5 18
11 13
20 17
20 16
20 14
18 17
10 2
7 15
2 15
18 0
6 20
8 5
11 9
19 1
6 1
14 17
12 0
2 10
13 4
14 12
6 0
6 13
13 6
10 4
13 8
4 16
9 15
13 12
19 18
3 18
14 7
18 4
19 6
15 16
20 1
11 3
13 1
10 7
10 14
15 4
18 5
2 18
16 2
8 6
16 8
4 5
13 20
0 15
7 1
9 1
16 14
5 7
8 1
10 18
18 15
2 8
15 9
6 18
20 13
16 19
11 7
2 0
20 18
7 5
1 0
1 9
12 7
4 10
17 1
10 1
1 19
4 0
18 3
10 13
8 7
11 17
9 7
3 11
16 9
2 1
17 8
0 2
3 17
6 11
8 13
7 11
16 6
3 5
17 6
7 4
20 10
4 15
14 15
13 7
16 13
9 12
3 4
15 10
2 19
7 13
7 20
4 1
19 9
18 20
1 12
5 10
11 18
8 4
18 6
16 4
12 5
8 9
4 17
19 13
0 8
6 2
13 18
13 11
3 12
3 19
17 16
1 4
6 10
5 12
18 14
16 18
7 10
10 3
4 6
13 19
13 16
17 20
2 16
3 20
6 19
8 2
3 7
19 11
11 4
9 3
11 19
2 7
8 19
17 4
12 2
1 11
18 12
16 17
19 4
19 7
13 9
1 8
6 8
6 5
14 8
0 4
12 14
9 11
17 7
0 1
12 6
10 17
14 0
17 18
0 16
11 16
18 19
10 15
17 0
9 16
0 7
14 10
6 14
8 3
12 17
1 6
10 19
0 5
15 1
6 17
13 14
7 19
19 16
6 16
11 0
5 9
4 7
13 17
15 3
2 6
3 1
1 10
20 0
2 11
15 11
7 14
82
2 12
8 9
11 12
12 0
0 11
6 0
1 2
3 4
12 4
10 5
2 0
11 1
4 9
9 5
9 7
2 4
0 6
4 12
3 10
6 12
11 0
2 11
7 6
7 3
8 4
6 4
5 3
9 1
0 2
0 4
7 8
0 3
12 2
12 1
5 8
10 2
12 3
0 12
4 3
4 10
5 1
3 0
7 0
11 4
5 0
4 6
1 4
5 10
6 7
7 5
10 3
10 4
1 7
4 0
9 3
0 7
8 7
2 8
2 9
4 11
9 11
5 12
10 0
5 2
5 9
8 2
7 4
9 10
4 7
7 10
12 10
1 10
1 9
2 1
5 7
1 5
0 5
6 3
3 2
2 6
6 10
7 11
18
4 0
0 1
2 0
3 2
4 3
1 2
3 0
1 4
2 4
3 1
0 2
1 0
0 4
3 4
2 3
0 3
2 1
1 3
211
0 10
7 15
13 4
11 5
0 13
1 8
9 0
14 12
13 7
15 2
13 6
11 15
0 2
8 9
2 8
15 0
14 5
5 13
16 13
10 5
13 8
3 10
8 15
6 10
5 0
8 4
2 3
11 10
0 7
14 1
13 1
1 16
12 15
7 3
3 7
3 16
2 5
9 1
8 1
1 14
14 6
7 10
5 12
0 11
15 5
6 12
3 8
14 2
2 1
14 15
13 0
6 1
5 8
1 15
2 6
0 16
4 1
11 7
14 7
11 12
10 8
9 10
16 10
8 12
1 5
9 16
4 10
1 2
2 10
7 12
14 13
2 0
12 1
14 3
16 0
9 15
10 1
9 3
14 4
10 13
12 11
7 9
8 2
14 16
16 11
10 3
5 7
8 7
0 12
7 11
3 5
2 11
6 14
6 7
11 6
0 6
16 8
10 9
3 4
15 11
13 3
10 7
3 9
7 14
8 13
5 14
8 16
16 6
4 15
0 8
7 1
4 2
8 14
0 15
8 0
13 12
7 8
0 14
1 13
12 0
6 0
15 8
13 16
11 8
10 6
6 3
14 9
15 12
15 10
3 15
9 11
16 15
13 14
5 10
4 11
4 9
1 6
15 13
3 11
1 3
9 14
0 1
16 4
2 12
4 0
5 9
4 5
0 3
16 12
2 9
6 13
7 4
7 13
1 9
4 14
8 5
16 3
0 9
15 1
11 4
5 3
9 6
5 15
4 6
5 4
13 15
11 16
0 5
10 14
4 8
2 13
12 14
12 3
2 14
9 2
4 12
3 2
16 1
15 16
12 10
12 4
12 7
3 0
13 5
14 8
5 2
15 9
7 5
6 4
9 4
11 3
1 4
13 9
4 7
14 11
16 2
11 9
8 10
9 8
6 5
10 15
12 13
11 13
1 10
16 7
8 3
1 11
9 7
16 14
9 13
3 14
109
1 7
1 9
11 6
6 14
10 5
7 4
12 5
9 2
4 7
2 12
13 6
10 6
10 14
0 6
3 1
12 2
5 9
9 5
4 6
10 2
5 8
12 8
8 10
11 14
8 7
13 9
2 6
1 10
11 2
0 14
3 6
1 6
6 5
11 8
3 4
10 7
14 11
8 5
0 13
3 0
5 10
3 11
3 2
1 12
2 1
11 4
2 11
9 8
1 8
11 3
11 12
0 11
10 4
6 2
3 5
8 12
2 4
9 0
2 5
0 9
6 9
4 11
10 1
12 13
11 0
3 8
8 1
4 14
7 14
10 12
0 4
14 0
13 3
9 13
6 4
6 3
8 6
3 10
4 13
1 5
3 14
11 5
6 7
1 14
14 7
9 4
3 12
2 10
8 2
3 13
2 3
5 14
6 10
14 13
2 0
12 1
1 3
1 4
11 13
5 0
13 2
7 10
12 9
3 7
7 1
0 10
8 9
12 10
7 8
3
0 1
0 2
2 1
5
2 0
0 1
1 2
1 0
2 1
223
10 15
0 2
12 0
7 13
0 3
6 4
1 6
12 3
15 8
9 12
8 9
2 0
12 6
7 15
15 7
11 6
4 7
0 5
16 8
14 15
15 11
10 14
4 8
8 2
6 16
10 7
5 2
0 9
5 16
0 4
10 16
16 9
13 10
16 11
13 14
3 8
8 1
5 15
9 10
15 9
3 13
12 1
14 16
11 2
15 0
5 1
1 3
16 0
1 5
12 15
0 7
4 11
14 3
10 5
4 3
10 8
10 6
13 2
1 15
13 9
9 15
14 11
8 16
0 6
7 12
2 14
0 15
6 5
0 11
10 1
1 0
14 12
7 11
9 7
2 1
7 6
10 12
10 4
1 4
11 5
5 8
1 11
6 2
3 10
10 9
13 8
3 16
5 0
14 9
1 12
11 12
7 14
9 1
1 13
12 9
11 9
6 13
15 12
12 13
6 3
16 13
11 7
8 0
4 10
8 4
13 0
13 4
2 12
10 3
7 8
0 13
9 5
8 14
5 9
6 14
7 2
8 15
3 2
15 5
16 12
11 10
5 3
9 3
1 10
10 11
3 6
0 8
4 6
14 1
7 1
2 6
8 12
8 11
6 0
6 12
13 3
16 2
13 6
2 8
9 6
4 9
2 16
12 11
14 8
15 13
16 4
0 10
5 7
9 8
2 4
9 11
2 10
13 15
2 11
1 8
13 5
16 5
15 14
2 9
3 14
5 13
5 12
3 15
3 5
2 5
8 6
12 16
3 9
15 2
14 7
8 10
0 14
0 1
11 1
4 0
12 8
6 7
9 2
4 14
7 9
3 11
9 16
1 7
15 3
14 10
14 13
11 4
5 11
7 4
14 5
11 15
3 0
12 4
12 14
7 10
10 13
4 2
9 4
6 11
14 2
11 14
12 2
9 0
3 4
14 0
15 6
4 1
11 13
6 9
7 5
7 3
8 5
6 1
2 3
16 15
12 10
4 12
3 12
6 10
4 16
15 16
15 1
8 13
563
1 7
19 23
7 23
13 0
13 10
3 21
13 3
2 20
6 1
7 9
9 22
1 6
10 22
8 17
6 14
17 16
17 24
24 18
20 11
19 9
17 4
3 11
21 20
2 3
7 11
15 14
13 8
19 6
4 8
8 9
17 1
9 12
12 9
23 18
8 24
0 20
22 4
0 14
19 18
24 0
19 0
22 23
23 16
19 1
8 16
1 5
10 15
20 22
18 22
20 13
2 9
14 22
5 10
16 7
9 13
23 4
12 24
16 6
5 20
19 7
22 6
5 18
0 11
18 20
23 14
18 13
17 0
14 2
0 15
8 10
20 23
3 10
8 4
11 6
10 24
2 15
23 10
14 1
1 12
12 13
8 5
21 12
23 19
7 8
17 20
21 5
16 12
18 2
10 12
22 7
14 0
20 7
6 22
16 21
13 17
21 24
5 6
16 23
24 14
8 18
6 7
4 20
4 10
23 20
8 1
15 5
14 17
3 8
5 11
16 19
23 5
14 9
17 2
22 21
7 0
24 4
15 18
6 5
0 10
9 8
17 14
13 6
17 23
13 20
23 7
16 11
20 10
20 6
15 7
8 23
5 22
18 11
8 19
0 3
15 22
6 16
22 13
2 10
2 8
12 20
5 19
6 2
0 22
21 9
15 3
9 3
20 15
11 17
11 0
10 11
12 5
14 23
13 7
21 11
19 14
16 14
24 11
20 19
7 15
11 7
7 17
14 5
14 19
4 13
23 8
12 11
18 12
15 6
10 17
24 7
12 22
17 12
21 1
3 20
1 11
15 13
24 20
24 12
12 1
12 2
23 21
9 7
5 24
16 13
9 16
7 1
22 8
4 19
15 2
7 16
14 20
10 7
1 14
20 24
17 9
14 15
9 24
16 24
1 17
11 21
3 24
7 21
6 8
11 24
15 19
17 11
7 5
1 4
8 2
15 24
1 24
7 24
23 24
17 3
7 2
5 12
10 20
2 5
15 16
12 0
18 7
11 5
2 1
1 2
1 20
13 5
17 6
5 3
18 16
22 12
13 16
16 4
5 9
11 2
16 22
17 10
24 19
2 16
18 8
18 24
6 15
3 15
1 3
19 11
16 20
5 16
24 16
4 17
4 21
0 12
12 6
6 23
22 2
15 23
18 3
6 24
3 1
19 12
22 0
24 5
13 23
14 18
15 0
21 10
21 15
4 9
3 19
13 19
6 20
6 4
13 1
3 23
9 23
22 3
4 18
0 8
18 10
20 8
8 15
9 11
23 17
0 23
12 3
20 4
23 15
7 12
10 6
20 2
15 8
5 8
22 16
12 23
4 22
24 10
11 22
17 18
23 6
23 9
16 3
19 10
8 12
4 14
18 14
10 18
6 0
7 4
18 6
14 13
19 5
8 13
14 7
9 20
19 8
20 17
12 14
5 1
9 18
14 12
24 17
18 0
19 21
21 7
5 23
18 4
1 23
15 17
14 21
22 24
1 13
1 16
4 12
11 12
19 2
5 4
16 18
2 18
4 0
8 21
12 15
7 10
16 1
21 22
11 9
4 24
0 21
7 18
6 3
19 3
22 17
23 2
0 16
2 21
13 18
3 22
24 6
9 4
0 24
20 12
15 20
4 6
3 13
21 2
24 22
10 13
21 0
16 8
15 9
11 18
10 19
4 16
11 4
9 0
22 1
16 5
14 10
12 16
2 11
23 13
3 7
2 24
15 1
12 10
16 2
18 1
3 4
23 0
6 18
20 16
17 13
4 1
19 17
8 20
14 3
24 9
6 10
21 4
3 18
0 1
0 17
2 0
12 21
7 19
11 1
12 4
17 8
21 17
10 4
16 10
10 3
7 6
19 16
10 21
10 1
10 9
15 12
7 3
1 19
2 23
13 14
3 2
6 19
11 16
2 17
9 15
18 17
6 21
4 23
1 22
19 4
19 22
8 7
0 19
6 12
18 23
2 6
2 13
22 10
22 20
3 17
17 15
21 18
24 15
13 15
3 5
9 6
22 19
11 20
17 5
14 16
2 4
0 13
15 21
10 5
14 11
5 0
0 7
2 22
13 9
12 7
3 16
4 5
24 21
17 19
4 7
23 3
18 9
18 5
16 0
6 13
0 18
4 11
13 4
13 2
0 4
22 14
22 11
18 19
10 8
17 22
18 21
11 13
5 7
11 14
10 16
20 18
11 10
23 1
19 13
9 21
24 3
5 13
20 9
14 4
20 0
5 21
21 8
12 17
18 15
12 8
13 21
21 6
4 15
2 19
24 23
1 8
22 18
14 8
0 2
20 1
13 11
7 20
22 9
13 22
0 6
3 9
13 24
21 23
24 2
14 24
10 14
16 17
6 11
15 11
0 9
7 22
8 11
1 18
20 21
11 15
8 6
11 19
6 9
3 12
2 14
9 2
1 9
1 15
23 12
14 6
20 5
22 5
8 0
20 3
22 15
21 3
5 14
21 19
24 1
3 6
9 1
17 21
17 7
21 13
7 13
21 16
9 14
19 24
16 9
9 17
5 15
5 2
9 19
20 14
593
8 22
10 4
3 0
20 1
25 8
16 4
8 15
6 1
6 5
19 1
0 6
16 3
0 22
11 9
25 17
19 15
15 23
4 13
1 9
11 15
2 17
19 2
25 5
18 17
17 14
21 12
23 10
8 14
17 8
21 17
18 9
14 6
0 11
2 13
1 23
16 9
4 5
21 4
15 17
2 23
17 9
8 20
9 11
2 24
23 15
12 7
21 7
9 8
25 14
6 15
7 19
1 15
25 11
23 11
21 10
7 20
9 19
17 20
15 22
6 16
2 22
10 18
19 23
23 16
18 11
0 3
1 11
7 8
23 12
2 14
1 5
11 22
5 13
0 7
1 0
7 21
16 2
24 16
20 21
14 18
24 10
9 23
3 24
3 8
20 19
14 23
13 9
6 12
12 4
3 4
2 1
14 15
8 5
4 22
14 9
3 1
18 20
25 21
5 18
3 20
4 23
21 9
9 20
4 3
13 8
18 4
18 16
24 22
11 2
12 8
6 2
8 9
5 8
2 19
8 24
10 0
11 20
11 21
20 12
4 6
10 2
12 25
13 6
13 1
24 2
12 11
22 20
0 12
18 15
24 8
1 4
23 7
24 17
17 10
22 13
3 19
21 13
25 1
23 2
24 20
13 23
2 18
12 23
22 14
19 8
14 4
25 18
17 15
0 9
25 10
24 12
5 7
10 19
9 10
9 3
11 23
21 22
3 16
9 7
14 11
13 12
1 22
19 14
6 19
17 19
19 18
23 8
17 24
18 7
4 10
5 9
19 0
21 15
15 20
16 23
23 18
7 1
20 22
25 7
16 18
22 25
14 17
9 18
8 16
11 24
13 2
2 12
0 19
16 14
16 8
20 9
12 3
1 16
2 21
10 24
9 4
14 13
21 16
23 20
25 22
25 9
16 22
1 2
23 4
21 25
9 1
8 12
25 0
11 13
12 14
13 10
0 1
20 4
10 6
20 10
19 17
17 12
14 5
20 24
17 21
10 17
24 6
0 4
10 16
10 13
11 3
12 10
16 12
0 15
12 1
18 0
10 11
11 4
18 6
23 1
11 18
25 3
15 12
3 17
3 5
9 15
19 6
19 10
21 8
2 25
6 17
19 21
5 17
24 14
15 4
21 1
22 10
4 18
12 9
13 0
8 17
15 6
22 5
4 8
3 2
7 2
19 3
11 8
14 24
11 14
13 19
25 2
2 7
5 22
24 15
25 24
1 21
9 13
9 22
7 10
8 2
15 9
10 5
2 11
11 16
23 14
21 11
13 24
7 0
6 4
22 2
23 3
14 16
14 1
1 19
17 23
18 14
19 4
22 3
12 5
25 20
20 2
1 7
5 12
22 12
15 25
16 21
14 2
20 8
25 4
9 5
6 9
12 16
14 3
20 7
21 18
1 24
12 20
3 23
2 9
8 0
11 6
3 15
22 23
22 9
7 16
18 12
10 9
22 7
16 20
8 21
0 14
14 12
10 3
7 24
11 17
24 3
17 11
18 10
17 3
19 25
15 21
12 6
20 16
13 11
20 11
6 20
21 5
5 24
5 21
12 13
25 6
11 12
23 0
16 10
17 5
7 13
6 0
18 24
16 15
6 13
12 24
24 4
15 11
16 24
4 24
22 19
21 20
4 16
1 25
10 12
15 13
15 2
5 10
5 2
0 8
24 9
14 25
21 23
1 3
18 22
3 6
9 2
8 13
2 10
18 23
18 19
17 0
14 22
23 17
8 25
19 7
5 3
1 13
9 16
15 16
0 10
22 6
13 15
3 11
8 4
16 19
12 0
9 14
4 0
4 9
18 21
0 16
19 20
17 6
7 17
0 17
0 24
22 0
6 24
10 15
5 25
15 3
15 10
21 6
14 21
8 1
1 10
5 15
1 6
19 11
18 1
13 17
8 6
8 18
7 22
15 18
1 17
8 7
11 1
3 18
13 20
1 20
9 21
18 5
13 22
23 24
24 1
7 6
16 0
18 25
12 15
20 15
0 13
7 25
3 7
24 5
24 0
8 11
3 14
4 20
2 8
24 23
6 8
10 7
7 14
17 22
5 1
16 5
12 17
22 18
11 25
6 18
5 19
22 24
22 15
7 3
5 11
24 11
13 4
15 8
9 0
22 21
17 7
8 23
0 18
13 16
6 23
2 20
6 14
11 0
20 25
10 22
23 13
7 5
19 12
10 8
20 13
24 13
20 3
20 23
4 14
5 14
24 7
24 21
1 14
13 25
13 14
9 12
12 18
8 19
18 3
0 5
4 15
3 25
2 5
18 2
21 24
16 1
4 17
15 24
7 11
11 5
5 16
14 0
1 18
11 10
6 3
20 0
10 14
24 18
16 6
6 10
4 7
17 18
21 3
24 25
1 12
22 16
12 2
22 4
4 11
15 1
19 5
7 4
17 16
6 22
14 7
12 21
9 6
14 19
10 25
14 20
10 1
25 15
8 10
2 15
0 25
7 15
4 2
4 12
16 13
20 17
23 9
13 7
17 4
0 2
25 23
9 24
0 21
19 9
16 7
19 16
19 24
13 3
15 5
5 4
20 6
22 8
2 0
17 1
25 19
17 25
6 21
7 23
23 19
0 23
21 14
19 13
13 21
5 20
23 22
3 13
3 21
1 8
13 5
7 18
22 17
4 1
16 25
3 22
23 5
25 13
230
1 17
10 14
4 17
15 11
5 8
8 10
6 12
14 8
10 5
2 13
0 15
15 6
1 4
7 10
0 4
3 0
6 4
16 0
5 15
6 8
12 10
15 9
3 14
0 3
8 15
13 2
6 5
13 8
17 2
13 15
3 6
3 1
3 11
8 3
7 11
11 10
13 3
8 14
16 12
4 15
3 7
0 17
4 13
0 11
12 17
10 0
12 1
9 1
0 9
1 7
11 4
7 8
2 12
15 13
13 9
12 6
4 3
17 10
2 6
2 17
4 5
5 17
12 8
9 15
15 8
11 2
2 4
15 17
8 17
12 0
9 6
1 11
12 15
7 15
4 11
1 3
8 16
16 11
11 16
13 16
7 5
1 0
12 2
10 17
5 1
4 8
12 14
6 14
13 17
16 5
14 9
2 3
10 1
14 10
14 7
3 4
2 7
7 12
7 14
3 9
12 16
14 3
16 2
0 1
13 14
8 0
1 2
9 8
15 4
15 0
14 13
3 8
17 4
3 16
12 4
3 5
8 7
3 2
6 16
9 13
17 13
6 0
13 4
5 4
2 16
7 3
17 5
10 15
13 7
10 13
2 5
15 10
10 16
7 2
6 11
7 0
2 8
2 9
14 16
10 9
6 7
2 11
9 3
14 2
15 2
12 7
14 0
11 15
0 14
1 6
14 11
9 12
16 17
0 10
8 1
5 3
16 14
16 6
10 2
11 9
1 12
3 13
0 12
6 9
11 3
5 2
1 16
7 4
16 13
14 17
17 12
1 10
15 12
17 3
16 1
8 5
4 10
3 12
13 12
4 12
7 9
6 13
11 17
15 14
11 6
8 11
0 8
9 17
16 10
14 6
14 12
16 4
9 0
13 11
5 9
9 16
11 7
9 11
8 4
17 16
10 7
0 5
16 9
13 6
6 15
9 5
17 11
12 9
7 16
8 13
15 16
10 6
0 13
12 3
10 8
8 9
11 0
11 12
5 0
5 7
4 7
17 1
0 6
12 5
7 6
17 9
2 0
8 2
12 13
9 4
178
9 11
6 7
6 4
2 7
13 11
8 9
16 6
13 16
15 7
8 1
11 12
2 11
17 7
16 10
17 5
12 5
17 2
17 15
13 14
12 8
15 11
12 3
18 8
5 10
11 17
13 15
13 17
4 16
14 18
4 8
0 15
17 9
2 10
1 17
1 8
13 6
6 2
8 7
1 3
17 14
3 5
10 6
10 2
10 9
11 4
7 9
7 14
1 12
15 17
16 7
15 16
0 10
2 3
8 14
13 3
6 17
1 13
10 5
14 16
12 0
6 9
8 17
8 5
11 1
15 1
13 12
13 0
6 11
4 7
4 17
14 12
0 17
18 6
7 13
11 2
3 6
16 18
15 5
18 0
6 8
7 15
11 9
11 3
11 0
12 11
9 14
10 15
9 7
3 4
17 0
4 18
7 6
13 4
4 5
11 8
16 3
3 16
2 8
6 16
17 12
2 16
18 16
14 5
14 3
9 15
8 4
3 0
0 9
5 16
0 7
4 13
11 10
3 17
6 15
3 14
8 16
11 14
16 2
4 15
2 12
14 6
14 7
1 11
10 11
0 12
7 16
16 5
15 10
9 4
10 18
5 17
7 3
8 6
16 14
0 3
18 7
2 1
3 9
15 13
12 10
3 8
4 0
9 5
9 16
12 14
1 18
9 1
2 14
14 2
4 11
12 18
1 9
0 13
11 15
5 6
9 12
5 11
6 1
12 6
8 10
4 12
18 17
8 13
18 1
14 13
18 11
6 13
5 3
10 13
13 8
18 13
6 10
9 10
3 18
16 8
13 9
0 14
5 18
2
1 0
0 1
