2
1 0
0 1
47
6 4
6 7
0 1
4 6
3 2
5 7
5 6
7 5
6 0
3 0
4 7
7 6
3 4
6 5
7 3
1 5
5 2
5 1
4 1
0 2
2 6
4 0
4 3
7 2
7 1
0 3
1 6
2 1
3 5
5 4
6 2
3 7
5 3
0 6
3 6
1 3
6 1
7 0
1 0
5 0
0 5
1 4
0 7
2 4
1 7
7 4
1 2
478
8 20
1 17
7 0
12 8
22 15
18 13
13 19
19 10
10 1
5 15
6 15
9 3
21 10
3 1
18 4
0 5
10 12
20 11
14 1
13 7
11 1
9 15
12 7
15 5
17 7
7 13
0 16
7 11
21 11
15 1
22 2
13 11
22 21
7 20
7 15
0 22
0 10
9 17
18 12
8 3
6 3
1 15
17 12
21 12
10 21
20 22
5 3
19 12
0 8
0 19
20 14
6 20
16 4
19 8
10 5
17 11
19 13
9 1
19 17
5 22
10 11
11 3
3 19
3 15
16 18
10 4
5 2
1 12
21 3
4 21
11 0
11 7
4 15
13 4
10 2
8 5
9 18
2 1
22 4
18 8
8 14
20 17
7 21
21 19
19 3
7 14
9 21
1 3
7 16
2 9
2 3
3 12
16 0
12 13
3 18
22 3
13 9
15 18
7 22
16 22
18 19
4 7
2 16
17 5
5 14
20 4
12 2
6 4
12 9
2 11
6 9
0 20
16 2
2 0
7 6
2 15
11 9
8 22
9 0
3 4
17 4
3 6
11 8
20 1
16 5
14 0
16 6
22 10
14 17
19 2
15 12
1 14
1 11
15 11
22 18
7 9
14 20
21 0
18 17
18 15
10 15
9 5
10 20
20 2
4 2
11 15
4 20
6 17
8 10
19 1
21 13
0 1
9 8
3 14
16 7
20 21
22 13
20 19
3 10
21 9
13 17
21 4
12 4
17 3
10 0
1 22
8 7
0 17
22 19
22 11
2 10
20 3
8 1
21 14
6 11
13 8
22 7
21 1
18 1
16 3
15 13
9 4
7 3
7 17
17 9
1 6
17 22
18 22
15 20
12 5
14 16
0 13
14 3
2 22
17 21
13 22
2 14
18 20
14 9
0 14
6 1
14 22
0 18
1 4
15 9
11 16
8 0
17 1
8 15
15 21
15 2
15 16
13 15
13 16
13 0
0 9
7 8
14 19
13 21
3 9
8 19
20 7
10 14
17 2
0 11
12 21
19 5
21 7
4 12
1 13
10 6
5 16
11 5
11 12
2 19
18 5
3 20
21 22
10 17
2 5
0 3
15 4
19 9
17 14
12 1
11 20
20 9
16 14
15 14
5 20
14 12
4 1
3 16
8 16
14 18
19 0
14 15
12 17
2 20
13 14
19 20
13 12
12 22
15 22
5 11
22 5
10 22
1 21
4 10
22 20
22 16
16 15
18 7
9 11
3 8
7 1
5 17
8 2
20 18
20 6
12 19
9 6
2 12
16 17
13 3
12 6
7 12
10 3
19 11
1 2
8 4
14 10
9 10
20 5
8 13
16 20
7 4
6 22
12 3
10 13
10 8
15 0
4 8
18 6
16 19
8 17
15 10
1 8
6 5
2 21
15 17
22 6
17 6
17 18
13 5
21 2
6 10
7 2
2 7
21 6
18 9
18 21
7 19
21 15
12 10
16 21
5 21
14 21
18 3
5 19
6 21
15 3
3 0
21 18
6 14
3 5
22 14
6 12
14 7
11 13
19 7
14 4
12 0
5 4
12 14
6 18
2 8
15 19
19 15
14 13
12 15
15 7
6 7
18 16
0 6
1 10
6 0
16 13
4 19
1 0
17 0
12 16
4 6
21 5
8 9
0 4
4 14
22 17
14 8
0 7
16 10
3 22
1 19
5 18
3 2
11 17
5 8
3 21
5 13
22 0
9 2
18 10
16 9
5 7
20 13
21 17
13 20
5 10
14 11
19 4
14 6
3 13
4 17
4 9
12 18
1 7
18 11
4 16
8 6
11 6
21 8
20 15
0 21
7 18
0 12
17 13
6 16
2 18
13 1
17 10
4 0
4 3
6 13
22 9
9 16
13 18
3 11
5 0
9 13
11 19
19 18
21 20
21 16
3 17
1 18
8 18
19 14
10 7
6 19
16 1
11 4
9 12
11 21
1 20
1 5
22 1
4 22
8 11
18 14
20 12
11 18
5 12
14 5
12 11
15 6
5 1
4 13
11 10
0 2
19 6
2 17
1 9
9 14
0 15
11 22
11 14
2 4
16 11
20 0
18 2
4 11
9 22
8 21
15 8
17 20
13 10
19 22
16 8
17 19
22 8
16 12
20 16
11 2
9 19
8 12
4 5
5 9
6 2
752
17 13
9 23
6 20
17 10
24 23
17 6
3 2
21 10
22 2
11 27
13 6
0 17
5 23
0 12
20 3
1 7
13 17
2 23
2 11
7 17
21 3
20 21
16 7
14 22
20 10
7 26
25 2
18 5
22 12
23 10
6 0
10 5
17 15
9 26
25 18
10 13
5 26
16 1
0 26
10 9
26 14
16 5
2 26
20 4
1 4
13 11
22 10
11 25
19 1
22 20
3 8
24 6
13 7
26 2
22 9
26 7
16 6
26 21
8 4
4 7
4 0
22 5
10 23
1 6
24 7
24 12
12 21
10 6
25 22
18 3
27 11
17 23
26 11
18 9
25 8
7 0
12 20
2 6
18 0
14 10
2 14
24 4
14 5
16 20
18 4
16 26
12 5
22 15
22 19
12 24
25 4
2 12
3 11
12 3
9 8
7 25
2 3
2 9
8 25
19 2
21 22
23 12
5 19
13 1
25 1
11 1
12 25
1 11
20 22
15 21
4 9
6 26
22 4
22 16
0 22
7 8
20 19
26 25
21 8
1 21
19 22
26 1
15 3
20 12
0 23
12 23
20 5
15 14
6 14
19 0
9 16
0 1
25 12
12 14
10 20
2 18
26 18
18 7
5 22
24 1
16 3
21 1
14 21
10 12
11 24
18 6
20 16
21 25
8 13
15 4
22 24
18 24
5 15
24 0
21 23
7 22
25 26
21 5
2 1
3 0
3 6
27 9
0 2
11 8
1 24
4 8
24 13
2 25
11 23
27 23
4 27
17 8
17 12
3 4
15 17
16 11
4 1
14 3
22 21
18 8
19 9
10 18
21 27
25 24
14 26
16 9
22 14
27 2
8 5
0 24
9 5
24 18
9 19
15 8
6 17
13 25
14 13
3 10
21 15
4 11
26 9
7 21
7 14
24 10
6 15
12 18
6 9
15 1
12 10
2 7
15 19
6 8
22 11
6 18
27 4
13 8
11 15
8 22
21 16
7 19
10 16
14 11
9 12
26 23
22 27
17 25
24 22
16 19
7 23
23 4
5 2
4 22
27 19
14 19
25 27
2 8
20 27
13 22
4 25
12 9
18 1
1 23
16 22
6 23
8 10
22 26
27 8
18 13
25 5
17 3
24 11
1 3
4 5
8 14
13 26
7 4
5 1
11 10
3 20
10 3
25 0
6 16
11 4
27 15
5 20
15 12
6 27
10 15
9 11
20 7
16 24
8 12
12 6
19 7
27 3
9 18
11 19
21 7
4 2
2 21
18 20
15 23
1 27
7 6
27 1
21 12
11 0
1 22
23 16
7 18
21 13
15 6
20 6
14 15
5 4
2 0
7 11
3 25
0 18
1 5
12 26
20 13
26 19
11 20
12 22
13 24
17 20
10 27
23 18
22 7
0 25
9 15
26 6
17 4
3 21
13 2
26 8
7 20
2 15
19 27
21 17
1 25
26 5
13 12
22 17
1 12
1 15
6 25
19 18
8 16
2 24
8 26
14 23
27 20
9 22
9 24
14 4
10 11
11 3
15 5
5 7
0 16
6 12
18 16
15 24
8 15
17 5
15 22
15 11
0 21
9 25
9 6
0 13
2 10
10 7
21 6
10 26
13 18
4 12
24 26
1 10
6 21
21 18
10 25
12 7
12 27
12 8
4 16
22 1
27 16
13 14
4 10
24 3
11 17
1 16
16 2
20 23
13 0
22 6
4 18
27 6
8 6
19 24
6 22
5 0
17 26
20 17
19 16
21 24
12 0
20 0
4 6
8 18
14 8
13 5
27 24
7 27
19 12
5 6
1 13
17 14
2 4
2 27
19 14
3 5
2 22
14 1
25 10
25 21
13 27
25 17
8 9
3 15
22 3
3 26
27 5
25 16
6 1
10 1
23 22
24 16
23 7
25 7
0 10
6 24
13 4
3 13
7 1
9 0
3 9
14 9
9 14
14 27
25 13
23 27
24 19
16 25
0 5
14 16
23 11
23 20
13 19
4 20
24 5
26 0
17 22
7 5
16 14
27 10
0 3
10 22
3 16
3 12
16 27
13 15
17 21
4 15
0 6
9 7
22 25
19 26
15 2
19 21
19 11
12 19
16 17
0 8
15 25
5 16
23 21
1 8
26 4
27 0
7 12
12 16
23 17
12 15
27 12
6 7
16 21
21 20
1 19
20 14
3 22
20 9
18 17
24 17
5 9
18 19
18 15
25 23
4 17
2 19
27 22
23 9
19 4
18 23
17 16
15 18
20 24
23 3
12 1
15 10
25 3
27 7
5 10
3 14
22 13
11 22
4 23
10 2
11 5
21 9
21 26
14 17
18 26
1 2
15 0
18 2
9 10
9 27
13 9
4 21
27 13
0 11
21 14
24 15
16 23
3 23
20 11
19 23
19 17
27 21
10 19
11 12
18 21
21 0
18 14
4 19
0 20
8 27
26 16
16 15
16 12
11 9
19 25
26 22
11 16
5 11
5 3
4 24
25 6
23 19
3 27
23 6
3 7
23 15
22 18
18 22
4 3
24 27
8 17
8 21
20 18
18 11
13 16
14 25
13 3
24 21
6 19
23 24
26 17
7 15
25 19
16 8
21 4
15 9
17 2
7 2
1 18
12 13
23 8
17 27
24 8
26 3
12 17
5 13
25 20
11 6
10 21
17 1
5 25
11 21
17 0
25 14
5 18
3 18
26 20
9 4
18 25
21 11
26 24
23 26
8 3
2 20
21 19
14 24
14 12
4 26
23 2
5 14
23 1
16 0
5 21
5 27
15 16
1 14
17 9
20 2
5 17
25 11
0 4
22 23
6 13
14 2
20 15
19 15
7 9
10 0
0 27
23 0
14 0
5 24
21 2
16 13
11 7
27 18
8 24
9 13
3 17
13 21
23 14
19 3
26 13
4 13
12 2
19 8
24 20
26 15
20 26
6 3
25 9
9 17
2 13
10 17
7 3
11 2
19 13
8 0
20 8
19 10
27 25
22 0
18 27
26 12
8 1
1 26
14 20
19 20
10 4
8 19
13 23
20 1
7 13
5 12
27 17
17 19
23 13
14 6
3 1
11 26
3 24
6 2
2 17
16 10
16 4
24 14
15 26
0 7
6 4
23 25
0 14
24 2
14 18
17 24
14 7
13 20
17 7
6 11
6 5
15 20
1 9
8 23
11 13
15 13
7 10
27 26
15 7
12 4
10 24
23 5
9 20
27 14
15 27
3 19
0 15
16 18
19 6
18 10
26 10
8 2
9 21
8 20
10 8
1 0
0 19
8 7
7 24
1 20
5 8
24 9
4 14
12 11
1 17
17 11
0 9
22 8
10 14
19 5
2 16
24 25
7 16
6 10
13 10
26 27
11 14
9 3
17 18
11 18
9 1
18 12
25 15
209
13 4
8 10
0 8
2 0
9 0
6 1
15 1
8 3
11 1
4 11
13 5
10 8
2 16
11 3
8 14
13 12
1 3
12 14
4 16
12 15
5 7
3 4
7 1
7 2
15 13
12 6
9 13
15 3
0 15
1 10
14 15
5 15
16 5
2 7
4 12
9 4
15 0
10 13
2 3
4 5
10 14
6 15
0 4
1 2
0 2
7 9
8 5
5 2
1 8
14 0
0 5
9 16
6 7
1 6
2 13
5 11
7 4
3 10
1 4
8 16
11 13
10 5
16 4
4 8
12 0
6 10
4 1
5 9
5 12
0 11
0 3
16 7
3 2
6 3
2 12
14 3
5 13
15 4
13 9
7 8
7 3
12 16
13 7
12 8
14 4
4 7
1 13
9 5
11 14
6 13
7 14
4 9
11 16
13 16
13 14
6 12
6 14
8 1
14 9
4 0
6 11
11 2
3 6
13 10
1 0
1 9
11 6
1 11
1 14
15 8
1 15
12 1
3 12
2 11
10 0
8 13
5 4
0 1
5 3
9 14
11 8
11 15
5 1
12 4
5 10
2 5
13 3
7 16
12 7
7 11
13 6
9 7
13 2
2 8
13 0
7 12
15 6
7 6
13 8
10 1
0 7
8 0
12 9
12 3
12 10
3 16
3 5
3 14
2 10
9 6
12 5
14 7
14 6
3 11
1 7
7 0
8 15
2 6
15 12
9 3
14 16
8 6
9 1
0 16
3 8
7 5
16 9
10 7
8 11
0 12
14 12
6 2
2 14
4 15
1 5
2 9
15 9
7 13
8 9
11 10
12 13
3 1
15 7
16 11
5 8
10 9
9 15
15 10
3 7
0 9
12 11
10 4
13 11
2 4
1 16
14 5
10 16
10 12
11 7
3 0
10 2
7 15
5 14
15 2
16 0
5 6
16 13
16 8
14 13
4
1 2
0 2
1 0
0 1
148
8 4
9 11
1 11
0 1
3 9
6 1
3 4
2 1
5 11
4 11
7 2
3 6
5 8
2 0
1 4
8 5
4 3
9 0
9 8
3 8
4 9
10 1
9 10
3 10
12 1
2 10
2 8
5 4
8 10
3 2
11 3
2 7
9 3
12 2
7 9
5 2
7 0
7 11
12 8
1 0
8 6
1 9
8 0
11 8
9 4
9 2
12 6
9 6
6 9
2 11
10 9
12 4
11 4
11 1
4 10
2 3
10 8
3 11
4 2
6 7
11 7
6 11
7 12
12 5
10 6
0 3
8 3
4 5
12 11
8 7
10 5
0 12
1 12
3 7
7 5
11 9
9 1
0 8
1 10
5 1
2 12
4 12
7 10
5 6
7 1
11 2
8 2
7 4
12 3
5 3
1 8
10 0
2 5
11 5
2 6
0 9
0 5
1 6
4 6
12 10
3 12
5 7
2 9
9 12
6 12
6 8
4 7
0 2
11 10
5 0
6 0
6 2
6 5
0 10
1 7
0 6
10 12
8 12
11 12
4 8
4 0
12 9
10 3
10 7
0 7
1 5
5 10
12 7
7 6
9 7
5 9
10 4
9 5
6 3
12 0
8 11
1 2
11 0
4 1
11 6
10 2
6 10
5 12
7 8
0 4
3 1
3 5
7 3
234
1 7
18 20
4 3
0 15
7 15
18 11
3 20
8 7
3 13
5 2
5 6
4 10
8 0
17 14
19 9
5 15
1 4
6 20
21 15
17 4
16 0
20 19
3 14
12 8
7 6
19 3
10 0
8 15
16 1
20 2
3 4
18 16
0 10
14 17
17 9
17 21
3 17
9 19
18 3
21 3
16 8
21 16
4 19
18 8
2 21
15 4
9 3
6 1
10 18
7 3
18 21
13 16
14 13
0 3
13 19
8 11
0 20
3 16
7 12
2 13
5 3
17 15
5 17
18 14
20 17
4 12
13 8
6 2
18 6
16 13
6 11
14 12
13 3
18 2
11 16
7 20
6 7
16 21
6 16
1 5
0 17
20 10
1 6
8 4
14 6
13 15
11 20
10 7
19 10
21 0
13 20
18 10
12 21
14 20
4 2
19 12
0 13
11 6
8 21
13 17
10 6
1 19
19 2
15 5
4 17
7 2
15 7
11 17
9 2
3 6
20 18
16 20
1 11
6 19
8 18
21 17
14 9
6 14
1 2
8 6
6 21
4 9
3 7
12 20
10 2
4 11
16 6
19 5
17 20
16 10
13 11
0 11
8 9
4 16
20 1
16 11
16 5
18 1
8 3
1 3
16 18
4 5
21 2
0 2
6 17
13 2
13 5
7 13
16 4
17 13
20 7
8 10
12 15
5 21
14 10
4 1
11 13
11 2
11 19
15 19
6 8
19 1
0 8
7 21
5 10
14 7
13 4
8 2
12 13
6 10
7 0
9 17
5 4
3 10
12 11
16 2
6 13
5 11
9 5
21 14
8 20
11 21
15 17
10 21
4 0
11 9
21 8
13 18
3 2
9 16
2 10
15 16
4 14
0 12
12 14
21 7
2 15
20 15
0 4
15 8
1 12
10 5
3 19
16 14
19 13
2 16
7 18
4 8
6 0
10 3
4 15
19 0
13 1
1 16
10 11
15 11
3 15
10 4
13 9
15 10
17 10
12 6
21 11
7 8
8 5
17 2
8 14
9 20
11 0
15 21
10 14
16 12
13 12
1 8
204
8 16
17 10
10 5
4 16
13 0
0 9
3 9
14 1
4 7
12 4
11 0
7 10
12 14
12 7
14 17
18 14
18 4
8 1
9 7
5 6
16 2
17 11
0 17
2 1
1 6
15 1
18 9
13 3
12 8
15 0
1 8
1 9
7 17
16 12
11 16
11 12
6 18
11 1
17 15
13 7
17 12
6 7
14 5
9 13
6 13
15 12
9 15
15 3
16 8
17 5
1 5
14 10
2 13
12 5
9 11
3 5
11 3
6 16
8 11
13 1
5 13
3 11
10 14
7 11
18 5
15 10
7 0
3 6
1 10
15 11
11 7
3 17
3 7
6 17
2 17
18 11
11 17
3 4
16 4
10 18
3 13
9 12
10 12
4 0
2 6
10 4
10 7
6 11
7 3
5 16
7 4
7 9
0 5
17 18
10 17
15 16
0 13
4 17
14 0
12 3
4 15
11 8
13 11
14 15
1 14
5 12
0 10
12 16
17 0
1 0
14 9
6 15
4 11
18 3
5 9
4 9
7 12
18 1
3 16
12 10
0 14
14 7
8 4
0 12
0 8
16 9
2 4
18 10
9 8
3 12
16 7
9 10
6 4
2 8
1 17
10 11
0 6
18 12
16 15
17 4
7 16
10 6
15 5
13 12
17 6
16 14
0 16
3 8
17 16
8 13
15 13
0 3
14 18
13 8
14 13
9 3
4 13
9 18
18 2
11 5
13 10
7 8
14 4
4 1
2 12
3 0
8 6
18 0
4 12
12 1
14 16
15 14
10 16
0 18
16 6
17 8
2 15
18 15
15 8
7 1
6 2
1 16
2 7
6 3
7 14
15 7
8 3
16 0
1 11
7 15
2 18
2 5
5 14
10 0
5 18
18 6
13 9
11 6
2 14
1 3
9 6
12 15
5 2
4 14
15
1 2
0 4
0 2
1 0
1 4
2 4
1 3
3 4
4 0
3 0
4 2
2 0
2 1
3 2
3 1
545
22 0
18 15
17 14
4 19
11 24
12 5
24 19
8 7
14 3
8 20
14 16
2 15
17 1
21 19
6 18
4 14
15 5
4 5
6 20
6 8
23 4
16 8
14 13
11 18
18 4
18 10
3 15
11 4
3 13
15 4
9 25
22 12
16 24
15 11
22 8
24 18
2 25
1 21
4 11
0 5
0 11
19 0
3 17
19 5
1 24
14 1
1 7
10 8
6 1
7 12
7 6
21 24
9 17
15 12
0 17
15 13
6 11
3 20
20 24
6 0
17 6
20 3
0 25
25 20
0 22
21 3
23 8
18 7
26 12
16 5
26 10
2 3
22 10
2 0
16 13
10 11
3 22
2 7
22 16
17 5
13 24
0 15
11 20
8 19
14 10
5 16
14 6
10 15
11 22
12 10
1 2
7 1
24 7
10 19
23 11
14 22
25 4
8 11
25 2
14 20
2 10
8 12
3 21
17 19
3 5
4 25
21 9
13 5
9 20
18 5
6 4
16 6
15 16
3 18
18 14
19 23
0 10
19 4
7 9
21 26
11 19
7 3
1 11
17 4
10 2
7 21
14 12
6 10
6 12
5 9
12 0
25 19
22 11
12 3
22 3
10 17
10 23
18 17
9 2
0 8
4 20
12 6
13 18
7 14
21 14
17 23
3 25
10 26
2 6
8 1
12 16
23 13
18 11
20 2
17 9
2 22
5 3
19 26
7 2
1 20
7 22
14 24
6 22
11 0
21 23
11 3
2 5
12 4
26 6
14 21
20 1
18 1
11 6
7 16
22 19
26 2
2 20
21 25
2 14
10 20
23 9
18 19
0 16
13 17
12 15
19 20
5 24
22 20
24 5
4 23
23 16
0 26
1 6
18 23
26 7
20 21
4 17
14 19
0 2
20 23
20 7
23 1
23 6
2 17
21 20
15 1
19 9
4 15
16 14
0 14
10 25
26 18
19 18
2 18
25 0
19 6
9 7
19 10
25 1
22 26
4 7
26 20
1 13
3 7
5 12
6 15
23 2
15 10
15 9
25 21
7 24
16 0
8 17
11 8
25 24
2 9
18 16
16 10
18 21
9 21
17 24
3 26
16 22
24 4
23 26
22 4
23 17
9 26
6 9
26 11
18 2
13 26
24 3
26 8
16 20
16 7
25 14
21 12
12 14
13 11
2 16
5 15
7 17
20 9
5 13
7 25
4 13
1 19
12 20
11 14
4 21
23 3
14 11
13 8
7 10
15 23
8 10
5 6
21 10
5 21
8 21
22 7
16 21
25 7
8 4
26 23
21 22
20 0
18 6
24 25
21 4
11 26
0 4
25 22
14 26
4 6
9 19
19 12
26 21
18 13
16 9
8 13
22 18
0 19
15 14
20 5
13 1
12 17
8 0
23 25
13 21
6 5
9 22
22 21
24 1
4 18
26 17
5 8
20 8
14 23
8 25
7 4
18 24
24 9
1 16
2 23
8 9
13 12
2 24
12 11
13 15
9 16
20 12
8 15
18 25
9 0
6 25
5 1
2 26
2 1
22 1
7 0
5 4
5 19
9 23
20 15
21 2
13 7
9 14
3 2
6 7
25 18
16 3
0 20
24 21
24 11
13 19
9 11
17 18
16 1
2 19
26 9
26 24
1 5
23 20
6 26
24 0
5 10
16 2
9 24
10 24
7 18
24 2
10 0
20 26
10 22
18 22
5 2
19 2
21 11
11 10
5 26
1 15
16 26
26 4
19 11
15 0
7 20
7 8
3 1
25 6
26 16
24 14
5 17
9 8
19 17
1 4
11 23
22 5
13 16
22 9
22 6
10 16
17 21
11 2
7 23
3 12
5 18
20 6
1 25
26 19
17 8
5 14
26 3
24 13
8 16
12 25
24 17
14 18
6 2
8 14
3 24
8 2
19 8
4 22
16 19
2 8
25 13
19 21
9 1
3 8
14 7
24 12
3 0
18 3
18 20
25 11
26 13
14 5
10 7
24 10
12 1
12 26
13 23
17 22
13 14
10 21
7 11
15 7
11 16
15 6
19 1
16 11
11 13
13 20
1 22
17 0
23 0
17 13
0 6
3 11
0 9
0 18
25 12
4 12
13 0
9 3
5 23
5 22
2 11
15 8
20 25
12 21
17 20
3 9
10 14
25 5
24 20
22 17
5 7
23 14
4 2
26 0
15 17
22 13
3 16
20 14
17 26
7 15
18 8
20 4
3 14
14 17
5 25
9 13
17 15
21 17
20 19
19 25
6 24
26 25
16 23
23 12
2 13
1 9
4 10
0 13
21 1
4 16
6 13
9 5
17 11
10 13
21 18
20 17
23 7
25 17
2 21
19 16
4 9
24 15
13 6
13 22
25 8
18 9
2 12
22 14
0 24
19 7
12 9
22 25
6 3
16 12
11 12
2 4
26 15
20 11
14 9
3 4
7 5
24 8
17 16
3 10
16 18
25 26
73
7 9
10 2
11 5
9 11
5 11
1 5
8 1
4 10
3 6
9 3
6 3
5 1
8 4
8 6
3 10
2 8
8 11
5 9
3 4
2 1
11 1
8 3
1 3
9 5
6 8
7 0
9 1
2 6
2 3
2 0
4 7
7 1
11 0
10 7
4 5
4 11
7 10
5 3
11 3
10 11
0 5
5 4
10 3
9 10
5 6
9 0
3 5
11 7
7 2
8 5
4 6
0 11
6 0
10 5
5 10
6 7
0 9
9 7
4 8
6 10
5 8
10 1
4 2
4 1
11 6
1 11
2 7
10 4
1 0
0 7
2 9
2 4
6 1
627
5 16
22 6
3 2
20 24
11 3
17 9
14 24
16 18
16 15
5 24
25 0
10 21
14 21
19 18
25 28
25 18
15 9
15 22
21 8
25 2
19 10
24 17
21 26
0 20
8 2
21 14
24 11
3 11
21 27
6 12
27 16
26 13
22 0
11 28
20 27
8 22
8 12
10 15
9 25
21 15
16 6
28 1
0 26
25 26
25 10
2 3
3 18
6 3
0 16
4 7
12 17
3 14
1 23
0 10
17 16
2 11
22 5
13 23
24 21
9 7
7 22
12 13
24 4
5 21
17 28
11 4
4 14
20 6
11 6
3 23
0 25
10 8
28 18
26 16
2 7
9 27
1 14
14 0
27 9
2 19
23 2
17 3
18 11
19 15
5 19
1 15
17 6
26 12
0 19
17 26
5 27
25 6
9 10
23 12
2 26
16 20
23 22
14 15
8 27
23 27
10 20
23 24
1 8
20 2
27 7
15 28
9 12
2 10
11 18
25 8
1 0
2 18
6 23
5 10
15 11
1 20
18 3
16 1
27 22
11 20
1 7
10 18
23 16
23 25
22 26
19 26
0 4
28 6
26 14
24 1
21 13
12 2
28 17
24 8
14 6
19 2
19 4
28 11
14 7
5 9
2 4
22 9
0 5
23 4
26 18
23 15
18 15
17 27
7 23
0 21
2 17
1 13
8 7
6 18
16 19
15 10
2 14
27 14
7 19
27 15
27 5
24 23
10 27
11 12
13 26
2 20
15 1
21 19
1 3
13 22
22 10
27 13
20 9
21 0
28 15
3 10
26 23
19 0
23 11
3 9
28 5
7 21
16 24
16 0
2 6
4 9
4 0
11 19
6 28
10 7
10 12
18 4
8 28
8 25
3 28
10 9
13 10
6 22
9 22
20 22
25 13
26 25
24 22
17 14
8 18
9 14
24 25
25 19
18 9
23 20
12 10
12 18
2 22
23 19
1 19
19 21
12 21
8 11
20 11
11 16
15 4
28 21
7 4
9 5
5 26
13 20
6 16
9 11
27 24
7 18
13 8
25 11
21 25
16 22
13 24
18 28
4 24
16 27
15 8
18 25
20 28
5 4
3 12
27 0
15 6
1 25
21 6
15 25
16 25
18 23
12 25
20 21
21 23
25 1
6 19
1 24
7 2
8 3
19 23
17 8
23 21
17 12
19 25
15 13
28 27
15 3
17 25
18 19
6 0
4 5
22 28
0 11
13 6
16 12
17 15
20 25
26 28
7 9
24 3
5 13
8 9
15 17
7 10
2 25
5 6
8 20
2 13
4 1
18 10
8 21
18 5
23 17
2 15
24 9
7 27
8 26
15 20
14 17
9 17
21 4
12 24
16 8
3 7
13 18
18 8
15 16
13 16
12 8
20 15
28 2
9 2
13 2
10 1
9 24
21 9
1 9
3 8
12 5
16 4
19 22
28 8
12 4
18 12
18 26
21 7
22 13
11 0
3 26
12 0
11 1
25 7
22 3
20 1
3 15
21 5
24 0
1 6
9 28
13 19
14 22
21 16
11 15
13 17
13 11
7 8
26 19
27 4
13 4
15 5
14 25
0 9
13 0
0 7
17 18
5 22
20 8
14 26
14 12
23 1
9 13
26 20
24 28
27 23
8 24
26 5
25 5
6 2
21 17
10 24
14 27
11 10
28 24
4 21
13 12
1 26
9 18
23 9
2 8
23 13
14 5
6 4
17 4
10 6
4 28
13 1
6 7
8 14
12 28
24 16
0 17
1 27
27 11
11 7
9 1
3 1
6 14
1 22
15 7
25 27
8 17
24 5
16 10
27 20
20 0
18 24
14 4
12 19
21 28
10 13
28 12
12 11
1 10
22 15
26 6
11 2
23 28
17 5
23 0
22 1
11 24
17 20
7 14
0 22
5 7
24 26
9 26
8 23
8 0
0 8
13 14
21 12
20 14
15 12
19 6
11 25
11 17
26 2
6 21
28 26
9 23
15 14
18 22
5 12
18 20
20 3
2 23
28 7
9 19
5 11
4 23
11 26
14 11
19 3
6 13
12 14
20 19
10 11
11 14
0 1
25 21
14 13
6 27
2 12
27 18
13 28
5 17
5 14
22 18
26 8
22 12
4 20
9 3
10 26
2 24
3 24
19 9
14 9
20 13
27 19
18 13
5 15
18 0
2 5
17 0
13 5
1 5
18 21
9 6
14 10
10 4
16 23
10 28
10 5
14 8
16 9
28 22
15 23
25 4
6 11
27 21
3 27
2 0
18 1
6 8
5 25
27 25
21 11
27 12
10 23
9 15
20 4
6 5
18 14
1 2
18 6
23 26
27 6
26 22
22 17
3 19
19 1
2 21
13 3
25 16
17 7
21 2
26 21
21 24
4 16
4 18
11 5
16 17
15 0
0 2
19 5
26 27
13 21
17 13
1 17
4 27
26 7
5 1
19 11
6 20
15 24
22 4
12 26
0 27
7 28
8 10
28 23
28 10
4 13
4 22
10 16
20 10
4 10
26 1
24 2
7 11
22 8
11 22
19 7
17 10
5 23
0 3
21 1
22 20
19 17
16 21
18 16
12 7
9 4
15 19
14 1
15 21
22 27
4 26
11 13
16 5
25 12
23 14
1 28
6 1
0 13
19 14
11 8
17 24
2 28
17 2
26 15
23 6
6 10
20 7
0 12
17 19
21 20
24 14
11 21
7 24
8 1
3 5
19 20
14 20
12 22
24 15
4 17
8 15
0 24
6 15
14 28
19 24
5 2
3 16
16 14
3 22
17 11
28 14
28 20
24 19
11 9
10 2
12 23
27 17
20 12
25 9
6 9
