183
4 11
5 12
7 4
4 10
8 1
9 8
3 13
7 10
12 11
11 10
4 7
12 1
8 2
3 5
14 5
3 4
6 10
0 12
8 6
10 5
5 4
12 7
7 3
6 7
7 0
12 3
13 6
7 1
1 6
14 4
4 13
12 6
12 8
8 13
8 5
11 0
1 10
1 14
2 1
2 3
3 1
9 13
2 13
6 5
12 13
7 13
1 13
6 3
13 9
1 5
13 14
8 11
8 12
8 10
2 7
9 0
11 14
5 1
11 1
3 14
9 11
6 8
0 3
8 0
7 9
10 8
6 1
14 10
7 12
5 9
6 0
8 14
9 10
14 0
1 12
4 6
2 11
13 7
1 4
0 1
13 10
10 1
4 0
5 13
4 2
6 11
10 7
12 2
2 14
11 9
9 5
13 0
3 11
0 8
3 7
0 9
1 7
3 6
0 6
5 0
0 2
5 2
5 3
12 5
11 8
1 2
10 2
3 12
6 13
6 9
2 10
10 13
5 8
13 5
12 0
3 9
0 11
9 14
9 3
11 12
13 1
6 14
7 8
10 14
11 3
10 4
13 12
4 9
10 12
3 2
9 4
5 10
0 14
12 14
14 2
1 3
10 11
7 5
13 3
11 4
1 8
2 4
4 8
2 8
0 4
2 0
0 10
14 6
8 9
14 8
2 9
4 3
14 9
9 2
11 7
4 1
6 4
7 11
5 11
13 11
2 12
14 13
9 1
11 13
13 2
0 13
13 4
8 4
7 2
11 5
1 9
11 2
2 6
3 0
14 7
0 7
4 12
6 2
9 7
5 7
8 3
5 6
12 4
248
14 12
8 13
8 10
14 3
4 0
0 15
13 14
8 9
4 6
11 14
10 9
1 2
8 6
6 2
2 9
14 10
3 1
2 1
11 7
1 0
2 14
9 11
13 5
8 0
3 14
6 7
11 8
15 13
4 2
0 12
2 11
3 12
16 4
1 9
16 3
16 14
6 13
15 5
4 14
4 13
6 11
13 9
12 3
5 11
7 6
5 13
12 11
10 15
11 2
6 15
10 7
13 8
16 8
3 4
11 5
0 16
11 1
4 12
15 7
0 5
1 13
16 11
3 6
2 12
8 15
0 14
0 7
13 4
10 3
2 4
13 7
1 6
15 11
7 5
13 0
15 2
2 6
7 8
1 4
4 8
14 8
16 7
9 4
2 10
5 12
10 13
6 16
8 5
10 0
0 11
11 9
10 16
8 16
3 13
11 10
0 1
10 4
6 9
10 5
0 3
14 15
8 14
5 1
4 16
12 0
7 0
1 16
11 0
16 10
15 6
8 4
6 10
5 3
4 10
15 14
10 8
1 7
9 15
13 12
3 9
6 0
4 7
16 2
2 7
6 1
15 4
12 7
6 14
13 11
3 5
1 14
16 0
5 10
15 12
3 16
8 3
4 5
5 8
9 3
2 16
8 1
12 4
3 11
8 2
4 1
11 6
0 6
6 12
0 8
10 2
2 8
15 10
11 15
10 6
9 1
9 0
5 15
9 10
12 2
15 16
12 5
2 3
9 14
7 3
5 4
8 11
2 0
1 12
7 9
6 8
14 4
11 16
10 14
7 12
9 7
7 16
16 5
13 10
5 2
15 1
4 11
0 10
6 5
10 1
13 3
12 8
3 8
7 11
12 6
4 15
11 12
14 0
16 15
1 11
6 3
4 3
1 8
15 3
16 6
8 12
11 3
15 8
1 15
12 9
0 13
0 9
3 7
1 3
5 6
5 7
0 2
13 15
5 14
14 6
7 13
14 1
9 12
12 1
9 2
3 2
9 13
11 13
7 1
5 0
15 0
12 16
16 9
5 16
9 16
0 4
7 15
14 16
2 5
16 1
10 11
14 5
9 6
12 10
1 5
13 1
16 12
6 4
14 7
7 4
13 6
10 12
4 9
7 10
128
9 2
7 5
3 5
3 11
5 4
4 5
4 11
8 4
7 2
11 2
3 1
2 3
9 5
9 3
7 11
5 8
1 3
0 2
0 1
10 2
10 7
5 3
8 10
6 10
3 8
10 9
6 7
9 6
11 7
4 8
10 5
5 6
9 7
4 1
0 6
2 6
9 10
11 9
0 8
4 9
1 9
2 9
8 1
5 0
3 10
6 4
2 4
5 7
7 1
11 5
5 10
0 11
4 3
7 9
0 3
5 11
1 0
6 11
11 0
0 7
6 1
2 8
11 1
1 10
11 3
6 9
3 6
1 6
10 6
3 0
9 8
8 2
5 1
2 1
6 8
8 11
0 4
1 5
10 1
7 4
11 10
10 11
1 2
8 7
2 10
7 8
1 4
10 0
8 6
6 3
6 2
7 10
7 0
8 5
9 1
3 7
0 5
0 10
2 5
10 4
6 5
6 0
9 0
4 0
2 7
11 4
5 2
11 6
11 8
5 9
0 9
9 11
8 9
1 8
3 2
2 11
1 11
4 2
3 9
9 4
10 3
8 3
2 0
4 10
10 8
7 6
1 7
8 0
514
14 12
21 12
21 5
9 15
8 1
2 6
16 6
21 22
4 12
11 2
19 8
19 1
15 20
14 22
3 15
8 7
16 18
5 19
13 3
3 8
3 19
1 14
3 22
8 19
22 8
6 17
4 11
2 7
18 13
14 16
5 0
1 9
5 1
1 15
0 11
5 20
8 22
14 6
11 15
1 13
12 10
20 17
6 23
15 14
23 21
0 21
4 15
15 17
16 3
16 23
12 0
20 12
15 22
13 9
0 6
14 23
16 21
19 11
9 2
11 13
11 1
1 5
18 4
10 1
15 3
23 14
3 10
1 19
12 17
19 6
22 10
21 10
23 11
6 16
21 20
17 6
20 3
20 21
4 13
11 14
12 22
2 10
7 21
18 20
13 18
0 3
16 11
9 19
14 4
7 10
23 4
6 8
22 9
11 23
3 4
22 0
16 10
5 7
9 1
14 19
14 2
15 21
2 23
5 23
3 18
4 3
7 12
4 20
9 23
17 10
2 13
1 12
5 22
12 16
10 5
9 4
21 15
6 3
13 5
10 22
6 7
11 8
17 1
2 15
10 2
13 1
8 18
9 5
2 18
6 4
11 4
7 19
5 13
4 10
3 2
21 0
18 19
1 8
4 19
1 17
17 11
13 15
9 13
18 6
23 12
10 18
18 14
18 10
0 4
23 18
1 10
15 18
0 15
13 2
15 23
23 10
11 21
8 14
20 2
19 9
19 22
6 2
10 3
3 6
12 18
14 1
8 10
9 14
0 8
20 23
4 18
1 22
16 19
7 17
17 13
17 21
17 22
23 7
9 6
11 20
21 11
13 7
13 8
13 19
20 7
8 16
2 14
22 23
5 21
1 18
13 21
9 3
12 1
5 4
6 5
18 17
12 8
7 3
3 9
10 9
18 22
19 5
12 23
5 6
20 14
23 17
16 22
0 23
15 6
20 10
2 12
21 6
3 21
18 5
3 13
8 11
1 6
19 0
8 3
13 16
22 20
23 16
5 11
0 1
16 8
18 8
17 2
21 2
20 22
2 19
5 14
13 23
17 19
17 23
0 10
12 7
12 9
20 4
14 18
15 4
6 10
15 9
19 13
5 12
12 21
17 16
13 20
22 12
3 11
3 17
9 8
23 19
1 16
7 6
20 19
9 21
17 12
8 9
10 7
6 21
6 19
20 8
13 10
15 1
11 17
6 0
11 22
7 4
12 15
21 19
5 10
1 3
7 18
11 0
5 15
15 19
11 12
8 12
10 8
6 11
2 8
2 11
19 17
17 3
2 5
2 20
17 7
10 21
1 20
1 2
22 17
3 1
4 21
21 17
11 5
18 7
15 7
17 0
21 9
10 14
10 6
7 0
23 0
22 21
16 17
16 4
14 9
19 21
6 22
8 20
15 13
12 13
0 7
21 8
4 0
16 14
1 4
12 6
0 12
19 20
9 18
14 10
5 3
7 20
14 7
11 18
9 12
11 10
14 15
8 23
22 13
21 3
23 5
12 11
6 12
7 22
16 5
7 15
10 11
18 15
14 21
1 23
9 10
10 17
7 13
6 1
23 3
2 16
2 21
6 20
15 8
23 15
14 13
17 9
23 1
12 20
8 21
17 5
20 6
1 11
0 22
5 2
19 3
0 9
9 17
14 17
21 4
10 13
19 16
22 14
15 10
14 20
19 12
3 16
7 5
5 8
3 12
21 7
10 12
0 19
8 5
21 18
4 5
2 0
19 14
14 3
22 2
8 2
19 2
4 23
6 9
20 11
22 5
19 18
3 7
18 0
0 16
4 9
19 10
16 20
16 12
12 19
22 18
5 9
0 5
10 23
12 3
22 1
5 18
11 6
14 5
6 18
0 18
7 9
16 9
8 17
15 12
22 6
1 21
18 11
19 7
21 14
15 11
14 0
13 22
17 8
4 17
1 7
18 23
18 1
9 7
12 2
20 16
16 0
11 16
16 1
23 8
1 0
7 1
18 3
11 7
7 11
9 0
10 20
10 15
19 4
23 2
17 15
6 14
10 4
2 3
23 6
16 7
17 20
10 0
13 14
12 14
21 1
20 5
13 4
4 22
13 0
0 13
17 14
11 3
11 9
9 16
7 2
23 9
20 1
20 13
0 14
17 4
9 20
22 15
22 3
13 12
17 18
16 15
10 19
14 11
22 11
6 13
3 0
5 17
4 16
2 9
22 19
0 20
19 15
13 11
7 23
23 22
9 22
8 13
4 8
2 4
10 16
18 21
9 11
3 5
0 2
18 9
4 7
18 2
7 8
18 12
2 22
3 14
13 6
4 14
23 13
20 18
2 1
107
4 3
4 2
3 6
1 7
10 3
4 6
3 4
2 10
11 7
3 10
9 1
6 7
7 2
1 8
3 5
1 9
5 1
0 5
7 4
9 5
0 1
11 9
0 11
6 10
2 1
6 1
11 10
10 8
1 5
4 10
0 10
9 6
3 8
9 0
7 11
0 4
11 5
11 0
5 11
2 6
7 5
7 0
2 4
5 7
11 2
9 2
10 0
7 8
11 3
5 2
8 2
10 7
3 0
3 11
8 0
5 9
5 8
2 0
11 1
2 7
1 10
3 2
6 2
7 1
8 4
1 3
4 5
8 10
10 5
3 7
0 8
7 9
0 9
10 6
9 11
2 11
10 9
10 4
4 1
5 10
6 0
9 4
2 5
6 3
9 7
5 6
7 10
5 0
0 6
10 2
3 1
5 3
6 8
7 6
9 8
4 9
1 0
11 4
1 4
2 3
4 0
3 9
1 6
6 5
0 3
0 2
8 3
150
4 2
9 1
8 12
6 3
8 9
10 13
11 6
4 12
3 9
9 2
2 3
7 4
4 1
4 13
6 4
11 3
11 0
13 12
0 9
13 6
5 6
2 8
8 7
1 10
0 2
12 4
12 10
2 12
0 12
13 7
9 0
5 4
1 13
6 13
7 10
12 13
8 3
7 9
11 7
13 11
6 1
13 4
8 10
9 13
3 10
2 0
7 12
3 12
5 2
0 6
1 3
9 6
13 1
3 5
0 11
7 1
1 8
2 6
13 2
5 7
12 8
10 9
1 5
8 13
3 7
3 2
6 0
5 10
9 10
2 7
1 11
9 12
5 13
13 8
2 10
12 11
6 10
8 0
0 1
8 11
11 13
7 0
10 8
10 4
3 0
4 5
6 7
10 11
0 8
0 7
2 5
10 0
4 10
4 9
11 10
1 4
5 11
8 1
1 6
2 9
12 3
8 6
13 5
0 3
7 5
4 0
10 6
12 7
11 4
9 5
4 6
11 9
0 5
7 6
7 13
9 4
12 6
8 2
9 3
11 12
3 11
6 5
9 11
4 8
13 0
12 1
13 9
4 3
10 3
6 2
11 1
9 8
6 8
5 8
11 5
1 0
3 13
10 5
3 4
1 9
5 0
7 3
0 10
3 8
3 1
11 2
3 6
10 7
5 9
8 5
87
6 10
9 3
4 6
8 1
9 4
5 1
4 10
2 3
1 0
5 7
8 9
3 10
3 5
7 9
7 0
8 3
5 9
7 5
2 10
7 2
7 3
9 0
6 9
2 0
6 7
0 4
1 2
2 7
10 8
5 8
7 8
1 8
10 1
3 6
1 4
6 2
0 7
9 6
3 0
1 10
2 1
9 10
4 3
2 8
0 5
9 7
3 9
4 9
8 7
2 6
10 2
8 6
5 0
10 0
9 8
9 2
10 7
7 6
10 4
6 3
8 5
3 4
0 10
7 4
0 6
0 1
3 1
4 8
5 10
6 5
10 6
6 4
5 6
3 2
6 1
1 9
7 10
2 5
10 9
2 9
4 5
9 1
0 3
1 6
2 4
8 0
10 5
359
4 7
13 7
11 9
0 8
6 9
17 4
16 12
11 16
2 13
13 19
1 0
10 2
0 12
18 7
17 20
16 9
14 9
14 7
13 4
5 13
18 17
11 0
19 16
20 13
13 9
0 15
5 14
11 12
19 5
19 13
15 5
17 3
10 16
2 20
7 2
11 5
4 1
3 15
9 0
14 4
7 20
9 4
3 5
15 7
14 10
9 14
14 18
13 2
20 7
8 4
15 2
10 17
11 13
18 0
11 19
3 0
14 16
19 10
4 17
11 17
12 6
17 5
14 15
6 1
9 6
9 16
2 10
1 5
17 0
10 8
10 11
8 17
12 16
2 16
17 2
16 8
17 1
18 12
3 17
9 20
5 19
19 7
20 12
1 8
18 11
8 15
2 11
20 10
9 1
8 11
6 11
15 20
19 17
4 19
6 15
8 6
5 7
13 3
1 9
19 18
3 9
1 12
15 0
15 8
1 14
7 5
8 9
15 10
12 17
14 20
16 6
20 16
0 14
4 15
4 6
12 15
16 11
20 1
14 3
3 8
3 12
14 12
16 19
10 3
3 2
12 4
15 17
18 13
1 13
19 0
15 19
14 0
10 14
12 13
8 2
17 13
15 11
13 18
0 20
15 1
8 16
9 13
20 5
2 17
12 19
13 20
19 11
16 5
6 13
19 4
6 4
7 12
15 4
8 18
7 11
13 5
17 12
12 9
7 14
9 15
17 18
18 10
4 14
10 13
13 8
1 7
10 0
15 6
8 10
3 18
15 18
5 18
0 4
0 9
8 20
15 16
3 6
11 14
10 4
15 3
11 10
12 14
9 10
7 10
14 6
20 8
0 18
7 13
16 1
0 5
18 6
6 5
4 18
4 0
7 18
5 12
14 11
0 13
9 12
19 14
10 19
16 4
17 6
9 17
6 19
3 7
2 19
5 0
6 3
19 9
9 2
12 1
2 15
7 9
14 5
10 18
11 8
0 16
4 8
0 3
20 19
19 8
9 8
18 15
17 14
19 15
19 12
18 1
20 9
1 4
0 1
5 10
2 3
5 6
8 0
2 7
8 13
20 15
7 8
4 16
4 12
2 0
5 15
2 6
0 7
18 5
8 5
8 3
6 18
5 1
12 20
7 6
20 2
13 17
4 5
10 1
1 10
17 8
11 20
18 8
12 0
16 13
10 7
13 0
9 11
0 10
17 9
4 9
18 16
16 14
12 11
2 14
1 19
11 6
7 1
5 2
15 12
3 14
6 17
13 12
18 9
0 19
3 11
6 20
14 1
11 18
19 2
13 15
8 7
17 19
5 8
20 4
12 3
11 1
18 4
5 16
19 1
17 10
6 0
1 2
4 13
1 11
10 6
18 2
18 14
3 16
20 17
1 18
2 4
15 13
11 4
15 14
20 6
6 12
9 18
0 11
3 20
7 16
9 5
16 15
16 20
9 19
8 12
20 14
16 0
4 10
18 20
11 7
13 11
4 20
19 6
8 19
6 2
7 4
14 19
10 5
17 11
7 15
6 16
8 14
5 17
17 15
0 2
0 17
2 18
2 9
7 17
10 12
16 10
16 18
1 20
1 16
11 2
4 11
17 16
5 4
8 1
12 5
5 9
282
14 18
18 4
9 4
6 15
2 3
22 12
0 19
7 5
8 2
7 16
6 19
4 21
5 17
5 4
11 14
15 7
4 3
1 9
5 22
11 8
2 1
18 7
8 17
21 7
0 7
22 16
6 11
3 17
21 1
1 3
8 9
21 19
18 19
10 18
10 11
15 11
19 18
13 3
13 10
16 13
3 2
14 21
14 2
5 3
13 18
10 13
14 20
4 18
0 2
15 12
20 17
7 19
15 21
2 22
16 10
20 22
6 1
0 13
22 2
16 2
4 16
7 13
12 13
6 7
20 7
18 14
13 1
18 12
2 10
1 22
15 16
3 9
15 13
0 17
9 12
5 21
21 2
15 22
13 15
15 14
3 21
4 17
8 11
18 21
8 5
9 5
7 11
22 3
22 18
6 9
21 14
3 1
12 9
18 11
10 9
11 13
11 3
9 22
15 6
18 8
14 22
7 4
20 16
12 1
15 1
15 18
8 0
19 21
11 4
1 2
9 17
3 15
17 1
1 10
1 20
22 8
19 5
15 20
6 17
22 13
4 10
16 17
6 14
18 9
1 11
2 6
11 6
6 21
21 16
3 19
17 8
19 0
15 0
13 8
9 19
5 18
10 22
14 0
8 1
12 4
1 15
6 3
2 7
18 6
7 8
5 13
3 11
12 5
15 17
17 10
10 15
9 6
17 9
4 5
1 19
18 5
15 3
12 6
20 19
6 16
14 9
12 8
20 10
22 7
5 1
9 1
18 3
19 3
21 12
21 20
9 13
20 4
19 22
4 1
15 8
10 16
22 4
15 9
5 20
11 10
8 10
20 14
12 22
4 11
1 18
21 18
3 13
3 22
14 5
0 9
7 14
2 14
15 2
17 16
16 11
11 0
17 4
2 5
13 9
12 16
12 15
7 1
6 12
10 1
22 17
20 8
20 3
8 19
20 15
2 9
8 22
17 3
16 18
10 14
17 11
7 6
21 13
14 12
12 7
12 3
19 2
8 16
7 3
19 17
7 10
20 5
13 16
21 3
4 8
3 4
3 8
9 8
4 0
11 21
0 12
4 20
4 14
14 3
0 1
21 8
10 19
21 9
16 8
20 18
16 7
8 6
1 17
5 2
17 2
8 4
17 22
11 9
13 17
4 2
1 8
12 14
10 20
18 20
11 1
6 5
13 19
12 10
10 0
11 2
6 4
20 2
17 19
13 7
7 20
5 8
8 15
22 20
2 15
12 18
4 12
22 5
21 6
5 10
12 17
13 11
7 12
6 10
34
4 5
3 7
6 4
3 4
4 3
1 6
5 3
4 2
5 2
2 4
1 4
0 2
0 3
7 4
4 6
5 6
1 3
3 0
0 5
6 7
4 7
4 1
6 0
1 2
7 0
2 6
5 1
1 0
6 1
3 1
3 5
3 2
1 5
3 6
3
1 2
2 1
1 0
11
1 3
1 4
1 2
4 1
2 1
2 3
4 3
0 2
4 0
3 0
3 1
