20
4 0.07 1 4 0.03 4 8 10 7 8 0.04 2 0.06 8 7 0.04 0.07 0.08 3 
0.1 9 0.08 0.06 10 0.1 6 0.03 0.05 5 2 7 1 0.05 0.09 0.09 0.03 0.03 0.03 
7 0.1 0.09 1 3 0.09 0.07 8 0.05 0.05 7 0.06 0.02 3 8 1 7 0.01 6 
0.07 5 5 5 0.04 0.02 0.07 2 4 0.1 0.07 0.02 0.1 0.08 3 0.1 1 0.04 0.06 
0.09 0.07 8 0.09 6 2 0.09 0.01 5 8 1 0.05 0.1 5 0.01 0.02 0.1 0.1 0.03 
0.06 0.1 0.02 5 0.09 0.03 1 6 3 0.01 8 0.07 0.01 0.09 3 0.08 0.08 0.05 0.06 
3 7 0.09 8 0.02 9 0.07 4 7 10 3 0.05 10 7 2 2 0.05 9 0.06 
0.08 0.06 10 4 0.05 6 0.04 0.06 0.09 1 9 0.07 6 8 5 10 1 0.09 7 
2 0.02 6 6 3 7 0.09 5 5 6 6 6 0.03 10 0.05 0.04 0.08 4 0.1 
5 3 6 7 5 2 0.04 0.01 2 6 6 0.08 0.07 0.04 9 9 7 6 1 
0.04 4 0.06 0.02 7 10 5 3 0.04 0.09 0.09 0.01 0.01 0.07 0.1 8 3 0.08 0.09 
0.06 3 0.08 0.1 10 0.08 0.01 5 2 0.1 0.01 0.07 0.02 0.1 0.08 9 3 8 0.09 
0.1 0.02 6 0.03 4 5 0.04 0.02 4 9 0.03 1 9 0.03 5 4 9 1 7 
4 0.07 3 3 0.1 0.08 10 5 3 5 0.1 6 3 8 9 5 5 0.1 2 
1 0.1 0.1 9 10 7 0.06 3 10 0.07 7 2 0.07 0.04 0.04 9 0.07 0.03 6 
0.01 0.02 0.1 4 9 7 10 9 6 0.08 1 0.04 5 0.07 7 0.08 0.08 0.04 0.06 
9 0.1 0.08 0.1 10 0.02 3 0.07 2 0.08 8 10 0.01 3 0.05 2 2 0.09 0.1 
0.07 0.03 0.06 10 2 0.04 9 0.03 6 0.06 0.08 0.06 0.04 10 0.08 10 8 1 7 
0.07 2 8 1 0.09 4 4 0.05 0.01 0.08 10 0.09 0.08 0.01 0.01 0.09 7 8 0.01 
0.05 0.05 0.04 0.01 8 6 1 0.1 0.04 7 0.06 2 0.05 5 0.03 0.1 5 0.06 0.02 
14
0.09 3 0.07 0.03 0.01 3 0.05 0.07 4 3 0.07 5 0.02 
10 10 0.07 0.01 0.03 0.06 0.04 0.05 0.02 0.05 0.08 0.03 0.03 
0.08 0.04 6 0.1 0.08 0.05 0.05 6 0.03 0.07 0.05 0.07 7 
0.08 0.04 9 8 1 0.06 9 7 1 0.01 2 0.06 0.1 
0.07 10 0.1 2 7 4 3 0.07 5 1 8 0.02 8 
1 2 0.03 7 0.01 9 9 3 0.09 8 4 10 0.02 
5 6 0.06 0.04 0.06 5 0.08 0.08 0.08 1 0.1 0.06 0.05 
9 0.02 0.02 0.03 0.08 2 0.06 7 10 0.07 1 5 5 
0.01 1 0.09 9 0.09 7 6 0.1 0.05 5 6 6 0.02 
0.06 0.07 0.01 10 0.02 0.01 0.09 9 1 0.09 1 0.06 4 
0.01 4 0.05 9 0.1 0.08 0.01 7 0.09 0.1 10 0.01 1 
0.01 8 0.07 0.03 0.1 0.09 0.08 0.07 0.07 5 8 0.09 0.09 
0.08 0.07 0.01 0.04 0.01 5 10 0.1 0.02 0.06 2 0.05 6 
9 0.1 0.02 0.07 0.05 0.05 5 0.08 0.08 0.03 5 0.04 0.02 
4
6 0.07 10 
0.07 3 3 
0.09 0.05 0.03 
4 7 4 
10
0.08 0.04 0.02 4 3 3 0.08 5 1 
0.1 0.1 0.03 1 6 0.09 0.05 0.06 0.05 
0.05 0.01 10 0.1 2 9 0.09 0.03 0.06 
0.08 10 0.06 2 0.04 0.1 6 0.06 0.01 
9 3 5 4 0.1 0.02 0.01 1 0.02 
8 8 0.01 0.09 2 2 0.1 3 0.01 
4 10 9 0.09 0.1 10 0.06 4 9 
0.1 10 2 4 0.1 4 0.02 4 1 
0.03 2 8 4 0.1 0.07 0.02 6 0.08 
1 9 6 0.01 10 0.09 7 0.08 0.05 
2
0.09 
0.1 
10
0.08 1 0.07 0.01 0.08 8 0.02 1 0.03 
0.01 0.01 0.08 0.04 4 0.08 7 0.07 8 
0.05 1 0.08 0.06 0.06 0.1 5 0.07 9 
2 0.02 0.05 5 3 9 4 9 0.06 
2 0.06 0.08 5 6 9 0.05 0.06 0.05 
0.05 0.01 0.1 9 0.02 0.08 0.03 0.09 0.07 
4 0.08 0.03 0.02 0.06 0.04 0.08 0.09 0.06 
7 0.02 0.1 5 8 2 10 0.06 0.03 
4 0.06 0.03 0.09 0.07 7 6 0.05 1 
0.06 8 0.09 0.09 3 0.06 0.02 0.01 8 
13
6 3 8 9 0.1 2 0.02 0.02 6 4 0.04 0.08 
0.09 0.1 4 0.02 3 2 9 0.02 7 0.03 9 4 
0.05 0.07 4 7 0.01 8 0.08 3 4 1 5 2 
5 9 8 7 8 10 0.08 0.04 3 2 1 1 
9 8 0.04 0.04 2 0.01 0.04 2 10 0.03 0.08 5 
0.07 0.01 1 0.01 0.03 0.02 0.07 0.04 8 8 0.01 2 
10 0.08 9 9 0.08 0.02 1 7 0.01 0.1 3 0.05 
8 0.01 2 9 0.05 9 0.09 0.09 6 0.05 3 10 
0.09 10 2 0.01 7 0.08 0.03 0.09 0.02 0.02 0.04 0.06 
0.1 5 1 0.06 3 10 0.1 0.04 1 5 7 0.01 
1 8 2 2 0.04 4 0.1 3 4 6 0.02 10 
9 6 0.08 0.03 8 0.01 5 0.01 8 0.03 3 0.09 
7 0.1 0.03 2 0.04 7 0.04 9 0.1 1 1 0.02 
9
0.05 0.07 4 0.06 3 10 6 6 
0.08 0.06 0.05 7 7 0.04 3 0.01 
0.08 6 1 9 0.05 0.06 10 0.02 
0.08 4 3 0.06 0.01 6 0.02 0.09 
4 10 0.05 0.07 6 9 0.03 0.02 
0.07 0.02 0.06 0.09 6 0.08 0.01 6 
10 7 2 0.03 6 0.01 1 0.08 
0.08 6 6 9 0.09 0.09 3 2 
0.09 0.08 0.03 0.07 0.01 6 10 0.07 
6
3 0.08 0.09 0.05 8 
9 6 1 0.09 0.07 
7 9 0.01 4 5 
0.06 1 0.04 0.03 6 
3 0.03 6 2 0.02 
0.02 0.03 2 9 7 
11
3 0.06 0.05 9 0.01 6 1 10 5 5 
5 7 0.05 0.04 0.06 0.04 0.07 4 4 5 
0.1 8 0.03 0.04 0.01 0.01 0.01 1 7 3 
0.1 0.01 5 0.08 6 0.03 2 6 0.08 0.02 
7 0.03 10 0.01 7 0.09 0.1 3 0.04 0.02 
2 5 4 7 0.1 0.09 2 3 5 8 
0.07 0.07 0.06 0.1 9 0.09 5 0.02 0.04 10 
0.07 0.1 10 9 0.06 5 3 0.08 0.1 0.09 
0.09 8 0.1 2 8 7 0.1 0.03 8 3 
0.08 5 10 0.09 0.1 0.08 4 10 4 7 
2 6 0.08 10 10 0.08 1 0.07 0.04 9 
5
0.06 6 0.1 0.05 
0.05 0.02 2 0.06 
2 9 8 0.05 
1 0.02 3 0.08 
4 9 2 0.02 
18
4 0.1 0.1 0.09 8 7 0.08 4 0.07 5 8 4 0.03 0.03 0.08 4 4 
8 0.03 4 0.08 0.03 0.05 8 6 2 0.05 0.04 0.01 0.03 0.06 0.1 0.1 4 
0.02 0.04 0.07 6 3 0.04 0.04 0.02 1 7 0.01 0.1 0.05 7 6 0.07 0.07 
7 7 0.06 0.05 0.07 0.04 8 3 5 2 0.1 0.04 0.1 0.07 6 6 7 
5 0.01 0.1 7 5 0.07 7 0.01 0.07 0.04 7 8 10 7 6 7 0.05 
9 0.05 0.09 9 0.06 0.07 4 0.07 3 1 0.06 4 0.05 5 0.1 0.09 5 
4 2 0.08 8 4 0.08 9 0.02 0.01 8 10 4 3 4 0.01 4 1 
0.07 2 0.03 6 5 0.01 4 4 5 0.04 0.07 1 8 10 0.06 6 0.08 
8 3 0.01 8 4 0.02 0.03 0.01 0.04 2 0.08 0.07 10 7 5 2 5 
0.05 2 7 0.03 2 4 0.01 9 0.02 0.01 0.04 0.1 5 0.05 0.07 10 5 
3 0.06 0.09 1 9 0.1 3 4 0.09 0.03 0.07 4 0.03 1 10 3 0.06 
8 0.06 7 0.1 2 7 0.05 0.03 0.04 0.05 0.01 6 0.09 6 8 0.1 6 
5 9 0.08 6 5 0.1 8 6 0.01 0.09 0.08 2 0.1 0.05 6 4 3 
0.04 0.02 0.05 10 0.04 0.08 0.1 0.06 4 0.07 0.06 0.06 5 0.1 2 0.02 3 
0.05 10 1 0.02 3 0.05 0.01 0.01 0.05 0.04 0.07 0.02 8 0.09 8 2 8 
0.06 0.05 0.05 0.1 5 0.09 8 3 0.03 10 0.05 7 5 0.05 6 8 9 
10 0.09 4 10 0.09 6 0.08 0.1 3 0.04 0.08 3 0.04 3 1 3 6 
0.1 0.03 2 0.06 3 5 0.01 6 6 0.02 4 0.07 0.06 0.09 9 0.08 4 
14
5 3 0.05 0.06 7 1 7 0.02 0.07 3 0.02 0.02 0.09 
0.08 0.09 3 0.01 4 0.02 0.01 1 0.1 4 3 7 0.04 
0.05 9 0.02 9 4 4 0.07 0.1 0.07 0.08 0.01 5 0.07 
5 0.03 0.03 4 0.1 0.07 0.06 0.1 0.05 7 6 3 1 
0.09 7 3 0.09 10 3 2 0.09 1 8 4 8 5 
0.04 5 1 0.1 8 0.09 0.08 0.07 0.01 0.02 6 4 0.03 
5 0.08 3 0.07 0.07 0.1 0.05 8 3 0.1 4 0.07 1 
8 5 0.02 0.01 8 1 0.01 2 0.03 7 0.09 0.05 0.08 
9 0.04 6 0.03 3 8 0.04 7 0.1 2 7 8 0.04 
0.03 4 7 5 1 3 10 0.07 8 4 5 0.01 0.05 
9 2 8 1 0.06 0.03 9 1 6 6 8 3 0.07 
0.04 0.03 5 0.01 0.03 1 0.09 2 0.06 0.04 0.01 0.06 3 
0.09 0.05 0.02 3 0.07 0.05 0.04 5 2 1 0.03 0.03 2 
0.06 0.09 0.02 0.03 4 0.04 0.09 4 0.07 1 2 4 0.05 
16
7 0.1 0.08 9 0.08 7 10 0.07 0.09 9 0.04 2 8 0.09 9 
8 0.07 5 4 9 0.09 0.05 6 4 9 7 0.09 0.07 0.02 0.06 
10 0.05 0.1 2 0.02 0.06 5 8 2 6 4 3 0.1 8 5 
2 0.07 0.02 5 0.01 0.03 0.06 6 0.09 5 0.08 6 10 0.1 7 
0.02 0.09 5 0.05 0.03 5 1 0.03 4 0.04 4 0.07 0.03 4 5 
0.07 0.09 4 0.06 0.02 0.05 3 0.07 0.02 0.06 0.09 0.07 0.09 2 0.01 
0.03 3 0.03 0.04 5 0.06 0.01 0.05 0.04 0.07 1 0.09 0.1 7 0.09 
9 5 0.03 0.07 5 0.02 1 8 9 0.1 1 0.1 0.09 5 2 
0.02 0.05 0.1 0.03 0.04 7 0.07 7 2 7 0.1 0.02 0.05 0.1 4 
0.04 0.01 3 0.06 0.06 3 0.04 10 4 0.05 2 6 5 3 0.01 
6 0.03 2 0.06 10 8 4 1 2 0.04 0.03 0.01 0.09 9 0.1 
8 0.02 10 0.04 2 0.07 5 10 4 0.09 7 0.03 9 0.03 2 
0.05 0.07 0.08 1 3 0.06 1 10 6 1 0.01 4 5 0.03 8 
10 0.03 10 0.04 0.03 0.02 5 8 3 8 0.06 0.01 0.1 1 0.03 
7 0.02 9 10 10 8 10 0.04 0.07 10 0.1 1 5 0.06 0.04 
5 0.1 0.1 0.06 0.01 0.02 8 10 0.09 0.08 0.1 4 0.08 2 4 
2
8 
10 
10
0.09 0.04 0.05 6 0.07 3 2 3 0.09 
0.03 5 0.09 0.09 6 0.09 0.08 8 5 
8 4 0.07 0.09 7 10 8 1 0.06 
1 0.07 0.07 5 2 0.07 4 0.07 8 
0.03 0.01 8 0.05 3 0.08 0.03 0.02 0.04 
0.06 0.03 0.1 3 0.04 10 3 9 0.02 
0.04 0.02 0.01 4 8 4 0.04 0.09 0.06 
0.06 0.03 9 2 0.05 0.05 0.06 0.03 5 
0.07 7 3 0.04 9 2 0.02 3 8 
0.07 2 0.08 8 4 0.01 0.05 6 0.1 
4
4 0.01 7 
9 8 0.02 
0.09 0.1 8 
8 0.09 0.02 
6
8 0.04 10 2 0.05 
0.01 7 0.07 5 8 
0.05 0.02 5 8 4 
6 0.05 9 4 0.08 
0.09 8 2 0.04 9 
1 9 2 0.06 0.07 
4
3 6 0.09 
0.05 7 8 
10 7 6 
0.03 4 0.06 
13
10 0.05 0.01 10 2 10 0.06 0.08 6 0.08 9 4 
4 0.05 7 0.05 0.02 4 5 0.02 3 0.07 10 0.06 
7 4 0.05 0.06 0.09 0.06 10 2 0.1 3 8 10 
0.06 0.09 1 0.01 7 2 0.02 0.09 7 0.05 0.05 8 
2 0.08 0.06 10 0.04 7 0.02 0.02 1 10 0.1 0.02 
0.03 0.03 3 2 0.02 0.04 7 10 0.02 5 0.03 1 
0.09 0.06 0.08 0.05 0.04 0.08 0.08 0.01 8 8 0.09 0.04 
0.03 2 4 9 3 0.1 2 10 0.02 0.01 6 10 
0.06 7 4 0.04 0.09 1 0.08 0.05 3 10 0.09 0.09 
0.06 9 0.1 0.03 0.05 0.1 9 0.03 8 0.1 2 5 
9 0.09 0.03 0.07 0.06 0.08 0.04 0.01 0.09 0.06 0.03 0.06 
2 6 0.09 0.08 0.04 0.05 4 0.04 7 0.05 0.01 0.08 
5 0.07 1 8 7 0.05 3 0.03 0.08 2 8 1 
12
5 0.06 10 5 1 3 10 9 9 4 0.07 
8 0.02 0.01 9 2 0.08 0.03 0.02 10 9 0.05 
7 10 8 5 3 8 0.02 1 3 0.04 0.09 
7 0.04 4 0.08 1 2 0.1 4 0.04 7 0.01 
9 9 3 10 0.1 3 0.02 0.07 0.04 0.04 8 
5 0.07 9 0.08 0.02 1 6 4 6 0.01 7 
4 0.01 1 0.02 0.06 1 0.04 5 0.08 0.07 7 
0.02 0.07 0.03 0.05 0.09 0.03 4 0.02 0.02 1 10 
1 0.05 1 0.07 0.03 0.07 0.05 0.07 8 0.07 0.04 
0.03 6 0.03 6 0.01 7 0.04 0.06 0.04 7 9 
0.09 0.1 0.01 7 0.06 9 3 0.08 0.05 4 0.03 
0.08 6 7 0.02 5 1 7 10 0.05 2 7 
10
4 9 0.05 3 8 0.08 0.08 1 4 
0.04 8 8 8 3 0.01 6 8 5 
0.04 4 9 0.1 0.01 9 1 0.02 0.06 
9 4 4 0.07 7 3 0.07 10 0.07 
0.01 5 6 0.06 0.06 4 8 4 0.03 
0.04 6 0.03 0.02 4 10 9 7 2 
0.07 8 5 2 0.04 0.02 3 0.05 0.05 
0.06 0.07 0.08 0.1 0.07 0.1 0.09 0.06 7 
0.07 2 4 0.07 9 4 0.09 10 0.09 
0.02 0.04 6 7 8 9 0.03 3 0.06 
17
3 7 0.06 1 0.1 0.04 7 10 8 2 10 10 7 7 1 9 
0.05 0.06 0.05 5 0.02 0.02 1 0.04 0.03 9 0.09 7 3 6 5 0.07 
10 9 9 9 0.02 10 1 1 0.08 0.06 8 2 0.05 0.05 2 8 
0.04 5 9 3 3 3 5 7 3 9 5 0.02 0.08 0.08 7 9 
1 0.03 6 0.1 7 2 0.06 0.03 10 9 0.03 0.03 6 9 0.06 0.03 
0.01 0.05 10 0.05 0.06 7 0.04 9 0.01 8 7 3 1 0.05 0.09 0.02 
0.04 5 0.01 0.1 0.06 0.08 0.05 0.02 0.03 0.08 9 0.03 0.01 0.06 0.06 0.08 
4 2 2 0.01 0.06 7 0.03 0.06 7 0.06 0.04 5 6 3 8 9 
0.03 5 1 0.02 0.02 7 6 1 0.06 0.08 5 0.03 0.03 0.1 0.06 0.01 
9 0.03 10 5 3 0.07 0.03 0.01 0.04 0.06 0.01 8 0.04 0.03 6 7 
0.09 0.03 0.04 0.1 0.07 0.04 4 0.07 3 5 10 8 10 0.02 0.04 10 
8 10 0.09 0.07 5 0.05 5 0.05 0.03 2 0.01 5 0.09 6 0.05 4 
8 0.02 0.01 0.02 0.09 3 0.08 0.01 6 0.02 0.01 0.07 3 0.01 7 8 
0.06 0.1 7 2 8 8 0.02 0.04 0.01 4 0.02 10 2 0.01 0.04 0.02 
8 7 0.03 0.1 0.03 4 0.06 0.02 0.03 7 0.05 0.1 0.07 5 0.08 0.1 
0.07 0.1 0.05 0.09 6 2 10 7 9 8 0.1 0.1 6 6 0.1 0.09 
0.02 0.06 7 3 6 3 0.07 0.08 2 9 0.01 0.06 2 10 0.07 0.07 
12
2 0.02 5 0.01 0.06 6 3 0.06 0.09 0.07 2 
8 0.03 10 0.05 0.06 0.01 0.02 2 0.04 0.08 0.01 
0.1 0.07 2 5 6 0.07 0.01 9 4 2 2 
10 5 10 0.03 2 0.05 0.01 2 0.1 0.07 0.06 
3 0.02 8 0.01 5 0.03 5 0.02 2 0.1 0.02 
3 4 1 0.09 8 0.1 0.08 0.02 0.07 0.09 6 
0.01 1 0.01 9 9 5 3 4 1 0.02 0.09 
0.07 7 7 2 8 0.09 0.05 8 0.01 4 0.1 
10 0.08 0.03 9 7 2 0.08 0.08 0.1 0.03 0.04 
7 0.1 8 0.02 10 0.1 10 0.06 3 4 5 
2 1 8 9 0.1 0.02 0.02 3 7 0.04 10 
7 0.02 0.07 5 0.07 0.03 0.07 0.09 0.01 1 8 
5
0.1 9 10 3 
0.01 5 0.04 5 
7 7 0.08 2 
0.07 0.04 0.08 0.02 
0.02 10 4 4 
18
8 0.03 0.09 0.04 0.03 0.06 0.09 0.07 0.03 0.05 7 0.1 0.02 10 4 2 7 
9 10 4 0.08 0.02 0.08 0.04 0.04 8 0.01 7 0.08 5 0.09 1 0.1 0.1 
1 0.02 2 0.05 0.02 9 0.07 0.05 4 9 7 0.02 9 0.1 0.02 7 0.02 
1 2 2 3 0.08 7 7 4 0.02 8 0.05 5 0.05 5 0.08 0.01 9 
3 4 1 0.04 0.04 0.08 0.05 7 2 0.09 6 3 6 0.06 8 8 6 
0.05 0.03 0.04 8 2 0.1 4 9 8 6 5 1 0.07 6 9 5 0.07 
0.01 0.03 10 0.1 2 0.01 0.05 5 0.09 0.02 0.1 0.07 3 0.06 8 0.05 0.01 
6 1 10 8 2 0.09 0.02 6 0.05 2 1 0.06 2 0.08 0.01 0.03 9 
0.02 0.06 0.09 0.01 4 0.03 0.06 0.05 9 2 1 0.07 0.09 7 0.04 5 0.04 
4 7 0.09 7 9 9 0.1 8 0.01 0.04 7 4 0.03 0.09 3 0.07 4 
10 0.03 4 7 0.04 9 0.07 0.01 0.05 0.02 10 0.06 0.02 0.1 4 1 5 
0.08 4 0.1 0.01 0.1 0.07 7 0.06 0.1 0.03 4 4 0.02 6 10 0.04 0.08 
0.02 6 6 10 0.04 0.03 5 0.06 0.09 1 2 0.09 0.03 0.08 0.05 0.05 0.04 
0.09 0.04 0.01 6 7 6 8 0.1 6 10 10 0.02 0.1 4 0.03 3 0.05 
10 3 0.09 5 10 0.09 10 0.02 8 0.02 9 6 0.05 0.08 9 0.03 0.08 
0.03 0.05 10 0.09 0.04 0.02 0.08 0.07 9 1 7 1 0.02 7 7 0.1 10 
0.07 0.08 7 0.04 8 8 0.02 9 1 7 0.09 0.01 0.03 10 0.06 6 9 
0.08 5 4 3 6 8 0.06 9 0.09 0.01 3 6 5 2 0.05 4 0.05 
5
9 0.05 0.06 0.07 
5 0.09 0.04 9 
9 9 7 0.03 
5 0.1 0.07 8 
9 4 1 0.04 
11
2 0.09 1 7 0.09 0.08 1 4 0.05 9 
7 0.01 7 0.09 8 0.03 7 0.08 1 0.1 
0.03 9 2 0.05 1 0.08 0.07 5 2 0.01 
8 8 3 2 10 3 9 0.04 0.03 6 
3 0.1 1 2 8 0.01 0.04 0.1 4 10 
3 5 0.03 0.01 0.07 0.09 0.09 0.08 0.03 1 
1 6 1 1 0.06 0.07 2 9 0.09 0.01 
0.04 5 7 0.01 10 0.1 4 4 10 0.08 
4 0.03 4 1 10 8 10 0.05 0.04 6 
7 0.04 0.1 0.04 1 5 0.04 0.01 9 0.01 
0.01 0.1 1 6 10 0.08 6 7 0.07 0.04 
20
8 4 3 3 3 4 1 1 9 0.05 2 5 0.07 0.09 0.03 0.06 0.09 5 0.01 
4 0.08 0.04 10 0.03 0.1 6 0.07 4 9 9 9 0.01 0.04 9 4 7 9 0.09 
5 5 8 6 0.1 0.08 0.01 0.1 0.1 8 0.06 0.07 8 0.1 0.04 0.04 0.1 0.02 0.08 
0.01 0.06 0.06 4 7 5 6 10 0.09 0.05 0.03 0.06 6 0.04 2 5 0.08 1 7 
9 7 6 0.04 3 0.02 10 0.06 10 1 8 4 4 2 0.06 8 1 0.08 6 
0.02 3 6 8 0.09 0.02 0.01 1 1 7 8 0.01 6 10 9 0.04 0.03 0.04 10 
0.09 10 6 0.09 0.05 10 0.03 3 0.04 5 1 7 0.03 0.1 0.08 0.08 0.07 7 0.07 
9 0.06 0.02 6 0.01 2 2 0.08 0.06 0.09 0.06 5 3 0.09 3 6 6 0.09 10 
0.02 5 0.05 6 5 2 0.06 9 9 0.01 2 0.02 0.05 9 0.06 0.09 8 1 0.09 
4 7 6 2 0.02 6 0.07 0.07 4 7 5 10 0.1 0.05 9 6 6 7 0.04 
0.05 8 8 8 4 0.06 0.04 2 2 0.01 0.01 0.01 0.01 0.08 8 6 7 3 0.08 
9 1 1 3 8 0.04 2 6 0.01 0.08 5 0.09 7 0.04 9 0.09 0.03 1 3 
0.06 0.09 0.08 3 1 0.1 1 0.03 0.04 0.04 8 0.09 1 6 0.04 0.05 9 0.07 0.03 
9 0.02 1 2 0.02 0.02 0.03 9 0.06 1 10 9 0.03 0.07 0.03 9 2 9 0.03 
5 0.06 0.1 0.05 8 0.06 1 0.03 9 7 0.05 4 10 0.03 0.07 8 10 0.07 10 
0.07 2 7 0.07 0.02 0.04 0.01 7 0.01 9 3 9 0.06 3 8 4 10 0.06 7 
0.05 0.08 0.06 6 0.02 0.08 9 0.05 1 6 2 0.06 0.07 10 0.02 0.05 4 0.05 10 
2 0.07 0.1 1 4 0.05 0.05 0.02 0.02 6 0.01 8 4 0.07 0.01 9 6 0.02 1 
1 3 0.03 1 6 3 4 8 8 2 9 0.1 4 2 1 7 0.06 0.05 0.05 
3 9 2 0.08 0.03 1 0.1 0.06 0.06 0.04 5 1 0.05 0.09 4 0.06 4 0.01 0.06 
11
9 6 3 9 0.01 0.05 0.02 9 3 1 
8 7 0.08 4 6 8 6 0.06 8 0.09 
2 7 2 4 9 0.05 8 10 2 0.08 
0.06 1 0.09 0.08 0.1 5 10 4 0.06 4 
0.02 0.1 0.01 3 3 0.09 0.06 9 0.06 1 
0.03 6 0.07 2 0.07 0.05 5 6 0.05 0.06 
9 5 4 0.09 0.09 4 0.05 2 9 3 
0.1 2 0.02 0.08 6 3 0.08 9 0.01 0.1 
7 10 3 3 6 6 0.02 8 0.06 10 
9 0.06 1 8 0.02 0.01 2 10 2 0.05 
8 0.02 0.09 4 5 5 6 0.1 0.05 0.08 
11
8 0.07 0.05 0.1 0.05 0.04 9 0.04 0.07 0.03 
0.02 5 5 7 9 0.07 7 4 3 0.08 
10 0.03 0.05 6 0.03 1 0.04 0.05 6 10 
0.04 0.1 10 2 0.05 10 1 0.03 0.08 0.07 
0.07 0.03 0.03 0.08 0.09 3 5 2 5 0.06 
0.02 4 0.08 0.08 5 6 0.02 1 0.06 3 
7 6 0.07 5 10 10 6 3 9 10 
6 0.04 3 0.01 3 0.03 0.08 9 5 4 
3 0.05 0.05 2 9 6 0.06 0.01 3 6 
0.04 4 6 5 0.05 0.05 0.1 6 0.07 0.09 
9 9 0.03 0.02 0.1 10 5 5 0.05 0.01 
12
0.05 6 0.03 1 0.08 9 5 5 0.05 4 0.1 
7 0.01 0.08 0.08 5 0.04 0.06 0.1 0.07 2 0.1 
8 10 3 4 0.1 5 7 10 9 6 4 
9 7 0.01 0.1 0.05 3 0.09 8 0.09 3 0.09 
0.06 3 0.02 7 8 8 0.09 0.02 0.08 0.05 10 
0.06 7 0.05 7 7 0.01 6 7 7 7 8 
0.02 0.03 0.05 9 1 0.02 0.08 6 9 0.06 2 
0.01 0.04 1 0.01 6 0.08 2 0.06 0.06 0.04 3 
0.04 6 1 2 3 0.09 0.09 0.07 8 3 10 
7 4 0.01 10 10 2 7 0.06 0.04 10 0.06 
1 0.09 4 3 0.05 0.08 0.01 7 0.02 4 1 
0.06 0.08 0.05 0.1 7 2 10 6 8 0.01 10 
7
6 5 0.06 0.02 0.03 4 
2 2 7 3 0.02 8 
0.06 4 8 4 0.07 5 
0.06 0.08 4 0.1 2 0.07 
0.03 10 0.08 7 5 4 
0.05 5 0.06 4 6 0.01 
2 5 2 1 0.01 0.09 
14
6 0.01 5 1 8 0.07 0.05 0.03 9 0.07 0.07 0.1 9 
0.09 0.03 0.05 0.07 3 9 0.02 0.05 0.04 0.07 0.05 8 4 
10 0.02 0.08 0.07 6 8 0.08 0.03 3 0.02 3 0.07 1 
0.05 0.02 3 3 10 0.05 0.01 0.08 2 8 0.01 9 7 
8 0.01 0.04 0.07 0.05 0.07 0.05 0.08 0.02 0.09 0.05 4 5 
2 0.07 4 2 0.03 0.01 2 0.09 2 0.04 0.02 0.07 4 
0.09 4 0.02 0.06 0.04 0.03 5 2 4 10 1 5 0.1 
0.1 6 8 1 8 7 1 3 0.06 0.08 2 10 0.03 
0.02 4 4 0.09 0.06 0.03 0.08 8 0.03 4 0.02 0.01 7 
0.1 3 5 0.1 7 1 0.02 10 0.02 0.03 0.01 8 0.1 
5 7 0.03 0.07 8 0.1 0.1 0.1 10 0.05 0.05 0.07 0.06 
3 2 0.01 0.03 7 4 1 0.04 9 0.06 3 0.1 5 
4 0.01 8 0.01 5 0.05 9 2 3 0.04 2 0.09 1 
0.01 0.08 3 6 9 0.06 3 0.01 0.07 0.07 0.02 1 6 
14
0.04 8 0.09 2 10 9 2 8 0.05 2 5 8 0.02 
0.04 3 0.04 2 1 7 0.04 5 0.08 0.05 0.06 0.04 0.1 
0.08 0.01 4 0.05 0.09 3 9 0.01 4 0.01 0.07 4 0.04 
0.1 0.07 5 0.06 0.02 0.1 0.06 0.05 8 0.1 9 0.02 0.02 
8 9 0.04 0.09 7 3 9 0.02 0.02 0.06 5 10 0.01 
9 0.07 1 0.05 0.05 6 8 6 4 6 0.02 0.02 0.03 
10 2 0.1 0.04 10 10 2 0.02 0.08 9 10 8 0.07 
0.01 7 0.05 0.06 0.08 5 2 4 0.08 0.06 3 8 0.08 
0.03 0.01 5 7 5 8 6 7 0.05 0.04 9 4 0.1 
0.09 0.07 0.03 1 8 5 0.06 5 10 0.09 1 4 2 
0.06 7 2 0.01 10 0.08 7 5 10 10 0.04 4 5 
0.05 0.09 10 0.03 8 0.01 0.02 0.02 0.1 4 8 0.05 0.07 
6 0.01 0.05 8 0.03 6 3 8 0.01 4 8 10 0.08 
4 0.03 0.01 10 9 0.07 0.07 3 0.03 5 0.09 10 0.08 
11
0.07 3 2 6 5 0.02 0.03 0.03 2 1 
0.05 8 6 0.04 0.01 0.03 8 0.1 0.09 1 
10 10 7 0.1 4 0.02 0.07 2 3 10 
5 10 0.08 0.02 5 10 0.03 0.06 1 8 
0.05 1 9 4 8 5 6 4 0.05 0.09 
0.07 0.03 0.07 0.09 0.02 0.02 7 9 5 7 
5 4 0.07 3 3 0.09 10 0.09 0.09 4 
0.04 0.08 0.08 5 7 5 0.03 0.02 6 0.09 
0.06 7 0.1 0.01 3 0.09 0.1 0.06 2 0.1 
2 10 2 0.04 7 5 1 0.07 0.07 0.08 
0.03 5 2 10 0.02 2 3 8 3 0.02 
8
6 0.04 8 4 1 0.08 0.07 
0.08 8 0.08 3 10 9 0.07 
0.05 4 0.07 8 1 10 0.03 
0.07 5 6 6 0.1 0.05 2 
0.03 0.03 0.04 8 4 5 6 
0.05 10 7 6 8 0.07 9 
0.06 0.05 0.08 4 4 0.03 0.06 
1 1 9 5 0.06 8 1 
20
9 0.05 9 0.06 0.06 0.09 0.1 0.03 6 0.08 0.02 0.05 5 0.04 0.05 8 2 1 0.04 
0.06 4 6 0.1 0.01 0.01 5 0.08 8 4 0.1 0.09 1 10 1 0.08 2 0.02 6 
0.06 0.07 5 9 0.01 5 8 0.02 2 8 0.03 4 0.06 0.02 0.03 0.09 3 0.06 6 
0.1 10 0.1 8 0.05 2 9 1 0.05 0.07 0.02 4 0.09 5 4 7 0.07 0.06 5 
0.07 0.02 1 3 0.03 0.06 0.05 0.09 0.08 5 0.01 0.03 0.01 0.04 0.06 10 7 0.1 3 
8 10 5 2 0.02 0.01 2 4 8 4 0.01 0.1 0.01 0.02 3 0.02 9 4 5 
0.07 0.04 2 0.08 0.1 10 0.07 0.03 9 2 2 4 4 0.04 0.06 2 4 9 0.1 
0.01 0.01 0.03 0.09 0.04 8 0.08 9 3 0.05 0.1 4 0.02 0.07 0.02 6 0.06 0.02 0.04 
0.04 7 2 1 6 3 10 10 4 10 1 0.07 4 2 0.01 5 3 6 0.06 
5 0.1 0.02 10 2 3 5 3 0.08 0.03 1 5 0.07 6 1 0.08 0.03 3 6 
0.06 0.07 9 10 0.01 8 0.08 6 3 0.09 0.04 10 5 0.09 7 10 0.02 10 0.07 
0.02 0.08 1 0.08 7 0.09 9 0.05 0.04 2 0.07 0.06 0.01 2 0.08 0.1 0.05 9 0.02 
0.01 0.07 0.04 0.01 4 0.07 6 4 9 0.08 0.04 8 5 1 7 0.09 10 6 0.01 
1 0.01 0.1 10 0.07 7 0.08 0.1 4 8 7 0.06 0.01 0.01 8 0.04 5 6 10 
0.07 3 2 4 0.07 6 10 8 0.08 0.1 0.05 0.09 6 2 8 6 0.08 0.08 10 
0.01 0.08 0.09 0.09 0.02 4 0.04 10 0.06 0.05 7 9 0.07 1 0.07 0.06 5 3 10 
9 7 0.04 1 0.02 0.09 0.04 9 0.08 0.1 0.1 8 3 8 0.07 6 9 7 0.02 
5 4 0.1 0.09 0.1 0.03 5 4 0.08 6 1 0.02 7 9 0.02 0.01 3 10 0.1 
0.09 5 0.08 5 2 0.08 0.07 0.08 5 9 8 0.03 7 0.01 7 5 0.1 0.07 9 
0.09 0.03 0.06 5 0.09 0.08 3 0.07 2 1 0.1 3 2 0.04 10 0.09 2 0.05 0.02 
3
0.1 0.09 
2 0.04 
0.06 0.08 
14
4 2 3 3 7 0.01 3 5 0.04 4 0.04 0.05 4 
0.02 0.1 7 0.1 8 0.03 0.04 1 7 9 8 6 0.06 
2 7 0.03 5 8 0.04 9 10 1 9 8 0.05 6 
9 4 2 0.06 0.1 7 9 5 2 4 3 5 6 
0.07 9 0.02 4 3 0.1 0.03 0.05 3 0.04 7 9 7 
5 0.04 0.04 10 2 10 6 9 10 4 0.1 8 2 
8 4 0.02 0.05 0.08 0.05 0.01 0.08 1 0.02 8 10 0.05 
6 0.02 0.06 0.08 0.04 0.08 0.05 0.07 0.03 0.06 0.07 0.02 0.05 
10 10 4 0.06 3 0.05 0.01 0.1 6 4 0.04 0.09 6 
0.05 0.03 6 4 0.06 10 3 0.03 2 5 3 0.06 0.03 
3 0.09 6 0.05 0.03 0.01 0.05 2 8 7 0.02 0.05 0.1 
0.07 0.03 6 1 0.02 0.08 0.05 6 5 0.01 0.06 1 9 
10 0.08 10 6 4 7 0.05 10 5 2 0.09 0.02 0.02 
8 0.08 0.04 10 0.08 6 0.02 0.05 0.04 7 2 8 0.03 
16
0.04 0.1 4 8 0.05 0.1 0.03 0.02 10 0.01 0.05 0.05 0.01 6 9 
1 0.08 2 0.01 0.02 5 0.02 10 0.03 5 0.07 3 8 7 6 
0.04 6 0.06 0.03 7 3 5 9 9 3 0.04 0.03 0.09 9 3 
0.09 1 0.08 0.03 0.03 0.03 0.01 0.1 0.01 10 2 2 10 0.05 0.05 
3 3 0.09 10 9 10 8 0.09 0.09 0.06 0.03 1 0.02 0.05 0.08 
0.03 0.03 3 5 3 4 6 3 9 4 0.08 0.02 1 7 10 
4 0.04 0.08 8 8 7 3 3 6 0.06 6 0.05 0.01 0.02 10 
1 4 10 0.01 0.04 8 10 3 0.05 0.04 0.07 3 7 0.07 0.1 
9 10 0.05 0.04 0.07 4 8 0.05 0.06 0.08 9 10 0.06 4 4 
10 0.04 0.05 0.08 3 0.07 9 10 0.04 3 6 7 2 0.01 5 
9 8 3 0.09 2 0.05 9 0.02 0.06 0.05 0.07 9 5 0.05 0.06 
1 0.04 0.06 1 6 0.07 9 0.03 0.03 0.05 6 7 4 0.06 7 
0.08 5 5 7 5 6 2 6 0.04 0.02 0.06 9 3 0.04 1 
0.09 8 10 0.04 0.08 8 0.09 7 0.03 3 0.07 0.03 1 7 0.02 
0.05 6 3 0.05 1 0.05 5 8 8 1 0.05 0.09 0.03 0.02 3 
0.07 3 0.1 8 0.03 0.07 7 10 0.03 5 0.08 0.01 6 0.05 0.03 
20
10 3 0.05 0.09 0.01 0.06 0.03 0.07 10 1 0.02 0.04 0.06 3 0.1 0.02 4 0.01 0.03 
8 6 0.09 0.01 5 9 4 0.05 0.09 5 2 10 3 8 0.02 0.02 0.02 3 6 
0.06 5 0.05 0.06 6 0.09 0.04 3 3 0.08 0.08 0.1 9 7 2 0.05 0.02 0.02 0.07 
5 1 1 3 0.08 9 0.06 4 6 6 0.04 0.04 5 0.08 2 0.04 7 0.1 8 
0.01 0.07 10 5 7 6 0.03 0.01 7 1 2 8 8 0.09 0.01 9 0.02 10 8 
5 0.06 0.07 0.08 3 2 7 6 8 0.08 0.1 0.03 9 0.04 5 0.03 0.06 9 0.06 
0.09 9 0.02 0.04 10 0.1 0.08 4 8 5 0.01 2 0.08 0.01 0.09 0.02 0.05 0.08 6 
3 3 2 2 0.02 0.08 0.01 5 1 10 0.08 0.08 6 9 8 0.05 0.09 0.03 8 
0.05 4 4 0.09 0.07 0.1 0.01 0.04 0.06 9 0.02 0.08 0.07 0.03 0.06 0.03 0.09 1 0.01 
0.01 8 0.02 8 5 3 8 0.01 0.1 2 0.05 0.02 6 0.04 3 5 1 4 10 
7 0.05 8 0.04 9 0.05 0.06 0.06 7 0.08 7 4 4 0.03 6 9 6 2 0.06 
2 0.09 4 0.06 2 0.01 0.02 0.09 9 10 9 0.03 0.08 0.01 0.03 5 10 1 0.08 
0.02 8 0.08 0.09 0.05 8 0.08 9 0.05 9 5 0.01 5 3 3 1 0.1 0.07 8 
3 2 0.07 7 10 0.01 6 0.09 5 0.06 0.07 0.08 0.03 0.06 4 0.05 0.06 6 6 
6 0.04 0.03 2 0.05 3 0.02 0.09 7 6 0.02 0.06 4 0.02 0.02 0.03 0.02 4 5 
0.04 0.1 10 0.07 1 0.1 6 4 0.07 0.01 8 0.04 9 5 0.08 7 0.09 0.09 7 
0.06 0.09 3 0.07 5 0.05 10 8 0.01 0.08 0.09 6 8 0.01 0.01 0.01 0.04 0.02 0.03 
0.03 0.01 3 0.09 0.04 7 6 7 10 0.04 10 7 1 10 7 0.01 10 7 2 
0.02 0.05 0.06 2 10 6 0.01 0.08 0.06 8 2 7 0.04 0.04 0.07 0.05 0.01 0.06 0.09 
0.09 9 0.02 0.1 6 9 0.1 0.08 2 0.01 0.01 0.02 6 5 8 0.1 0.01 2 8 
4
0.04 0.1 0.05 
4 2 0.01 
0.05 0.08 0.05 
0.05 0.08 6 
15
4 10 6 4 0.01 0.07 0.04 0.01 0.08 0.02 5 1 0.07 2 
2 10 0.1 0.06 0.1 0.07 10 9 0.09 0.1 7 3 4 0.05 
0.09 0.03 1 5 1 6 10 0.1 0.05 2 8 10 3 0.05 
0.04 5 0.06 0.03 0.09 0.07 8 0.01 0.05 0.06 0.09 0.03 8 0.1 
4 0.05 0.05 0.1 7 0.06 9 0.06 0.05 0.04 0.06 8 0.06 1 
2 0.02 0.05 0.04 7 9 6 9 7 1 10 0.1 0.03 0.1 
0.08 0.1 10 5 0.07 4 2 0.06 7 1 9 0.04 6 0.04 
1 0.05 3 8 5 8 2 4 0.03 0.1 5 2 2 0.01 
9 0.04 0.08 8 0.02 0.04 9 0.07 2 2 1 3 2 7 
0.09 0.1 3 7 2 2 10 0.09 6 0.08 0.05 0.01 10 10 
0.06 4 4 0.01 0.07 0.06 0.01 1 0.02 0.09 0.04 0.04 5 4 
7 5 0.09 7 0.03 0.08 5 7 0.1 6 7 0.08 9 9 
5 7 5 3 0.01 5 6 0.02 0.05 5 0.06 6 4 2 
0.04 0.06 2 0.08 0.05 10 9 8 0.06 3 0.07 5 8 4 
3 0.03 0.05 0.04 10 2 1 0.09 0.05 3 0.06 2 0.03 0.05 
14
8 10 3 7 9 0.01 4 10 0.04 10 1 0.06 0.02 
0.09 0.02 0.05 9 2 0.09 0.02 10 6 0.08 9 0.05 0.02 
0.08 0.02 0.05 0.07 8 0.06 0.05 8 0.05 9 3 0.08 0.1 
1 4 9 0.09 1 0.1 0.09 9 4 10 5 1 9 
0.07 0.03 2 0.1 0.05 7 0.07 0.06 5 4 0.07 0.06 8 
0.01 0.04 0.02 5 0.06 7 2 0.03 0.05 0.06 0.06 0.03 0.03 
0.06 6 0.09 2 5 0.02 0.08 6 0.02 6 0.05 0.04 0.09 
9 8 1 0.01 0.07 0.03 0.02 2 0.07 10 4 0.08 6 
0.08 0.01 0.08 0.08 0.02 8 4 0.02 3 3 0.05 4 0.01 
0.07 5 10 1 0.1 0.1 4 6 0.04 6 0.05 0.08 3 
0.07 0.07 2 0.05 5 0.09 0.05 4 0.05 0.06 0.09 9 4 
3 1 0.03 0.1 5 0.02 0.07 3 0.02 3 0.01 0.02 7 
5 0.05 0.08 0.08 0.02 7 9 2 0.1 7 0.03 10 0.02 
1 0.06 0.04 0.02 0.07 6 0.09 4 8 0.06 3 0.07 0.08 
12
7 0.08 4 2 5 3 8 10 0.1 5 0.04 
10 10 0.09 0.03 0.04 10 5 0.02 0.04 0.07 1 
0.07 0.05 0.07 0.01 8 0.03 6 0.05 0.09 0.07 10 
1 7 8 0.09 0.07 9 2 1 0.05 0.04 0.05 
0.09 0.07 8 0.05 4 0.08 0.09 0.03 0.04 3 10 
7 7 9 8 0.1 0.03 0.03 0.09 7 2 0.02 
9 7 0.03 4 3 0.03 1 0.1 0.05 0.05 0.05 
8 4 6 0.07 4 0.02 7 8 0.07 0.01 9 
0.01 0.1 7 3 0.01 4 0.04 0.09 6 0.05 1 
0.02 0.02 9 0.08 0.04 6 4 0.08 0.02 7 0.03 
4 0.1 3 7 0.05 0.02 7 9 8 3 0.05 
5 0.03 0.01 1 10 0.05 0.04 0.03 0.1 8 3 
6
0.01 10 10 0.08 0.07 
9 0.01 4 0.08 0.08 
1 0.08 4 0.08 8 
0.08 0.1 0.01 0.01 0.06 
7 0.1 3 0.01 0.01 
6 2 0.01 0.08 0.01 
20
9 0.1 0.04 6 5 0.08 3 0.02 6 6 0.07 6 6 9 2 0.04 7 0.06 2 
0.01 0.04 0.06 0.03 0.01 0.08 2 0.02 0.06 7 0.01 7 8 7 0.03 4 0.05 0.01 3 
7 1 9 0.1 8 6 0.08 3 10 0.08 4 0.05 0.04 5 0.09 0.07 0.09 0.1 0.1 
0.06 4 3 0.09 0.06 6 0.05 0.04 0.07 9 0.01 0.07 0.03 5 3 0.01 1 1 0.05 
0.09 7 3 0.04 0.1 0.03 1 0.05 0.1 4 0.1 0.08 0.04 4 0.02 0.03 0.09 3 0.09 
0.07 0.06 0.06 2 4 0.08 0.05 3 0.07 10 10 9 0.1 1 0.09 0.09 8 5 0.01 
4 7 1 8 3 9 0.05 3 1 1 0.05 1 0.04 0.08 0.01 5 2 5 3 
0.06 6 0.08 0.04 3 2 0.06 0.02 0.1 0.03 4 0.05 0.08 10 9 5 0.08 9 10 
5 0.07 6 0.03 7 0.02 0.09 4 4 9 0.03 0.06 1 0.07 0.08 2 0.09 9 9 
0.1 3 6 0.07 0.03 10 3 0.09 0.09 2 0.09 1 0.01 0.08 0.02 10 3 0.03 0.02 
7 0.09 7 8 0.1 4 1 10 3 0.01 9 0.07 0.04 0.09 6 5 6 8 5 
6 0.01 6 0.02 3 6 4 0.05 0.02 8 4 0.02 0.06 2 0.09 8 0.01 0.04 10 
2 0.08 6 0.01 10 0.08 4 1 0.1 2 9 0.07 0.05 0.05 3 2 0.07 1 10 
0.01 0.04 0.08 0.1 0.02 4 9 4 0.09 2 5 0.07 9 0.05 5 0.1 4 4 1 
9 2 5 0.05 6 0.05 0.06 2 0.05 0.05 0.09 0.04 0.04 0.02 9 0.01 3 0.09 3 
0.06 0.06 5 0.1 2 0.06 3 0.06 0.03 4 7 0.05 0.09 0.09 6 10 0.09 1 0.06 
0.1 0.04 0.04 0.1 3 0.09 6 8 0.02 0.08 4 1 0.04 9 3 3 0.02 8 0.03 
5 9 1 0.07 0.05 6 0.08 0.05 0.03 8 2 5 0.04 1 2 0.09 0.08 0.08 2 
0.08 3 8 2 9 0.01 5 0.08 8 0.06 0.01 0.02 0.03 0.07 0.09 0.05 0.03 9 0.08 
0.03 4 0.03 0.06 9 10 2 1 10 0.03 4 0.04 0.07 5 7 0.05 0.09 3 0.07 
2
5 
0.01 
4
0.01 5 0.03 
0.07 8 4 
0.08 9 10 
0.04 0.01 0.09 
8
9 0.04 0.1 0.1 0.1 0.02 0.07 
0.04 0.01 0.05 0.06 0.08 4 0.1 
0.03 3 0.08 0.1 0.01 7 0.09 
7 7 0.03 0.08 6 7 0.03 
8 9 8 3 6 0.02 0.01 
0.07 8 4 0.04 1 0.03 0.06 
0.09 0.09 0.09 0.08 0.07 10 1 
9 0.01 0.01 9 1 10 4 
14
9 0.05 10 0.05 0.09 0.03 10 9 0.04 0.01 0.01 8 0.09 
0.04 0.04 7 8 0.09 3 3 2 8 0.09 3 7 0.01 
0.02 1 8 10 0.01 0.03 8 5 0.04 1 0.02 7 0.05 
3 2 8 0.02 0.03 3 10 10 0.02 0.04 0.07 0.04 2 
0.07 6 0.06 0.02 0.02 10 7 0.04 6 2 6 0.02 0.09 
5 0.06 7 3 0.04 0.1 6 5 6 0.08 10 2 0.08 
0.04 5 0.07 3 0.06 0.05 0.01 0.07 3 0.02 0.07 8 0.05 
0.07 8 3 0.03 0.02 7 1 0.04 10 0.04 0.04 8 3 
1 0.09 0.08 1 10 5 0.1 0.1 1 8 0.07 0.07 3 
6 0.05 0.06 9 0.01 10 0.01 5 1 1 1 0.02 0.04 
5 0.07 1 0.09 1 0.02 8 0.06 0.04 0.06 0.01 2 7 
0.01 10 5 5 0.03 4 2 4 5 5 0.09 6 0.06 
0.01 0.07 0.1 0.05 0.01 0.05 0.01 1 7 9 5 0.03 3 
0.06 6 0.05 9 0.03 0.08 0.08 6 0.04 8 10 0.07 6 
2
0.08 
0.03 
10
2 0.06 10 7 2 0.09 3 0.1 0.01 
0.02 0.02 0.08 0.09 0.05 10 3 0.08 0.07 
2 10 0.09 1 0.03 8 0.07 0.03 0.08 
0.06 7 0.05 0.04 8 5 0.09 0.09 0.09 
0.06 0.08 9 0.02 5 5 0.04 0.09 10 
7 10 4 9 0.1 0.1 0.04 7 0.05 
0.06 0.02 0.1 2 0.05 3 0.03 8 4 
6 4 1 3 0.09 5 5 0.09 0.1 
1 0.01 2 1 0.04 0.05 9 10 0.05 
0.05 4 0.06 6 8 0.06 0.02 10 3 
14
3 0.1 0.09 0.09 0.07 0.04 5 0.1 0.07 0.03 0.05 2 0.09 
2 2 8 0.06 4 4 4 0.02 0.07 0.07 4 0.03 0.1 
3 10 10 2 0.04 0.05 0.07 4 0.1 1 0.03 0.07 0.03 
0.03 6 0.03 3 9 4 0.03 0.1 0.06 0.05 7 0.05 0.05 
5 0.07 0.02 0.03 1 5 7 5 0.04 7 4 0.1 0.1 
2 0.05 0.02 0.09 0.06 0.08 0.07 3 0.1 6 0.01 0.01 3 
9 0.02 10 3 1 0.03 0.02 0.09 7 0.07 0.07 10 0.01 
1 7 5 0.07 0.02 1 10 8 0.1 0.01 0.09 0.03 0.07 
0.02 10 6 3 0.04 0.06 0.04 6 2 0.05 7 0.1 0.01 
4 4 0.02 7 8 0.02 0.05 7 0.06 9 4 0.06 10 
0.02 9 8 5 0.03 0.07 8 0.03 0.03 0.05 0.08 0.1 1 
0.06 0.01 8 0.05 5 0.1 4 6 2 4 0.02 0.01 0.07 
0.06 0.03 0.09 0.02 0.05 0.01 0.07 0.02 0.05 0.08 0.06 0.02 3 
6 9 1 8 0.1 2 0.04 1 0.05 0.1 3 2 0.04 
18
0.06 0.02 2 8 5 0.01 0.01 10 0.1 3 0.1 0.04 0.03 7 2 0.02 9 
0.06 7 3 3 9 0.08 0.05 0.03 2 0.06 0.08 3 1 8 0.02 0.04 6 
0.09 1 0.1 0.05 0.07 0.06 0.06 1 0.02 10 0.03 0.09 0.02 0.06 6 6 0.08 
0.06 6 6 10 10 0.07 0.06 8 0.03 5 0.1 1 0.03 0.05 1 0.05 0.1 
0.07 0.02 6 1 0.01 0.1 1 0.08 0.03 3 2 0.1 0.03 0.08 0.07 7 0.03 
0.1 0.08 0.1 0.06 0.07 2 3 1 8 0.1 8 0.07 9 3 6 2 0.03 
5 9 2 7 0.09 0.08 4 2 0.02 0.05 4 0.1 0.08 0.01 1 10 0.04 
0.06 2 9 0.01 10 1 8 9 9 0.05 9 0.05 1 0.01 10 8 0.1 
0.07 0.09 0.04 2 0.09 0.06 1 10 0.04 0.07 0.07 0.02 7 2 6 3 9 
10 10 0.06 10 0.06 0.06 0.05 4 6 0.08 7 0.09 9 9 0.07 0.03 10 
7 0.01 0.06 6 0.03 0.1 10 0.06 2 3 1 0.06 2 7 0.08 8 0.01 
0.1 5 0.07 0.05 3 0.01 2 2 3 0.05 0.02 0.1 0.02 0.05 2 7 1 
0.07 9 3 5 0.1 5 0.01 3 5 2 3 0.02 2 0.02 4 0.1 0.1 
10 9 0.06 0.01 9 8 6 0.06 0.06 0.1 6 0.1 10 0.1 0.02 7 2 
0.07 0.02 7 8 1 0.06 10 0.05 0.08 0.01 0.07 0.1 9 5 0.04 0.1 3 
0.06 2 2 0.06 8 8 0.04 2 0.03 3 4 0.04 0.06 5 0.07 6 0.05 
0.05 0.09 0.03 0.05 0.09 0.05 0.01 8 9 4 0.1 9 4 0.1 7 6 10 
2 0.01 0.02 0.03 9 0.04 7 7 0.05 10 9 0.09 3 0.03 7 0.03 5 
7
6 6 0.1 0.05 0.06 0.02 
0.02 6 0.06 3 0.02 0.07 
0.05 2 3 0.05 6 1 
0.1 1 2 1 0.09 8 
4 8 9 5 0.03 0.05 
0.1 0.04 10 0.01 10 5 
2 0.05 10 4 3 9 
11
3 0.08 9 0.08 8 8 0.03 1 1 0.05 
6 0.05 0.08 0.02 6 0.04 7 6 5 3 
6 0.03 8 0.02 0.05 3 0.01 0.1 6 7 
0.03 0.09 1 0.05 0.08 7 0.08 3 4 0.03 
0.01 10 0.03 0.09 9 9 0.05 0.01 3 1 
0.02 0.05 0.08 4 0.01 9 0.01 1 0.06 2 
0.04 0.06 0.08 3 1 1 1 0.02 0.01 9 
0.01 2 6 5 0.02 6 6 2 7 0.04 
7 0.1 9 0.05 7 0.01 10 10 5 0.06 
1 0.1 2 0.1 5 6 0.08 0.09 7 5 
6 0.02 7 1 0.05 7 0.08 0.01 0.08 8 
8
3 0.01 0.03 0.05 0.01 0.01 0.1 
0.03 7 5 0.01 0.1 0.09 0.05 
0.06 0.02 2 7 9 0.1 10 
0.05 0.07 10 1 6 0.02 8 
4 0.09 10 8 4 6 6 
0.1 5 5 1 4 0.08 0.02 
0.05 0.09 0.02 8 9 3 0.1 
4 2 0.1 7 0.08 9 0.09 
20
1 0.04 3 2 9 10 6 3 0.05 0.06 8 4 10 0.1 0.1 0.1 10 10 6 
3 4 0.08 3 0.03 0.08 4 0.1 0.07 0.09 0.09 0.02 8 0.02 0.03 0.08 2 0.07 0.01 
9 0.07 1 0.01 0.08 0.09 0.03 6 5 0.05 0.01 0.05 0.03 0.09 0.05 10 0.02 10 0.07 
3 7 0.01 0.07 3 0.1 0.09 5 0.08 0.09 6 0.06 0.06 1 0.1 4 2 3 0.09 
9 0.01 0.09 7 2 0.09 10 0.03 0.1 3 2 0.08 0.04 0.06 2 0.06 0.06 7 6 
0.06 7 0.07 0.1 0.02 7 0.01 0.06 0.04 0.08 0.06 4 0.08 7 3 0.08 9 0.04 10 
5 3 6 10 2 0.01 0.03 0.09 0.07 6 0.01 0.06 7 0.01 10 3 0.03 0.06 9 
8 0.08 0.1 0.05 6 4 5 0.09 1 4 5 0.03 8 2 2 0.08 1 0.09 5 
7 4 0.02 0.04 8 5 0.07 0.04 6 0.04 0.05 8 0.06 7 8 7 0.02 5 0.09 
0.03 0.04 0.07 7 9 2 0.1 0.08 8 6 6 5 0.09 2 0.09 3 0.06 9 5 
3 7 0.05 1 0.05 0.05 0.02 0.04 2 3 6 0.04 0.03 3 0.02 6 1 9 0.09 
7 7 0.03 0.01 6 0.08 7 0.09 10 9 0.02 0.1 0.04 10 0.05 1 0.01 2 7 
9 0.04 10 0.1 0.1 0.1 2 9 9 0.01 4 6 0.05 0.03 0.09 0.08 1 0.05 2 
9 0.03 10 0.1 0.05 1 7 9 9 8 0.1 0.1 5 0.08 0.01 0.02 1 7 0.09 
9 0.04 0.09 0.03 2 0.01 0.03 7 7 3 9 4 3 0.06 5 5 0.07 1 9 
2 5 0.1 0.03 0.09 7 0.04 0.05 0.06 2 0.06 5 9 0.09 0.06 0.03 0.07 0.01 4 
3 0.03 0.05 0.05 4 0.07 2 0.02 0.03 7 9 8 1 9 2 5 0.05 0.03 0.03 
0.08 8 0.02 6 0.05 3 9 0.04 3 1 6 2 0.06 0.08 5 5 7 0.07 1 
1 10 0.06 0.04 0.05 0.04 0.06 0.08 10 0.04 0.01 0.07 1 0.08 0.02 9 0.03 0.06 0.07 
7 5 7 10 0.08 7 0.06 10 0.04 6 0.06 10 9 2 0.1 0.03 0.1 0.07 0.07 
2
5 
0.08 
2
6 
0.03 
9
8 10 10 3 0.05 2 0.09 3 
0.06 2 0.1 0.07 0.03 0.02 9 0.02 
1 0.1 4 0.02 8 0.1 2 0.01 
1 0.09 9 7 0.01 0.09 0.08 0.06 
1 8 0.07 1 2 1 3 1 
0.03 4 0.03 3 8 3 0.01 3 
3 0.04 9 4 6 0.05 5 0.03 
0.03 0.09 6 9 2 8 10 2 
1 0.03 0.1 1 1 4 0.09 2 
3
0.01 6 
0.05 0.02 
7 0.06 
9
0.09 10 0.07 0.07 0.04 0.01 0.01 2 
1 0.03 8 0.02 0.06 0.03 0.04 3 
6 2 0.01 8 0.05 0.1 8 0.09 
3 6 0.05 0.08 0.05 0.09 9 1 
2 6 1 0.06 2 0.01 0.06 0.08 
10 10 0.1 5 7 4 3 9 
7 0.07 8 0.02 7 10 0.01 1 
0.01 6 0.07 6 0.02 7 0.03 0.09 
10 0.06 0.07 8 0.09 0.05 0.05 1 
11
0.06 0.02 1 0.07 1 0.02 9 6 6 1 
2 0.02 9 3 0.02 0.09 3 3 0.04 2 
10 0.01 0.05 0.03 1 2 6 10 5 0.08 
0.1 4 0.07 5 0.06 5 0.1 4 0.03 4 
0.09 5 9 8 0.06 0.1 2 0.07 10 8 
7 0.1 8 0.01 9 0.03 0.1 0.01 0.01 0.01 
4 2 0.03 2 0.1 0.07 0.02 0.03 10 0.09 
7 0.05 0.08 0.04 4 0.05 0.04 0.02 5 10 
0.03 10 3 2 5 10 2 0.07 0.09 8 
4 0.1 9 5 4 0.08 0.1 9 9 5 
2 4 8 0.03 0.1 9 0.03 1 9 6 
18
0.03 0.09 8 0.08 5 0.1 5 6 5 5 0.01 0.07 0.08 8 0.03 0.02 0.08 
0.04 10 4 2 0.03 0.05 0.1 10 0.03 0.02 0.08 8 0.02 5 5 0.03 8 
10 8 0.04 0.07 0.08 0.07 0.1 6 9 0.1 8 6 5 0.05 10 0.01 0.03 
0.01 0.08 5 2 1 0.01 0.02 9 0.06 3 0.09 2 5 0.05 0.1 0.04 4 
0.07 0.05 10 10 1 0.1 3 7 0.06 0.02 0.09 8 0.03 0.01 8 6 2 
2 6 0.01 2 6 6 9 8 0.08 0.08 0.09 0.04 5 3 5 0.01 0.05 
7 0.03 0.06 2 0.01 0.02 0.01 0.04 5 0.07 1 9 2 7 8 9 6 
2 9 0.02 3 7 2 0.1 0.03 4 8 0.06 4 3 3 0.05 0.02 9 
10 10 0.03 5 7 0.1 1 0.03 0.05 0.09 1 10 2 2 1 0.05 1 
2 0.1 0.07 0.1 0.06 0.1 9 0.07 0.03 7 0.1 7 0.03 0.02 8 0.01 5 
4 7 8 0.04 1 0.02 9 4 7 4 0.05 0.02 0.02 8 7 2 0.04 
5 0.01 8 0.1 0.08 4 3 0.05 0.04 0.01 5 4 0.05 0.04 0.01 5 0.08 
3 7 5 0.1 6 0.08 7 0.08 7 1 4 0.1 1 5 6 0.1 0.07 
10 0.1 9 0.1 0.05 8 4 5 0.05 9 0.06 6 4 2 0.08 0.1 0.09 
0.06 0.04 0.03 2 0.01 6 0.1 0.04 0.05 0.07 0.1 1 0.03 10 0.06 1 6 
0.06 0.04 9 3 9 4 0.01 0.01 0.09 0.07 0.01 7 2 9 3 0.08 3 
7 0.05 5 0.02 5 8 0.1 0.05 5 7 0.06 4 0.01 0.09 6 10 2 
0.01 7 6 4 6 0.09 9 5 5 0.03 5 5 0.03 5 0.01 6 4 
7
9 7 0.1 0.1 8 4 
8 0.06 0.08 1 2 6 
2 10 5 5 7 0.05 
10 0.05 0.07 1 0.01 0.1 
5 0.1 0.01 10 0.07 4 
0.02 0.05 0.1 0.03 0.04 0.08 
0.05 0.05 4 0.04 5 5 
18
0.05 6 0.1 0.05 2 8 0.05 4 5 6 8 6 5 0.06 9 7 7 
0.07 9 0.05 3 0.01 9 8 7 6 4 0.06 5 6 2 0.06 4 5 
0.02 2 10 0.02 0.06 3 0.03 0.06 8 3 0.03 5 0.1 3 0.01 5 0.05 
8 0.08 4 0.08 0.05 3 0.05 0.02 2 0.06 0.09 5 0.08 7 8 8 5 
0.04 8 4 0.1 2 5 0.02 0.07 2 0.03 5 2 0.02 0.02 0.05 0.04 5 
0.09 0.03 3 0.02 7 5 0.02 8 3 4 0.04 0.04 0.05 0.03 0.06 10 5 
0.02 7 5 0.07 0.07 5 0.02 0.07 1 1 0.07 0.03 0.05 6 0.03 7 7 
8 6 1 3 6 2 9 0.04 0.07 0.06 0.09 8 4 3 0.05 4 0.1 
0.06 0.01 0.05 0.02 9 9 0.1 0.02 0.06 5 0.03 0.04 0.09 5 10 1 4 
0.03 7 0.05 5 8 0.09 10 10 8 3 8 9 0.04 6 0.03 0.05 8 
10 7 6 9 0.05 9 0.02 6 6 6 0.05 2 3 0.1 0.09 0.09 0.09 
2 1 8 0.08 0.08 1 0.05 7 1 10 2 6 10 0.08 0.02 4 1 
0.05 9 0.04 2 0.01 0.02 7 0.09 4 0.09 0.02 0.03 7 0.07 0.09 5 5 
0.05 0.1 0.04 3 0.08 0.07 0.05 7 0.08 10 0.09 0.05 6 3 0.05 0.03 6 
0.06 0.03 0.04 0.06 0.06 10 0.02 2 0.07 8 6 0.04 0.04 0.04 0.08 10 9 
10 2 0.02 5 0.1 8 9 0.01 0.06 0.1 3 0.07 1 0.06 6 0.02 6 
0.1 10 0.07 1 0.01 8 5 6 0.02 0.09 0.05 2 0.09 5 0.04 3 6 
8 0.03 6 7 3 0.07 0.07 0.07 6 0.05 2 0.06 0.03 0.06 2 0.09 4 
15
9 5 0.07 9 0.03 0.02 2 0.02 6 6 8 7 0.06 0.02 
1 0.03 0.06 3 3 0.07 0.07 0.04 0.03 0.09 1 0.09 0.08 1 
4 9 5 0.04 0.08 2 0.07 7 8 0.03 7 0.07 0.04 4 
1 5 6 0.08 5 10 8 4 0.1 0.08 0.01 0.06 10 3 
0.08 0.05 0.02 0.03 3 0.07 0.03 0.1 8 0.04 3 5 1 10 
3 5 0.1 10 9 8 3 9 0.01 0.05 0.01 6 0.1 7 
0.1 2 0.09 0.03 6 9 0.04 0.06 10 1 2 9 4 6 
4 4 0.08 0.05 0.01 0.04 9 1 0.08 0.07 0.1 8 0.02 4 
0.01 8 1 0.06 7 0.04 0.08 0.04 9 0.08 10 0.05 1 10 
9 0.08 2 2 0.07 10 9 0.1 10 0.02 0.08 0.05 0.03 5 
2 0.07 8 0.09 9 1 0.09 0.08 0.02 3 1 0.1 4 0.04 
0.04 0.01 0.03 0.06 10 0.09 0.05 3 0.09 0.1 7 0.02 8 5 
0.06 0.08 0.07 0.05 0.04 10 0.04 0.02 7 1 0.05 5 0.03 0.09 
7 1 0.02 0.01 6 0.07 0.04 0.03 5 5 9 6 0.05 0.04 
6 7 0.06 0.03 6 4 8 10 8 9 6 2 0.08 7 
15
0.01 2 5 8 6 0.07 0.08 0.07 0.07 0.06 0.07 0.04 0.09 0.06 
0.05 3 6 0.08 8 2 0.09 0.03 0.06 5 0.07 10 7 0.02 
0.02 0.01 5 0.01 0.09 0.1 3 10 9 8 1 0.05 2 0.1 
9 4 8 7 0.08 0.02 5 0.02 2 0.08 0.04 3 0.07 0.01 
0.03 7 0.01 0.02 0.04 1 5 0.07 0.03 6 10 3 0.09 0.07 
0.03 0.04 0.07 0.07 0.09 5 6 0.04 7 0.08 9 0.03 0.08 0.01 
0.01 1 4 10 0.03 7 4 0.04 0.07 8 0.07 0.03 10 0.04 
1 2 2 0.05 7 0.06 10 1 5 1 0.01 0.04 0.04 3 
0.01 9 1 2 0.04 0.08 1 0.09 0.06 0.02 4 1 1 2 
10 0.07 0.01 10 7 0.03 0.08 0.09 0.03 0.08 0.07 0.08 0.02 4 
2 7 9 0.01 9 10 3 0.04 2 8 10 0.03 4 0.05 
0.09 8 4 2 7 2 4 0.09 3 6 5 10 8 9 
3 7 2 0.02 8 8 0.06 0.08 0.01 5 0.09 8 0.02 0.07 
0.09 1 0.09 2 1 0.07 6 2 0.04 10 6 7 3 8 
1 0.05 10 0.01 3 9 5 0.01 9 1 1 0.06 4 0.01 
12
8 7 0.06 1 0.07 0.03 0.08 3 7 0.01 3 
10 0.08 0.07 6 5 4 0.06 0.07 10 5 1 
8 5 5 0.02 8 10 0.06 4 0.09 5 0.09 
0.02 6 9 0.03 0.03 0.01 0.04 2 0.03 6 4 
0.08 0.03 0.06 8 0.07 10 0.1 3 0.07 0.03 0.02 
3 0.01 0.02 0.07 7 0.03 0.01 0.06 2 8 0.05 
0.1 0.1 3 3 0.08 0.08 0.01 0.04 0.04 0.03 9 
4 0.01 0.07 7 0.06 9 2 7 6 1 2 
0.02 9 5 1 3 7 10 0.02 0.05 3 2 
0.05 0.1 0.03 2 1 0.1 8 0.09 7 3 5 
0.07 8 3 5 0.05 3 8 0.04 9 0.03 0.02 
2 0.09 3 0.02 0.02 0.04 0.09 1 1 1 0.09 
15
0.02 6 1 7 0.04 9 0.1 0.03 1 1 0.09 1 0.07 0.03 
4 0.07 10 1 0.05 0.01 0.05 10 9 0.01 3 10 8 4 
0.06 0.04 0.08 0.05 2 0.08 0.02 0.04 8 0.01 6 0.05 3 10 
5 5 0.09 0.1 8 0.03 0.09 6 0.08 0.07 0.03 0.01 0.09 6 
1 0.02 0.08 0.06 4 2 9 0.02 0.05 8 6 0.08 0.02 5 
4 2 6 9 9 9 10 0.05 0.06 0.06 3 0.03 0.09 0.05 
0.08 10 10 5 5 8 0.09 0.06 8 7 7 0.03 6 6 
5 4 10 0.03 0.05 0.04 2 0.03 0.09 0.08 9 0.09 6 4 
0.07 5 0.1 0.02 2 0.08 2 5 0.04 3 6 8 0.04 0.09 
8 1 0.02 5 0.04 0.01 0.1 1 0.1 5 0.03 0.06 8 2 
1 0.02 4 3 0.08 6 0.03 7 0.04 4 0.04 0.08 6 4 
0.07 0.05 0.07 0.05 0.08 0.04 0.04 0.08 6 0.08 2 4 10 0.01 
4 0.09 10 0.07 10 0.06 0.09 4 9 8 0.05 0.05 0.07 0.1 
0.08 2 4 1 0.05 10 9 0.03 0.05 9 0.07 8 2 0.06 
0.1 0.05 0.05 0.08 0.08 3 6 7 0.08 1 0.05 5 6 0.02 
9
8 4 0.09 8 0.08 0.02 10 2 
0.1 0.1 7 0.04 6 0.01 0.07 2 
2 0.08 0.05 5 0.02 8 0.09 0.04 
5 7 4 0.07 0.06 7 0.06 0.07 
4 0.07 10 10 0.06 3 0.07 3 
0.09 3 0.1 1 0.08 7 7 0.1 
0.08 0.07 0.06 9 5 6 0.07 0.03 
0.08 0.08 0.06 2 0.06 7 0.03 2 
0.01 0.08 0.05 0.08 7 10 1 0.09 
17
7 4 0.06 1 3 0.07 0.04 9 0.04 0.07 3 0.07 0.05 0.06 9 0.05 
0.08 10 0.06 0.08 2 6 1 6 10 4 0.07 8 10 0.09 8 0.04 
2 0.09 0.02 5 1 8 6 0.04 0.06 8 0.07 0.04 9 0.04 0.06 0.02 
0.1 5 0.07 0.04 10 0.07 6 1 0.08 4 0.04 10 10 0.09 0.01 0.03 
0.1 0.01 7 0.03 0.07 2 1 0.02 10 3 2 6 7 0.07 0.04 7 
0.07 10 2 0.09 0.03 9 2 2 5 0.05 7 8 5 0.1 0.04 2 
3 3 5 0.01 0.01 10 10 4 0.05 1 0.08 5 4 0.1 10 7 
0.04 0.06 0.01 4 6 4 0.03 0.09 0.05 9 8 5 7 0.08 6 0.08 
5 7 0.09 7 3 0.09 0.08 3 7 5 0.04 5 3 0.07 8 8 
7 0.07 4 0.1 0.04 2 5 3 0.06 0.05 0.06 0.1 0.03 0.07 10 0.01 
0.08 2 10 8 0.1 4 0.05 0.06 3 0.1 0.1 5 6 0.01 5 2 
9 0.04 5 1 2 0.08 10 6 3 10 5 0.04 6 5 0.06 3 
0.09 2 9 0.06 7 0.05 0.07 0.09 0.05 0.02 0.02 0.08 10 0.08 9 0.1 
7 10 0.05 5 0.09 8 0.09 4 5 0.01 0.1 0.04 2 0.05 1 0.06 
7 3 0.01 0.03 5 3 0.07 6 0.01 0.08 6 0.1 2 6 9 0.1 
7 0.07 0.08 5 0.1 0.06 5 7 9 5 5 0.01 0.08 0.08 0.08 2 
0.09 0.01 0.07 0.09 4 0.02 0.07 2 0.03 0.08 0.1 0.02 0.04 5 0.06 6 
9
0.06 1 0.08 5 8 0.09 4 9 
1 0.01 0.07 3 2 0.1 9 2 
3 0.06 8 0.03 3 0.02 0.04 7 
0.04 0.02 5 0.05 8 0.04 0.08 0.01 
0.07 10 7 0.1 3 0.05 10 10 
7 4 0.05 7 4 9 0.06 1 
6 7 0.03 1 0.07 0.01 0.06 1 
1 4 3 0.07 0.02 0.07 0.05 0.09 
0.08 0.01 3 0.05 7 6 0.04 5 
20
0.09 0.02 0.06 10 0.03 0.05 6 7 0.05 0.04 1 2 8 9 9 0.04 10 0.06 2 
6 2 0.05 5 0.09 8 0.05 0.04 2 0.1 0.05 0.02 4 0.03 7 4 10 4 0.03 
5 6 2 0.09 6 7 1 3 0.09 3 0.05 0.07 0.03 0.03 9 3 0.05 0.05 9 
2 0.04 10 9 0.05 0.08 10 0.07 0.1 1 0.05 0.07 2 0.06 8 0.09 9 0.07 0.05 
0.1 0.04 7 9 0.08 0.03 0.1 0.08 0.03 0.08 6 3 4 6 10 0.06 0.1 0.07 0.02 
0.1 4 8 8 9 0.04 0.09 1 3 0.02 4 0.09 0.01 0.09 0.04 3 0.09 0.05 9 
0.1 3 3 2 3 7 2 0.06 0.01 0.08 3 9 0.05 0.1 0.03 2 6 0.06 0.06 
0.02 0.02 3 0.09 0.03 0.04 0.09 0.01 0.01 4 0.05 0.1 10 10 3 3 3 0.02 7 
0.03 0.1 0.1 3 5 0.06 0.05 5 5 8 9 9 4 5 7 0.05 2 6 0.02 
0.01 0.03 0.04 0.05 0.01 0.02 3 9 2 0.03 0.07 9 0.08 6 0.1 0.02 4 0.05 0.02 
6 0.09 1 0.08 0.03 2 0.05 4 1 0.02 4 0.04 0.01 0.1 4 0.06 4 6 5 
0.04 0.01 0.03 0.04 9 6 0.1 2 6 0.1 8 7 0.02 0.07 5 0.09 0.09 3 0.06 
6 1 4 0.01 0.04 8 2 0.06 0.07 8 4 5 10 3 0.04 0.09 0.02 1 9 
1 0.08 0.06 2 0.07 9 2 0.06 6 0.09 7 6 0.01 4 2 4 5 0.09 0.1 
0.02 0.09 0.1 2 0.06 9 0.05 0.06 0.01 6 0.08 7 9 0.02 2 7 7 0.02 5 
0.01 0.01 4 0.06 0.04 0.06 10 0.07 4 0.08 0.01 0.07 2 2 0.1 0.08 0.06 0.1 3 
0.09 1 0.06 7 6 6 0.06 3 4 5 8 0.01 0.04 3 0.05 9 0.02 0.08 8 
9 5 7 0.01 3 0.04 10 0.01 7 0.06 7 5 0.04 3 3 5 0.05 6 0.01 
1 1 0.09 0.05 9 3 0.02 0.05 0.04 0.03 9 8 6 4 3 7 0.06 7 7 
0.04 0.03 10 6 0.01 2 6 8 5 0.06 0.04 2 0.01 0.08 2 9 10 0.01 0.05 
7
6 0.05 0.01 5 0.1 0.1 
0.02 8 9 0.1 6 4 
4 2 0.1 6 0.03 3 
0.05 8 0.06 0.01 0.05 9 
0.03 0.09 3 0.09 0.07 0.08 
7 0.01 3 0.02 0.1 2 
6 2 0.01 4 9 2 
10
0.1 0.01 0.05 0.07 0.07 0.1 0.08 0.09 10 
3 5 2 7 0.03 6 0.04 10 5 
1 0.01 7 7 0.09 0.01 9 10 6 
6 0.06 1 2 7 8 0.06 0.04 6 
8 0.04 8 0.04 7 8 4 0.04 2 
1 0.08 0.06 10 4 0.07 3 0.02 0.01 
1 0.04 7 10 5 0.1 8 0.1 9 
0.01 5 1 4 0.06 0.1 4 0.1 0.08 
0.09 7 0.01 0.09 0.07 4 2 0.03 9 
9 6 8 1 0.05 9 0.06 1 9 
17
0.07 5 0.03 0.07 2 6 0.02 0.09 5 0.06 0.09 5 2 2 10 0.03 
0.02 1 0.07 0.1 10 2 2 0.06 5 3 0.07 0.05 0.08 0.02 9 0.04 
1 0.03 1 0.06 0.07 0.1 0.09 5 0.07 6 0.05 2 7 10 8 0.04 
0.07 0.06 9 6 0.08 0.03 0.01 0.08 5 0.01 4 0.02 6 4 0.04 2 
0.04 8 7 7 0.09 0.1 0.06 7 0.01 10 10 0.04 0.03 0.09 0.05 0.07 
6 1 0.07 6 0.05 4 3 1 8 0.07 0.02 3 7 1 0.01 0.1 
0.02 0.09 7 3 0.1 2 7 5 3 1 10 0.08 0.04 8 0.06 0.1 
0.07 5 0.04 4 4 0.05 0.08 0.04 9 0.04 6 0.05 10 0.03 8 2 
0.02 7 0.03 0.08 5 6 0.01 0.01 3 0.08 7 0.07 0.04 2 2 6 
10 7 1 0.09 6 0.07 0.04 0.05 2 0.04 5 0.05 0.1 10 9 0.04 
7 0.01 0.05 3 0.04 0.06 7 0.03 0.04 0.07 7 0.06 0.06 7 1 0.03 
2 0.04 0.03 0.06 6 4 0.03 0.1 0.03 0.04 0.06 5 6 0.06 0.02 3 
0.02 9 3 0.02 7 0.09 0.01 5 0.04 0.03 0.09 10 0.08 0.1 4 0.04 
9 1 7 9 0.07 0.02 0.05 0.01 6 7 0.1 0.09 0.02 0.07 0.1 0.02 
2 0.09 0.04 0.01 4 0.08 0.1 7 1 0.09 0.01 7 5 9 0.04 0.03 
2 0.04 8 5 8 0.01 0.1 1 0.02 10 0.06 4 10 5 0.02 9 
8 0.08 7 8 0.05 1 6 0.06 0.01 0.09 2 7 4 5 8 8 
13
6 0.03 0.08 0.04 0.07 0.02 0.04 0.08 7 0.1 10 0.03 
0.06 0.07 5 6 0.02 0.09 5 6 0.1 9 0.06 2 
10 0.01 2 0.09 0.01 8 7 0.06 2 0.09 6 0.07 
0.01 0.09 0.02 8 0.01 10 0.02 1 0.04 7 1 10 
0.06 8 1 7 0.01 8 0.06 0.04 4 0.09 0.02 0.07 
7 0.06 4 0.09 0.03 1 0.02 5 3 0.04 0.08 4 
10 7 1 0.06 6 0.04 7 0.09 0.09 0.02 0.07 0.02 
9 0.08 1 0.07 4 1 0.06 1 8 10 0.06 3 
7 5 0.01 0.03 0.01 4 1 2 4 0.08 0.09 0.09 
0.02 0.01 6 2 0.08 0.06 0.03 7 8 0.05 0.01 3 
0.08 0.02 7 0.02 8 6 0.05 5 0.04 0.01 0.08 10 
8 0.03 10 0.02 5 2 4 10 5 0.05 0.02 2 
10 0.02 9 0.02 5 4 9 1 9 4 5 0.04 
16
0.08 0.09 10 7 5 0.1 5 0.1 9 7 0.05 0.02 4 0.02 7 
5 9 0.02 0.07 10 0.02 0.06 0.04 5 9 5 0.01 1 9 0.02 
0.03 1 9 10 0.01 5 8 8 6 3 0.03 8 0.02 8 0.1 
7 0.04 4 9 0.06 2 0.01 0.01 0.01 9 10 0.09 4 5 2 
0.09 6 0.05 4 0.02 3 10 3 10 0.06 0.06 9 3 0.06 0.03 
1 0.06 3 0.05 0.05 0.06 0.1 9 0.06 6 7 7 0.06 7 0.06 
0.09 10 2 0.05 0.08 3 5 8 4 0.02 0.04 0.01 0.03 0.09 8 
0.08 0.1 10 8 0.09 3 0.09 0.02 0.01 10 5 0.1 3 2 0.01 
0.05 6 0.05 6 10 8 0.04 0.09 0.02 2 0.02 5 0.03 3 8 
4 0.01 7 4 7 6 0.05 10 6 0.03 3 0.04 0.05 0.04 10 
10 0.05 2 5 3 0.07 6 0.08 4 0.08 1 10 8 1 0.01 
0.04 0.03 10 9 8 6 9 0.06 0.08 0.1 6 0.06 5 10 0.06 
0.05 0.09 0.07 1 0.03 0.06 3 0.01 0.01 8 4 0.01 10 0.04 0.1 
8 0.08 1 6 0.09 10 8 0.08 0.01 0.06 0.08 0.03 10 3 10 
0.02 0.06 0.05 3 7 0.09 0.05 9 0.03 0.01 0.08 0.09 0.07 0.01 1 
2 0.09 1 3 0.04 5 0.05 8 2 2 0.09 0.01 0.09 0.06 0.06 
3
0.08 10 
8 6 
6 0.06 
19
5 0.03 5 9 0.04 1 0.06 2 3 0.09 2 8 0.08 10 0.04 0.02 1 0.04 
8 9 0.01 0.03 6 0.08 0.07 0.08 9 0.02 3 0.09 0.08 0.04 0.04 4 10 2 
2 0.08 0.08 5 2 2 8 0.07 4 7 0.05 0.1 8 0.09 0.05 0.08 4 3 
0.01 6 0.1 0.02 0.01 7 4 0.05 3 0.07 0.07 7 5 0.06 0.1 0.1 6 0.02 
2 3 0.02 0.06 2 4 0.05 4 5 0.01 0.06 0.09 0.05 5 0.03 6 0.1 7 
7 0.07 3 0.02 0.01 0.08 0.07 5 5 0.07 2 10 8 0.09 2 0.09 0.07 0.06 
0.06 0.06 4 0.01 0.02 0.02 0.09 0.05 1 0.04 9 6 7 9 9 3 0.03 0.1 
0.01 6 0.06 8 7 0.04 0.07 0.05 10 0.07 0.04 1 1 7 0.01 9 6 4 
2 0.05 0.04 4 0.07 0.07 9 3 9 0.06 6 0.03 8 7 5 0.05 0.01 3 
0.08 5 6 1 5 8 6 3 5 7 6 0.06 4 5 0.1 0.1 5 0.01 
5 0.04 4 0.03 4 0.01 0.1 1 0.02 0.04 0.07 0.01 0.06 0.03 4 0.1 4 0.08 
0.05 0.07 0.04 6 0.06 0.08 3 0.03 10 0.05 0.03 0.05 1 4 8 2 0.1 10 
0.06 7 2 10 4 3 0.05 0.09 4 2 8 0.08 0.05 8 0.07 8 3 5 
7 7 0.06 0.04 6 0.07 0.06 4 3 0.09 0.1 0.02 0.03 10 4 0.08 7 1 
5 0.02 0.07 10 6 0.05 4 6 0.08 10 0.07 0.05 3 0.1 8 2 6 2 
1 0.04 0.05 0.05 1 0.02 8 8 10 5 6 2 5 0.05 0.06 0.02 7 4 
0.03 9 9 0.01 0.02 1 1 0.04 0.09 9 8 3 8 1 9 6 2 4 
5 0.06 0.02 8 1 0.09 0.07 2 9 0.09 0.09 0.02 0.03 9 1 0.05 7 0.02 
0.06 0.01 0.02 0.05 0.05 3 2 10 9 9 0.08 0.06 10 0.04 0.01 0.05 0.06 0.03 
9
8 9 7 0.06 0.03 6 0.05 1 
0.04 1 0.03 0.04 2 0.05 3 1 
0.05 5 0.02 9 6 7 0.02 2 
7 0.08 10 8 2 8 0.03 0.05 
0.07 0.09 0.09 1 0.01 5 0.05 7 
9 0.1 0.06 0.09 0.1 2 0.03 0.1 
0.05 7 0.05 0.07 6 0.08 8 0.01 
9 3 8 0.02 7 0.09 0.09 9 
0.06 0.05 4 0.06 4 9 0.08 0.06 
18
9 0.07 2 6 2 0.03 4 0.04 10 2 0.1 6 0.08 0.1 0.02 0.05 6 
0.1 5 0.02 10 5 0.1 0.01 2 2 0.03 0.04 3 7 10 0.04 3 0.03 
8 0.02 0.09 0.1 5 0.07 0.03 7 5 0.05 4 1 3 8 8 1 5 
2 9 1 0.02 9 0.06 10 6 0.08 0.06 0.02 0.02 0.02 10 4 0.06 7 
0.07 0.07 0.05 2 1 0.01 0.06 6 0.06 0.08 0.07 0.07 3 0.1 0.06 2 0.03 
0.1 4 8 0.03 0.02 0.07 9 0.05 9 0.06 0.08 0.06 5 0.03 0.03 4 0.03 
0.04 0.03 9 4 1 0.06 8 8 10 10 2 6 0.1 10 1 2 2 
0.01 8 0.04 0.06 4 5 6 0.07 0.09 10 0.03 3 3 3 8 0.08 4 
0.02 0.03 0.08 2 0.08 5 3 2 9 1 6 0.05 8 2 0.1 9 4 
9 0.08 2 0.07 0.09 1 0.02 5 0.1 6 8 0.05 8 0.05 0.06 7 9 
0.04 9 0.07 0.01 8 5 4 0.01 0.07 2 0.07 7 5 10 0.06 0.05 8 
1 1 0.1 2 10 0.08 4 8 7 4 0.07 0.05 0.09 3 0.1 7 0.04 
1 5 8 8 5 10 0.06 0.07 9 6 9 3 8 1 2 2 0.08 
5 1 9 0.03 0.07 5 7 6 5 0.07 5 0.09 9 0.1 0.03 0.06 0.01 
0.1 10 0.09 1 0.09 5 0.1 0.09 7 2 0.09 0.06 0.1 5 0.06 1 6 
8 0.07 0.06 5 10 0.1 0.02 1 0.01 0.03 8 4 0.07 0.08 4 8 6 
9 10 0.02 8 0.07 0.07 0.02 7 3 0.06 6 6 0.09 0.05 1 0.1 0.02 
2 0.07 4 0.09 0.02 0.07 0.04 0.02 0.07 10 0.1 1 4 6 0.1 1 0.09 
3
3 9 
0.03 9 
0.02 0.03 
9
0.1 0.06 0.08 5 0.08 0.03 7 8 
0.1 8 0.08 0.04 8 0.08 0.06 0.1 
0.07 5 0.02 0.05 0.09 6 10 0.1 
0.02 0.1 6 6 7 9 0.1 0.08 
3 1 2 3 0.01 6 1 9 
0.02 0.02 0.02 0.1 0.1 0.01 0.06 0.07 
0.01 3 0.01 4 0.03 2 4 7 
0.1 2 6 10 1 0.05 9 0.05 
0.07 0.03 0.02 10 4 0.09 2 2 
7
4 0.08 2 6 7 0.1 
0.06 4 2 0.05 0.01 1 
0.08 3 10 6 6 0.09 
6 9 0.07 10 8 0.05 
0.05 7 0.1 0.06 0.05 10 
3 0.08 0.08 5 1 0.06 
2 0.09 8 8 4 7 
3
0.03 6 
0.1 4 
7 2 
12
5 0.09 0.09 0.05 9 0.01 4 1 7 0.03 8 
0.06 0.08 0.04 0.01 5 8 0.05 0.03 5 0.01 8 
0.1 0.04 0.1 0.02 0.02 0.04 0.07 0.08 3 2 0.06 
0.08 5 10 0.07 0.09 5 2 9 2 0.01 0.1 
0.02 4 10 5 1 0.03 3 0.1 0.08 6 0.1 
0.08 0.02 9 0.04 0.1 5 10 9 0.08 5 0.05 
2 0.08 2 2 0.02 10 0.08 6 0.07 7 0.09 
0.05 10 6 3 2 0.04 0.04 0.03 7 0.05 8 
5 3 0.08 0.03 0.05 4 0.1 8 0.1 8 9 
8 7 6 10 3 6 5 0.04 0.1 4 1 
0.02 7 7 4 4 0.07 5 1 5 0.09 8 
3 1 8 0.04 0.08 6 6 0.08 7 10 1 
11
0.02 10 0.07 0.01 2 1 9 0.07 2 0.03 
8 0.04 2 6 6 0.1 0.09 0.01 8 0.06 
0.03 2 0.1 9 10 0.08 7 0.04 0.05 0.03 
10 0.06 0.02 0.04 0.08 0.08 0.05 2 0.07 0.06 
1 0.04 0.04 0.05 0.07 0.08 10 5 0.1 0.01 
0.07 7 0.07 5 0.07 0.01 3 0.04 0.02 0.03 
0.06 0.05 0.03 7 0.08 9 4 4 0.02 0.04 
8 0.06 0.08 0.05 0.08 8 7 0.08 3 0.01 
0.1 3 0.04 4 0.05 3 0.02 0.01 0.07 9 
0.03 0.07 10 8 0.09 0.01 8 2 0.1 7 
0.04 0.06 0.07 5 2 8 10 0.02 0.1 0.1 
17
0.1 7 0.09 2 0.04 8 2 0.1 8 9 1 0.1 0.04 6 8 0.03 
0.1 0.1 6 0.03 8 0.03 4 6 5 2 7 1 0.1 0.04 0.09 0.05 
5 7 0.06 10 10 2 0.04 0.04 0.02 0.03 8 0.09 9 0.05 0.09 6 
3 0.03 2 2 5 0.04 0.01 5 0.03 0.1 0.1 0.07 1 0.06 10 1 
3 10 7 5 0.05 0.09 5 0.08 0.01 8 6 0.09 5 4 4 0.05 
9 1 0.07 6 4 0.06 8 0.06 1 0.09 0.07 1 10 4 0.09 0.01 
4 0.03 0.07 1 0.03 9 10 0.1 0.07 5 0.05 3 0.1 0.09 0.05 0.06 
0.01 0.08 0.07 0.08 0.05 10 0.1 0.04 0.07 8 3 6 8 1 0.03 1 
0.05 10 0.06 10 0.03 4 0.08 7 5 0.04 0.06 10 0.03 6 0.06 8 
0.04 0.01 0.05 0.1 9 0.09 0.1 9 10 0.02 2 8 2 0.09 0.09 8 
0.04 0.02 8 0.05 4 2 8 0.08 0.04 3 1 9 0.04 10 0.03 0.04 
4 4 0.06 0.08 0.1 0.02 0.1 5 0.1 8 0.07 3 3 2 0.08 1 
1 0.03 1 5 0.1 0.08 6 0.02 0.09 0.06 0.05 0.06 0.09 0.02 3 7 
0.07 0.09 10 0.08 10 0.09 7 1 0.1 10 0.03 2 3 7 6 9 
0.03 9 0.01 0.03 2 0.05 2 3 1 7 0.08 0.04 0.01 0.05 4 0.09 
0.1 0.09 4 10 2 3 9 0.05 7 2 0.09 0.04 0.06 0.06 10 0.05 
3 0.1 0.05 0.01 4 10 9 2 6 9 9 3 0.1 0.03 0.04 0.09 
2
9 
0.05 
6
1 0.06 3 4 0.09 
0.08 0.03 0.1 0.01 4 
0.08 0.1 3 5 5 
0.07 3 0.06 0.06 10 
0.09 2 4 6 0.09 
0.07 0.07 0.03 0.07 4 
19
0.1 2 0.02 7 8 9 0.03 9 6 2 0.09 2 10 0.02 4 6 0.09 5 
5 1 0.03 7 0.09 8 0.08 0.09 0.06 0.02 1 2 0.06 7 5 0.05 0.03 1 
0.05 10 0.03 8 0.06 8 0.06 0.07 0.02 0.1 0.06 0.01 8 0.09 0.1 5 7 0.08 
0.01 0.1 0.02 0.07 6 0.04 1 0.04 10 0.05 9 0.07 2 0.03 5 8 0.07 0.1 
0.05 6 0.09 0.09 3 6 0.07 10 0.04 4 0.08 4 7 7 0.08 10 0.03 3 
5 0.01 0.03 0.01 6 0.05 0.07 4 0.04 0.06 8 0.02 8 0.08 7 2 2 10 
8 4 0.01 0.03 0.05 0.01 0.03 0.08 0.08 5 1 0.05 0.03 10 0.08 0.09 9 0.09 
10 6 0.07 0.03 0.02 0.09 9 0.05 0.06 0.06 5 2 0.04 9 0.02 1 0.08 5 
0.03 4 6 4 0.06 3 0.07 9 4 0.04 1 9 0.1 0.03 0.06 0.02 4 0.02 
7 4 0.03 0.03 5 0.1 3 4 6 0.05 0.01 0.03 4 0.04 0.09 6 0.1 7 
0.05 0.01 1 7 5 7 2 6 0.09 9 2 0.09 8 0.04 4 0.1 0.1 8 
1 5 5 0.05 0.02 9 0.08 0.03 10 0.08 6 0.04 2 8 0.03 3 0.1 8 
8 0.1 0.02 0.1 6 0.07 3 0.02 0.06 0.08 0.09 10 1 4 9 0.05 3 6 
0.03 0.03 0.07 0.04 0.04 0.08 0.01 0.07 0.01 10 9 0.02 0.05 0.04 0.1 2 5 1 
4 0.01 0.09 0.06 3 8 0.09 0.05 0.02 0.04 0.03 4 0.07 5 10 2 8 0.09 
10 5 7 5 0.1 1 6 0.07 2 0.1 6 10 8 0.08 0.04 2 0.01 0.05 
0.1 0.02 8 1 0.07 0.01 0.08 8 0.03 8 8 7 0.01 4 0.05 8 0.07 3 
2 0.08 0.1 0.08 8 10 0.02 0.01 0.02 1 5 0.03 2 0.03 0.1 3 9 0.1 
0.09 0.05 2 7 0.01 3 5 0.04 0.07 0.09 7 0.07 0.07 0.07 0.1 0.04 0.04 4 
5
0.1 0.03 10 1 
0.08 10 0.09 0.1 
0.04 7 3 0.03 
5 2 0.05 5 
0.04 2 2 0.06 
6
6 1 0.04 0.07 0.06 
0.01 0.03 2 1 0.08 
8 10 4 0.06 0.09 
9 0.09 7 9 1 
3 0.02 2 8 0.06 
8 0.09 8 1 0.09 
18
8 0.08 0.01 5 0.01 7 10 4 0.1 0.08 3 4 0.08 1 0.05 10 0.03 
8 7 0.07 1 1 5 3 9 9 1 0.02 8 10 0.02 4 6 8 
3 1 8 5 0.04 6 8 0.04 0.07 7 0.08 0.07 0.05 4 10 3 6 
7 4 0.05 0.08 0.1 5 4 10 0.06 7 6 0.01 1 1 0.04 0.07 0.1 
10 0.08 0.04 0.03 0.01 9 8 8 6 0.04 3 8 8 10 0.1 0.04 3 
0.07 0.09 0.05 6 10 0.07 6 0.1 9 0.05 6 0.07 0.07 5 0.05 2 0.04 
0.1 0.09 0.01 0.08 4 10 0.04 0.06 5 10 0.07 7 6 0.08 2 7 10 
0.07 2 0.07 0.08 9 6 9 0.05 2 0.04 0.01 0.09 0.07 1 0.01 0.08 0.09 
0.01 0.05 3 0.09 0.07 9 6 0.02 9 0.09 1 7 0.08 0.01 0.04 5 0.05 
0.03 3 0.06 9 1 5 3 5 0.09 0.06 7 0.03 0.09 5 0.01 2 7 
5 5 0.06 0.07 0.08 2 10 0.08 6 0.09 0.1 4 9 4 8 6 0.02 
0.06 5 6 0.02 5 8 7 5 1 1 0.09 9 0.1 3 8 5 0.01 
0.05 0.02 0.04 8 8 4 9 0.07 0.08 0.09 0.08 2 0.03 0.05 2 0.07 0.01 
3 0.04 5 0.04 4 0.02 0.01 0.05 5 0.07 0.03 0.05 0.07 2 3 2 7 
5 0.07 0.1 10 0.09 1 9 0.05 0.01 0.05 5 0.02 5 0.1 0.1 1 0.08 
0.02 6 9 0.02 0.07 4 6 0.09 10 2 0.1 0.06 1 5 9 8 9 
0.02 7 6 0.03 0.04 3 8 0.05 3 0.05 2 0.02 0.06 8 0.1 5 4 
0.05 0.04 0.08 0.05 9 1 2 0.07 0.01 1 0.05 2 9 9 3 0.05 0.01 
9
8 0.09 4 0.08 4 0.04 1 10 
0.07 0.04 5 0.09 0.08 3 1 0.08 
0.06 0.05 8 5 0.03 10 0.01 0.05 
0.05 0.07 3 0.07 0.05 4 1 0.03 
0.08 0.04 0.1 7 0.07 0.05 0.06 0.04 
0.08 9 0.04 0.1 6 0.04 0.05 1 
4 8 3 0.05 0.1 6 0.1 0.05 
9 8 0.09 1 1 9 0.1 7 
4 0.05 0.08 0.06 10 0.02 0.09 0.06 
