80 61 49 70 63 48 33 45 46 47 56 21 64 59 0
69 75 86 74 16 70 21 30 44 29 56 88 43 61 0
70 25 24 68 13 46 76 71 43 41 14 30 59 32 51 40 38 77 69 12 46 56 75 15 76 75 55 77 13 65 26 88 14 56 41 21 23 15 53 90 85 22 65 54 53 25 31 33 62 72 87 44 77 71 88 34 13 89 47 22 78 55 76 22 13 58 82 29 51 75 49 37 22 50 84 36 20 73 88 38 56 13 65 45 66 0
75 40 27 31 35 53 60 68 10 12 36 56 20 49 64 63 29 81 49 25 21 42 39 41 76 86 62 49 71 40 70 42 55 22 74 62 40 70 60 30 0
64 60 67 47 81 48 80 87 52 17 18 25 71 13 31 25 13 28 39 75 37 28 30 11 45 57 62 27 70 60 50 0
52 53 52 79 15 64 78 12 54 81 69 35 20 13 77 90 34 16 76 69 24 46 76 88 30 36 57 18 14 37 85 44 25 51 76 24 22 42 89 40 64 82 84 90 65 52 81 39 24 42 43 25 37 71 20 20 37 56 86 80 36 63 71 86 13 86 67 11 67 10 23 74 16 40 38 0
57 86 31 82 59 19 81 33 81 85 59 72 78 38 45 26 21 45 77 14 53 51 13 74 56 72 24 43 65 28 73 12 36 64 17 89 69 12 37 54 17 84 27 85 37 37 57 79 11 56 71 76 75 34 30 82 80 25 56 84 35 46 37 44 85 32 45 69 80 42 56 25 20 71 61 38 76 16 32 53 39 49 62 48 81 82 15 83 53 86 25 38 51 20 0
33 51 50 74 61 20 84 29 24 68 50 76 25 78 27 59 61 68 87 70 65 76 70 58 0
65 63 0
63 34 12 21 14 17 64 20 21 75 85 50 39 71 58 45 80 62 0
29 30 43 11 75 71 42 33 40 88 78 51 72 22 84 81 62 59 55 74 34 79 26 34 29 25 53 76 47 86 70 73 77 37 0
15 78 36 63 15 23 33 39 11 79 83 67 0
74 33 85 79 40 86 23 61 45 85 72 23 80 49 30 0
38 18 47 18 75 90 23 63 67 68 32 71 24 82 80 32 76 89 73 27 46 80 38 66 44 25 47 49 54 80 53 72 24 31 65 18 79 27 33 20 12 52 71 15 51 44 20 31 89 35 63 87 23 86 70 67 84 50 36 70 0
71 16 34 35 38 33 85 31 15 74 42 81 49 67 82 65 86 16 49 41 73 60 38 88 40 61 21 33 11 64 84 29 24 38 46 38 63 22 66 51 61 24 27 11 73 80 82 56 84 71 12 40 68 25 50 21 74 63 61 27 17 50 72 85 37 70 64 0
0 0 0
