56 65 42 31 88 60 52 89 68 88 54 67 33 19 78 63 15 51 51 31 12 44 52 13 88 40 40 46 12 80 38 68 51 10 38 11 73 51 35 11 52 24 85 64 74 74 47 0
42 52 51 57 41 55 89 76 66 77 32 49 30 33 75 23 64 82 71 37 66 47 22 66 39 87 13 24 41 55 12 12 57 78 48 25 79 22 41 19 65 34 77 77 62 60 83 68 52 51 73 78 57 19 62 47 80 66 47 58 57 31 77 73 84 25 80 17 80 85 88 76 73 23 59 85 85 41 68 71 49 25 78 22 64 25 47 65 14 0
24 31 40 14 28 25 89 20 71 51 11 63 57 40 30 51 85 54 63 19 71 24 36 38 35 43 43 85 55 77 84 40 72 73 64 22 90 20 55 57 80 13 31 63 24 62 67 16 59 52 37 81 40 41 27 24 46 73 26 15 66 81 0
88 72 56 66 71 53 63 39 17 71 23 27 28 48 55 77 65 65 84 84 58 36 19 68 52 16 63 42 20 68 43 53 84 54 48 31 83 77 38 70 90 21 21 70 29 87 64 48 25 57 61 80 53 81 78 43 62 59 54 57 22 0
83 20 16 11 89 25 28 11 34 54 77 58 45 48 82 21 68 37 90 13 48 50 54 24 44 64 89 70 89 39 46 46 34 88 51 47 73 87 49 49 81 31 88 80 61 61 73 74 61 67 51 58 64 16 43 48 57 83 15 89 83 38 21 12 21 73 88 78 73 80 43 10 66 22 13 39 85 0
74 43 31 52 87 90 64 28 33 56 52 12 62 60 33 20 62 35 14 30 61 20 49 56 69 54 69 70 28 73 84 40 27 45 25 63 19 56 57 42 11 15 52 60 29 47 10 64 33 19 84 24 75 71 73 22 67 60 61 33 88 79 80 57 76 20 39 40 0
24 65 15 89 59 67 55 63 89 78 26 74 52 23 50 50 64 68 48 90 61 50 83 55 45 28 29 23 81 62 90 26 67 50 71 77 61 67 81 76 38 89 37 82 90 88 13 50 68 68 41 78 79 43 57 54 48 84 47 48 64 88 84 15 73 60 52 65 24 43 12 21 36 76 63 53 13 30 0
10 71 27 57 75 50 15 67 11 70 55 86 79 67 72 44 22 32 35 68 46 42 64 90 88 70 17 27 62 32 26 78 44 76 51 54 24 18 50 51 34 80 90 11 54 66 22 85 24 55 77 40 45 34 32 88 45 43 21 30 11 83 10 81 46 17 81 45 80 54 25 82 61 54 54 88 11 27 0
43 73 44 58 61 25 48 81 35 47 23 15 79 26 25 83 34 49 60 39 20 0
72 62 82 20 68 32 51 83 67 26 48 20 0
74 43 73 47 32 11 11 28 30 44 46 80 24 74 71 77 22 87 49 59 46 22 23 47 18 52 89 89 52 71 66 88 0
20 16 72 58 14 54 85 84 18 68 54 69 74 51 70 45 78 56 32 80 19 39 70 48 74 14 88 66 13 82 21 65 74 26 39 81 51 20 64 35 51 73 13 75 34 20 58 54 0
79 62 15 56 51 33 52 51 11 16 46 51 55 86 49 25 43 57 67 68 79 41 27 83 70 78 42 12 0
55 45 25 20 24 63 43 11 40 85 36 34 67 14 38 20 86 79 23 11 33 44 90 62 69 82 52 56 29 75 57 24 20 79 35 65 80 62 85 67 52 76 59 10 90 77 31 29 54 35 85 41 50 39 28 50 11 83 81 56 12 32 89 24 65 85 69 40 72 61 88 67 74 26 52 89 46 74 46 74 37 14 77 45 57 66 36 24 70 0
56 62 14 84 0
38 25 15 25 80 32 89 26 83 24 87 76 45 22 77 42 80 29 16 56 65 50 71 15 43 26 63 27 28 78 67 66 81 77 47 45 73 21 67 59 61 73 46 28 49 24 89 26 40 12 85 44 69 61 0
35 20 41 27 32 68 72 32 30 81 59 71 63 15 66 81 52 56 38 42 68 63 69 51 76 32 54 37 90 0
71 85 22 41 85 67 0
77 28 79 65 48 31 11 34 81 47 50 63 19 72 17 14 56 45 20 22 54 33 78 23 65 58 31 23 71 48 53 82 45 80 87 20 19 52 73 36 75 23 43 69 38 43 38 73 46 55 70 41 51 12 32 80 70 79 60 15 66 47 20 76 41 25 58 16 84 78 61 57 75 16 12 30 53 55 44 16 51 15 48 32 0
12 25 82 10 26 56 45 15 19 13 81 25 17 81 55 72 65 32 28 65 60 43 22 72 72 90 58 80 85 58 35 26 77 16 52 46 66 22 58 75 82 16 38 21 21 0
38 69 62 51 85 66 72 48 0
0 0 0
