18 41 70 67 74 54 58 76 52 30 0
79 88 37 35 71 71 28 32 68 62 64 51 81 69 12 14 54 37 44 15 69 55 63 83 73 49 33 80 38 77 90 70 22 0
90 28 68 77 27 69 34 30 55 81 82 14 47 13 84 89 22 82 45 52 88 82 27 85 51 13 17 87 57 20 73 61 25 65 55 25 59 53 16 64 27 28 61 25 45 42 35 33 66 43 10 16 61 85 17 23 29 82 29 41 12 39 38 33 11 56 82 17 88 14 48 64 0
10 31 66 44 17 35 82 56 48 76 52 88 76 24 58 40 33 84 43 75 47 67 85 35 17 88 42 36 52 68 11 36 75 87 37 38 73 0
73 72 64 47 21 71 30 71 23 15 37 55 52 62 0
50 74 22 70 82 10 70 89 64 63 15 31 12 61 78 41 21 86 82 55 11 78 81 40 60 25 90 49 82 75 81 34 54 56 39 0
14 90 36 24 73 18 26 46 21 87 58 30 60 14 32 23 76 84 52 60 75 62 46 86 54 54 65 51 55 72 30 66 24 36 32 84 19 62 48 45 61 25 29 62 82 82 51 82 88 77 85 20 56 83 73 33 51 44 69 85 55 42 58 62 19 49 61 22 63 65 28 14 53 62 45 77 44 68 39 68 37 19 53 89 19 70 49 65 75 90 48 0
22 84 32 22 86 80 44 45 11 56 54 79 29 74 64 47 61 86 89 69 74 68 81 35 47 19 53 65 84 56 83 32 21 57 86 85 25 19 29 32 56 13 16 38 0
41 28 53 16 27 84 77 53 87 63 71 53 48 24 15 24 62 33 52 82 33 54 84 12 48 87 15 57 24 61 33 59 21 67 60 13 15 45 60 18 61 29 88 24 88 10 81 84 52 73 27 54 47 76 66 69 41 48 48 26 21 61 54 60 44 16 77 49 74 33 13 50 88 73 72 40 46 26 26 49 26 47 57 19 57 59 56 83 52 46 85 83 0
13 85 26 57 61 63 86 16 31 62 63 45 35 60 81 22 21 23 75 21 73 33 50 50 85 72 24 75 82 84 39 63 56 41 27 46 26 80 67 19 47 0
37 55 86 21 52 41 38 27 18 33 90 57 77 73 65 83 68 40 39 42 18 61 69 54 37 11 75 84 46 0
48 48 17 25 32 58 85 15 22 27 16 39 23 90 48 54 55 49 40 12 35 77 59 85 69 78 87 79 16 0
47 88 77 45 14 83 57 23 47 44 53 75 66 84 88 43 24 26 55 71 64 31 89 31 14 39 39 0
88 27 55 86 72 45 50 46 15 44 81 56 63 53 90 61 72 77 46 70 36 37 71 74 10 40 60 85 59 33 20 86 26 38 66 47 39 33 74 56 31 50 53 53 85 24 52 31 85 60 55 79 63 88 45 86 48 40 41 25 88 47 87 23 70 51 39 54 67 53 46 76 73 53 52 40 68 88 73 10 13 75 24 89 87 81 26 58 82 86 84 86 33 69 45 75 0
22 27 25 69 25 38 80 61 25 46 32 12 25 25 70 30 10 49 52 65 56 23 19 30 23 11 15 34 74 87 78 17 74 45 10 73 36 83 40 51 44 82 0
42 81 81 12 35 0
45 68 71 49 24 85 23 90 65 51 21 70 70 69 21 76 14 48 38 23 84 72 79 23 73 63 53 65 37 72 38 43 41 34 12 70 34 30 43 58 84 73 67 83 49 38 29 56 62 89 0
68 17 56 58 66 30 90 17 69 66 79 84 46 18 85 59 10 30 66 13 29 68 49 22 53 61 75 82 40 56 75 23 64 0
28 72 42 17 48 17 69 60 21 68 74 60 33 11 25 76 77 23 41 74 28 63 85 87 58 32 20 28 57 72 43 52 47 35 41 25 42 47 73 52 32 44 81 23 15 69 48 62 90 78 42 74 44 28 71 36 61 55 81 33 81 83 26 0
42 41 16 62 47 75 26 37 24 90 49 55 64 36 89 86 21 38 85 19 23 16 28 34 55 79 69 50 23 46 66 41 18 11 45 85 56 68 38 51 69 89 57 58 23 86 16 87 25 38 69 76 48 45 44 14 20 49 29 80 23 21 40 46 85 41 43 18 16 85 0
0 0 0
