79 63 11 52 41 14 37 50 83 35 79 72 62 52 31 51 79 26 52 74 68 28 17 79 50 15 71 12 33 84 16 32 26 76 46 68 53 78 34 89 65 11 20 61 75 60 16 34 34 83 46 17 22 47 76 71 47 47 70 75 77 35 58 53 20 22 90 11 59 61 60 48 21 50 27 84 41 89 38 72 24 46 37 42 49 70 31 33 23 65 22 52 62 78 0
19 22 72 43 49 21 59 10 82 19 84 36 53 18 55 13 23 15 21 24 72 31 83 87 67 16 27 88 17 62 90 44 66 47 36 29 68 88 90 10 67 86 33 25 71 50 30 49 72 61 76 58 66 23 14 63 73 89 40 62 59 61 38 54 20 56 35 31 24 50 16 22 76 87 12 25 41 54 80 57 25 38 42 16 59 35 79 32 15 87 41 48 20 50 65 46 42 0
75 40 85 25 21 14 83 83 21 38 77 12 39 45 57 83 78 30 89 64 78 74 40 10 69 11 45 25 26 14 39 73 76 25 38 54 13 22 80 83 85 61 19 28 83 35 71 0
68 90 61 34 63 50 75 64 22 86 44 51 80 58 51 18 22 77 46 21 13 78 35 87 34 74 52 61 79 13 84 12 28 56 70 56 45 63 31 31 36 76 54 66 62 34 38 48 70 27 15 13 80 32 15 83 75 76 65 53 61 56 74 47 0
31 68 89 81 16 59 33 23 61 67 81 63 89 83 53 24 64 16 11 29 38 71 20 85 58 21 80 25 89 52 34 36 57 40 55 76 15 75 87 21 36 77 74 28 20 78 28 67 11 56 67 30 69 39 43 72 45 12 88 75 83 73 20 47 52 45 20 89 83 36 19 75 54 62 39 48 73 52 48 73 19 15 12 80 40 21 88 88 67 56 35 40 53 31 69 54 85 90 0
90 82 68 54 76 82 85 71 25 46 84 48 70 32 42 79 65 10 76 67 70 69 61 50 83 59 73 52 61 82 62 16 25 50 13 19 85 78 26 20 10 72 59 44 39 41 61 47 72 29 64 38 76 72 24 84 25 24 85 59 21 44 51 73 17 10 42 22 55 10 85 10 74 47 63 25 63 35 85 83 33 77 33 46 24 61 18 47 45 81 25 60 0
18 37 44 73 89 68 0
27 67 61 79 25 88 23 36 20 40 21 79 15 19 38 39 73 31 22 34 44 10 37 86 34 28 10 13 80 43 28 81 44 57 70 86 81 79 28 14 69 84 58 63 35 81 24 37 67 27 25 67 60 69 70 47 60 66 80 75 42 54 21 35 0
37 56 47 66 15 35 66 73 75 76 85 12 75 35 73 62 24 86 35 51 11 16 23 58 16 0
10 65 56 44 79 46 85 75 71 17 34 89 57 83 88 16 67 25 14 79 79 16 33 60 66 0
71 19 79 39 13 42 64 19 16 37 12 74 26 87 73 86 65 49 45 43 20 48 41 75 35 13 44 11 86 23 42 13 68 65 51 54 30 88 57 33 85 45 36 11 77 15 82 0
43 56 29 60 56 52 73 28 16 86 74 48 18 87 87 79 41 36 74 23 71 66 67 38 19 34 71 37 81 41 80 32 84 24 53 48 17 70 42 21 68 14 26 76 35 16 76 71 47 0
11 39 15 61 32 72 90 0
32 75 75 71 20 60 52 73 51 70 54 86 84 82 59 11 30 85 30 75 71 26 48 39 42 18 49 65 22 41 69 23 67 17 28 59 43 26 36 14 43 11 82 47 82 64 81 22 87 59 58 62 57 81 61 0
63 51 84 51 70 0
76 39 42 80 51 63 11 22 46 80 39 23 38 64 58 47 66 62 66 64 33 28 19 45 72 49 56 47 46 18 39 78 68 53 65 81 63 21 41 22 12 45 85 60 45 86 47 16 76 23 17 61 29 76 74 73 51 23 31 16 11 62 56 48 31 38 86 77 40 17 75 63 79 71 34 79 22 33 39 48 19 0
22 19 53 27 40 0
51 13 68 80 86 65 65 74 57 24 35 19 46 46 65 83 77 73 21 54 75 86 27 64 81 49 87 61 17 14 87 81 36 28 52 90 52 51 43 11 67 73 0
75 14 68 13 58 71 83 51 73 73 69 30 48 50 74 72 70 42 76 0
12 23 34 60 83 25 48 68 89 89 13 59 79 15 46 69 82 23 38 11 60 45 85 45 0
35 41 31 83 72 68 32 52 75 15 77 77 17 49 21 73 64 69 77 14 16 42 27 27 80 56 50 15 68 81 13 40 20 44 65 41 90 0
21 55 35 64 22 19 66 40 38 26 82 14 87 77 20 63 63 64 18 22 78 35 20 26 23 52 19 74 78 76 65 39 79 47 36 14 69 53 77 43 40 40 76 84 29 16 68 29 83 19 54 29 22 53 89 40 65 24 83 16 35 0
16 46 60 53 27 22 34 79 88 53 75 0
16 29 64 42 89 63 19 22 57 82 32 62 21 90 20 64 42 43 18 63 72 75 24 30 61 72 40 56 28 55 56 40 31 49 61 48 39 27 47 16 46 71 20 71 49 78 19 0
20 82 34 12 38 27 79 66 42 44 28 43 39 36 77 82 60 75 90 30 13 30 56 22 14 60 22 42 10 65 33 52 21 16 25 38 10 50 66 46 64 73 42 32 19 47 28 76 46 33 15 54 53 18 77 10 53 75 68 34 38 89 83 69 15 77 31 85 18 76 71 21 60 19 81 52 33 90 74 55 30 49 41 59 54 77 62 44 34 31 90 42 57 23 86 0
49 37 37 42 23 17 13 87 22 71 89 61 63 27 30 25 61 26 89 59 10 25 48 33 29 67 10 63 72 76 76 42 65 48 12 19 88 81 81 29 27 49 63 51 65 32 69 50 39 67 10 31 69 15 20 35 75 41 19 33 36 10 20 66 13 72 64 71 22 35 68 32 0
67 84 31 34 40 18 38 58 79 19 19 43 20 37 43 90 16 20 69 67 12 67 45 25 53 57 73 54 68 64 77 83 25 68 54 26 89 57 87 90 54 77 65 62 19 12 50 64 88 87 19 74 0
12 65 12 74 53 41 74 16 79 38 26 77 58 36 50 74 85 41 36 12 23 41 62 64 86 13 25 61 39 29 39 75 87 31 50 51 77 53 49 82 71 68 40 58 48 46 35 47 81 84 57 0
54 38 42 61 74 52 70 87 22 22 34 66 90 90 46 13 19 60 69 84 68 79 65 42 83 68 61 31 55 88 36 33 65 31 53 32 69 61 68 43 80 88 48 80 26 79 82 87 77 83 76 11 34 60 31 76 78 65 40 84 0
39 24 45 21 67 78 22 59 83 48 71 16 74 56 83 54 90 31 36 30 69 86 18 17 38 42 12 57 86 87 87 36 27 81 57 72 54 70 34 17 84 28 81 89 53 28 75 70 36 13 0
49 50 30 58 65 33 85 0
82 48 71 25 31 38 18 46 26 33 79 29 38 70 51 67 39 12 63 55 18 52 74 10 68 81 52 15 48 0
43 24 43 52 64 66 60 81 63 61 10 45 47 80 25 22 25 85 83 37 73 72 80 64 72 53 60 40 74 15 29 49 53 72 72 56 68 15 10 66 61 17 31 27 46 52 65 32 68 21 43 34 18 36 23 77 47 0
26 11 13 57 11 57 81 45 62 77 63 77 14 77 68 36 87 20 57 34 75 69 77 27 41 47 46 19 72 35 83 35 75 66 10 26 88 43 51 67 45 12 43 47 62 34 42 79 73 86 33 40 78 23 28 16 60 84 21 16 21 72 47 83 89 77 17 37 86 88 43 35 15 82 52 74 23 89 12 78 54 37 50 28 54 0
50 36 29 39 87 82 28 23 36 86 50 12 48 70 10 12 69 43 17 90 67 21 57 64 61 28 65 0
22 40 27 86 20 19 83 24 45 21 50 27 61 58 64 45 81 27 71 23 58 22 51 15 36 20 76 81 68 33 63 61 64 13 34 29 72 58 0
24 79 34 27 52 80 49 62 35 85 65 62 17 85 18 31 74 25 26 41 44 39 48 73 26 63 35 68 78 34 58 44 16 75 78 20 32 16 34 83 51 68 34 52 36 10 39 13 26 33 90 77 18 66 12 48 89 85 27 53 79 83 45 52 49 22 39 58 69 21 70 16 50 18 0
13 47 74 78 53 26 45 62 69 69 10 20 17 79 21 24 17 44 67 30 14 45 83 56 65 32 32 80 43 87 45 50 55 66 66 49 14 11 21 69 90 35 87 52 12 63 51 18 32 15 73 14 20 73 63 14 15 39 21 14 72 18 17 22 46 36 14 41 39 36 85 73 43 55 13 42 21 38 24 76 50 40 80 40 58 84 21 83 19 39 0
0 0 0
