73 26 83 74 64 33 76 16 27 65 29 18 50 62 44 44 90 25 19 70 85 14 18 80 17 15 24 62 52 25 56 29 80 22 27 18 19 28 61 23 61 45 81 19 61 80 34 69 40 62 42 83 90 26 53 51 71 82 56 28 10 73 25 16 61 29 42 66 10 28 48 15 73 24 77 0
73 30 61 34 26 16 32 39 34 69 50 12 30 82 40 38 40 78 21 27 53 39 23 30 40 49 90 65 62 42 70 33 38 81 31 59 75 53 28 51 18 65 10 13 23 45 84 78 25 50 48 20 59 76 89 16 60 90 90 43 61 10 90 73 39 53 86 69 53 32 28 77 39 0
60 44 81 46 76 37 61 26 79 54 59 26 16 29 48 14 89 34 82 34 59 57 33 54 48 15 54 26 19 47 89 26 26 23 87 20 31 61 26 71 24 29 62 61 20 22 74 29 71 55 80 16 89 20 64 50 26 35 27 12 87 34 90 89 46 10 59 48 37 14 36 22 15 61 69 25 69 67 42 59 15 63 87 23 0
35 62 28 67 26 87 19 76 25 27 61 46 69 10 51 76 28 67 23 30 30 53 10 76 72 61 86 67 41 46 88 74 44 42 35 59 39 72 30 15 74 66 47 40 67 22 65 31 76 14 61 46 0
82 42 66 17 52 59 40 11 87 56 37 89 68 48 57 30 27 48 20 75 56 43 20 21 64 24 18 89 29 58 76 14 31 75 78 38 17 58 20 29 86 68 75 13 79 10 59 12 22 87 25 45 84 49 58 33 58 84 85 45 28 70 85 88 74 14 12 45 0
60 32 39 49 27 89 38 68 39 48 31 87 29 26 77 21 0
64 25 51 51 87 43 46 33 22 84 28 64 17 64 41 80 84 45 45 19 78 54 36 52 83 46 80 30 85 66 18 32 61 89 58 18 82 39 34 52 17 57 63 76 51 82 11 89 68 32 35 14 48 84 17 79 70 87 24 71 54 61 28 35 70 27 20 20 41 43 63 63 10 31 73 82 86 71 21 44 26 14 0
46 74 27 63 71 89 90 13 15 31 33 79 18 45 41 18 35 26 40 37 73 17 39 39 52 17 30 75 52 14 33 58 22 72 50 35 59 83 61 76 42 69 60 17 90 90 76 58 22 31 62 29 40 15 61 63 56 41 69 56 69 68 51 25 38 53 13 83 81 56 60 35 74 65 23 0
20 81 40 64 80 75 58 33 50 60 51 24 22 68 23 63 10 29 30 61 19 41 38 60 40 20 60 55 86 29 76 62 80 67 57 84 50 52 20 89 65 35 41 54 84 68 81 80 36 14 85 88 90 67 83 64 30 63 60 73 69 42 77 0
20 38 47 35 64 77 23 58 33 69 79 90 37 77 77 24 55 24 11 67 73 90 42 39 34 0
0 0 0
