19 33
3
88
13 3 -7 3
9 4 -1 1
5 5 -9 3
11 5 0 2
4 6 -4 0
9 6 8 1
18 6 9 0
11 7 1 2
17 7 2 3
10 8 5 2
16 8 -1 2
3 9 2 3
16 9 -5 1
17 9 -1 0
8 10 -4 3
9 10 -8 1
10 10 9 2
16 10 10 0
12 11 -2 1
4 12 4 2
10 12 4 2
11 12 -10 2
12 12 3 2
13 12 -3 0
15 12 1 0
18 12 7 3
14 13 2 1
16 13 10 3
8 14 7 1
11 14 10 0
15 14 -2 0
6 15 3 1
11 15 3 2
12 15 -3 0
6 17 -8 0
10 18 5 3
16 18 2 3
3 19 0 0
11 19 -2 3
16 19 -1 3
4 20 9 1
7 20 9 2
3 21 4 3
6 21 -1 2
12 21 -4 1
14 21 4 2
15 21 0 1
9 22 -10 0
16 22 10 1
6 23 -7 0
18 23 -1 3
9 24 9 0
18 24 4 1
5 25 -5 0
8 25 -6 2
10 25 -10 0
4 26 10 3
7 26 4 2
11 26 7 0
12 26 -6 0
17 26 1 3
4 27 7 0
5 27 -4 3
8 27 -7 1
14 27 -5 1
15 27 -2 2
5 28 -5 1
9 28 5 3
17 28 5 3
3 29 -9 3
4 29 4 0
5 29 -8 2
8 29 -10 3
13 29 -3 3
4 30 9 2
6 30 10 1
9 30 0 3
12 30 0 3
13 30 3 2
16 30 -9 3
17 30 -10 1
18 30 2 1
8 31 7 1
10 31 -5 2
15 31 -4 1
6 32 1 0
7 32 -2 2
18 32 4 1
2 2 0 -3
4 2 0 5
8 2 2 -4
9 2 2 -4
15 2 3 3
18 2 1 -5
3 3 2 -1
8 3 0 -2
10 3 3 0
11 3 2 2
14 3 0 1
16 3 1 5
17 3 3 3
2 4 0 -4
4 4 0 -1
5 4 1 -1
6 4 3 4
7 4 3 -2
8 4 1 -5
10 4 0 -3
14 4 1 5
15 4 0 -3
2 5 3 0
4 5 0 2
7 5 2 -5
8 5 3 1
9 5 3 0
10 5 0 5
14 5 2 -4
16 5 1 3
17 5 2 1
18 5 0 4
5 6 2 -5
7 6 2 -5
11 6 3 0
13 6 2 -3
17 6 3 1
2 7 2 -2
7 7 2 2
9 7 3 -5
12 7 1 3
13 7 0 -3
14 7 3 5
4 8 3 4
5 8 1 -5
6 8 3 -4
7 8 1 4
8 8 0 3
12 8 1 -3
14 8 1 -1
15 8 1 0
18 8 3 -2
2 9 3 -3
8 9 1 3
11 9 2 -5
12 9 0 2
18 9 2 1
5 10 2 4
6 10 1 2
12 10 1 1
13 10 2 -2
15 10 0 1
18 10 2 2
2 11 3 4
3 11 2 -1
5 11 1 3
8 11 2 5
9 11 0 3
10 11 2 -1
11 11 0 -1
13 11 0 5
14 11 3 1
16 11 1 -3
18 11 2 1
2 12 0 -1
3 12 1 -5
5 12 1 2
6 12 0 1
8 12 0 -2
9 12 3 -2
14 12 1 -5
16 12 2 3
17 12 3 -4
2 13 2 3
4 13 0 -3
5 13 0 3
7 13 1 0
9 13 3 2
10 13 3 0
12 13 3 -2
15 13 0 -1
17 13 0 -3
3 14 2 -3
4 14 2 -1
5 14 0 -3
6 14 2 2
7 14 2 -2
9 14 2 4
10 14 1 3
13 14 1 -2
17 14 1 -4
18 14 0 4
2 15 3 1
5 15 1 -1
10 15 1 2
15 15 2 5
16 15 2 -1
18 15 1 2
3 16 0 -2
4 16 0 -3
7 16 3 1
10 16 0 4
11 16 3 -3
14 16 0 -3
15 16 2 -2
18 16 2 2
15 17 1 -4
16 17 1 -2
17 17 3 -3
18 17 0 3
2 18 1 -3
3 18 1 5
5 18 0 1
6 18 1 5
12 18 1 -5
13 18 2 1
15 18 1 -5
4 19 3 -1
6 19 2 -5
10 19 0 0
12 19 1 4
13 19 3 0
15 19 1 4
18 19 3 4
2 20 3 -3
3 20 3 -4
6 20 3 3
9 20 0 -4
12 20 0 1
13 20 3 -2
2 21 0 4
5 21 3 1
7 21 2 3
8 21 2 0
10 21 1 0
11 21 3 1
16 21 0 5
17 21 2 5
2 22 1 -3
6 22 1 4
8 22 2 3
13 22 2 2
17 22 3 4
3 23 1 1
4 23 1 -2
7 23 1 1
8 23 3 4
9 23 0 2
11 23 0 -3
13 23 3 5
17 23 1 4
5 24 3 1
6 24 0 -2
8 24 0 -2
10 24 2 -1
12 24 0 -3
16 24 1 -4
2 25 0 2
3 25 0 4
4 25 2 3
6 25 2 4
7 25 0 0
9 25 1 -5
11 25 3 -2
14 25 1 0
15 25 1 4
16 25 3 2
17 25 1 -1
18 25 1 -2
5 26 0 4
6 26 0 -1
9 26 1 5
13 26 1 0
15 26 0 3
18 26 1 3
2 27 0 -3
3 27 3 0
9 27 0 0
11 27 2 3
18 27 3 -1
12 28 3 1
14 28 1 1
16 28 0 -4
2 29 3 5
7 29 1 2
11 29 2 -1
12 29 2 2
14 29 2 4
16 29 2 5
17 29 1 -1
7 30 1 -5
11 30 1 2
2 31 3 5
4 31 2 5
5 31 0 4
7 31 2 -4
11 31 2 0
13 31 3 -5
18 31 2 3
3 32 1 -4
4 32 0 -2
8 32 1 -4
9 32 0 -2
10 32 2 -1
11 32 2 5
14 32 1 -4
15 32 1 1
17 32 1 2
