44 22
1
160
25 3 3 0
27 3 -8 3
28 3 -9 1
33 3 -2 2
38 3 -10 2
7 4 -10 3
13 4 -5 2
19 4 -1 2
30 4 -10 0
32 4 7 3
36 4 4 1
40 4 3 2
17 5 3 2
20 5 2 0
25 5 -9 0
28 5 2 2
32 5 -5 2
4 6 4 1
13 6 -7 0
26 6 -10 0
33 6 5 0
37 6 10 0
38 6 5 1
5 7 1 3
7 7 1 1
15 7 2 0
17 7 6 0
18 7 6 1
24 7 6 1
27 7 0 3
29 7 0 0
33 7 1 3
35 7 7 0
38 7 -9 3
43 7 -3 0
4 8 -6 0
5 8 -8 0
8 8 -8 3
13 8 3 2
15 8 2 0
24 8 -9 0
29 8 -1 3
34 8 -1 0
7 9 -4 0
13 9 2 3
18 9 -9 0
19 9 9 2
23 9 7 2
28 9 7 3
29 9 5 0
32 9 -10 3
36 9 -4 0
37 9 -7 1
41 9 10 3
42 9 -8 2
43 9 10 0
3 10 7 1
6 10 -9 1
9 10 3 1
12 10 0 0
18 10 -7 2
21 10 -4 0
25 10 -7 0
29 10 7 3
35 10 -10 2
39 10 -6 0
11 11 0 2
28 11 -7 2
36 11 10 0
39 11 -1 0
41 11 6 1
42 11 -5 2
10 12 8 1
14 12 8 2
15 12 4 1
23 12 5 3
26 12 9 0
28 12 10 0
29 12 -7 3
30 12 -9 0
8 13 -2 1
9 13 -5 3
10 13 6 1
26 13 1 3
41 13 3 0
8 14 7 1
9 14 0 0
13 14 -9 1
16 14 -2 3
20 14 8 0
25 14 -4 2
28 14 10 1
29 14 4 3
37 14 -4 3
38 14 5 1
43 14 -8 0
6 15 3 1
15 15 -10 1
16 15 8 2
18 15 -7 2
19 15 3 0
26 15 10 0
27 15 -8 0
32 15 0 2
40 15 10 1
43 15 3 1
3 16 -9 2
5 16 1 3
6 16 0 3
7 16 3 0
13 16 -5 2
16 16 -3 3
23 16 -8 1
26 16 -4 0
31 16 10 2
32 16 0 2
34 16 1 1
3 17 5 2
5 17 0 1
9 17 -7 1
11 17 4 3
12 17 6 2
14 17 -3 1
25 17 0 3
27 17 -5 0
32 17 -8 2
35 17 8 2
36 17 -2 0
5 18 9 2
12 18 -10 3
15 18 -5 2
22 18 1 3
24 18 -10 1
25 18 -1 2
29 18 1 2
32 18 10 0
33 18 -2 3
35 18 10 3
36 18 -7 1
4 19 3 1
8 19 2 3
10 19 9 1
19 19 -4 1
22 19 0 0
23 19 -9 1
25 19 -8 1
26 19 -10 2
29 19 -8 0
33 19 9 2
8 20 1 1
12 20 -7 2
17 20 5 2
18 20 -4 2
29 20 -4 1
34 20 -7 3
7 21 9 3
9 21 6 3
12 21 -5 0
13 21 -7 2
39 21 -4 1
4 2 0 -5
5 2 0 5
7 2 1 0
11 2 3 -2
16 2 0 4
20 2 1 -2
22 2 3 -3
23 2 2 0
24 2 0 -2
27 2 2 0
30 2 1 0
37 2 1 -3
38 2 2 -3
39 2 2 0
40 2 1 -5
41 2 1 -2
43 2 3 2
7 3 2 4
8 3 3 -4
11 3 2 -2
13 3 0 -5
18 3 3 3
19 3 3 1
20 3 1 3
21 3 2 -3
31 3 1 3
34 3 0 -4
37 3 0 1
40 3 2 3
41 3 1 -1
43 3 0 -4
5 4 1 2
6 4 2 -2
10 4 3 1
11 4 3 2
17 4 3 -4
18 4 0 0
21 4 2 -2
23 4 2 5
26 4 0 3
27 4 2 -1
28 4 0 -3
29 4 3 1
31 4 0 -5
33 4 3 -4
37 4 1 -4
39 4 1 -2
43 4 3 5
2 5 2 3
4 5 1 0
6 5 1 3
7 5 1 4
10 5 1 2
11 5 2 3
16 5 2 -4
18 5 2 5
24 5 3 -2
26 5 0 -4
29 5 3 -4
31 5 1 3
33 5 0 1
34 5 2 3
40 5 1 -3
42 5 1 2
2 6 1 2
3 6 1 -2
5 6 2 0
6 6 0 -2
9 6 0 4
10 6 1 -2
11 6 2 -2
12 6 3 0
14 6 2 4
17 6 2 3
22 6 2 -5
23 6 3 0
24 6 2 2
25 6 1 5
29 6 1 4
30 6 3 1
32 6 0 -2
35 6 0 4
36 6 0 -4
40 6 0 -3
41 6 2 -4
2 7 2 -2
4 7 3 0
6 7 2 0
9 7 1 -1
11 7 0 -4
12 7 3 -2
13 7 1 -4
16 7 3 3
19 7 0 -4
20 7 3 0
21 7 3 0
23 7 0 4
26 7 0 0
28 7 3 2
31 7 2 -1
36 7 1 3
40 7 2 -1
2 8 0 -2
6 8 3 0
11 8 1 -3
17 8 3 3
19 8 1 3
20 8 2 5
25 8 2 -2
27 8 2 1
28 8 0 -5
30 8 2 1
32 8 0 1
37 8 1 -1
41 8 0 1
42 8 2 -2
43 8 3 -2
2 9 2 5
4 9 0 -1
6 9 3 5
8 9 1 -5
9 9 3 3
12 9 1 -1
14 9 1 5
15 9 3 -2
17 9 2 2
21 9 0 -5
22 9 2 -3
27 9 3 -3
30 9 2 5
31 9 3 4
40 9 1 3
7 10 2 5
8 10 2 1
11 10 3 4
14 10 2 -3
24 10 2 1
27 10 0 -5
28 10 1 -1
34 10 3 2
36 10 2 0
37 10 1 -3
38 10 3 3
41 10 0 -3
42 10 0 3
43 10 1 -2
2 11 1 5
4 11 1 -3
6 11 3 -2
10 11 0 -1
13 11 0 3
16 11 1 -5
19 11 1 -2
21 11 1 0
22 11 2 2
25 11 1 -2
31 11 0 -4
33 11 0 -3
34 11 1 -3
35 11 1 5
38 11 1 -3
43 11 0 2
2 12 1 3
4 12 0 -4
16 12 2 3
18 12 2 1
19 12 3 -1
20 12 0 0
21 12 0 -4
25 12 1 -4
27 12 2 -1
31 12 3 1
34 12 0 -5
36 12 0 -3
37 12 3 5
40 12 2 1
41 12 2 3
2 13 2 -2
5 13 1 -3
7 13 2 -3
11 13 3 2
12 13 3 5
14 13 3 2
15 13 3 -3
17 13 3 -3
18 13 0 3
22 13 0 2
23 13 2 -2
25 13 0 -3
27 13 2 -4
29 13 3 -1
30 13 2 -3
31 13 0 4
32 13 1 1
33 13 0 4
37 13 0 -2
40 13 3 -1
4 14 0 -5
6 14 3 1
7 14 3 -1
12 14 0 0
14 14 1 4
18 14 2 -5
22 14 2 -1
24 14 2 -2
26 14 2 2
27 14 1 -3
32 14 2 2
33 14 3 -4
39 14 1 5
2 15 1 5
4 15 3 1
7 15 0 3
9 15 0 1
10 15 2 -3
11 15 1 5
12 15 2 -3
13 15 1 0
14 15 3 4
22 15 1 4
23 15 0 -5
28 15 3 5
29 15 1 5
30 15 2 1
31 15 2 -1
34 15 1 5
37 15 0 -4
42 15 0 4
2 16 0 -3
8 16 0 -5
9 16 1 5
12 16 0 1
15 16 1 -2
18 16 1 -4
19 16 2 -2
20 16 2 -5
22 16 3 -2
24 16 3 -3
25 16 3 -5
28 16 1 -2
33 16 1 5
36 16 1 -5
38 16 3 3
39 16 2 0
40 16 3 -5
41 16 0 4
42 16 1 3
2 17 0 -2
4 17 1 2
13 17 3 3
15 17 0 -1
17 17 1 -4
26 17 2 -5
31 17 0 0
37 17 1 2
43 17 2 -3
3 18 2 2
4 18 0 3
6 18 1 0
7 18 1 3
8 18 2 -2
9 18 0 1
11 18 0 -5
16 18 1 2
19 18 2 2
20 18 1 -1
21 18 0 -1
23 18 2 -5
28 18 3 3
30 18 0 -2
34 18 1 -4
38 18 2 4
41 18 0 4
42 18 3 -3
43 18 1 -1
7 19 2 -3
9 19 0 5
11 19 2 -5
12 19 3 -3
15 19 3 3
17 19 0 -5
20 19 1 -2
24 19 2 -1
27 19 3 -4
31 19 2 -4
32 19 0 -3
35 19 1 -1
40 19 0 -3
41 19 2 -5
42 19 3 -3
43 19 1 1
4 20 2 1
7 20 0 -4
9 20 1 -4
11 20 2 4
14 20 1 -1
15 20 3 5
16 20 3 4
22 20 2 3
23 20 0 -1
24 20 1 -4
30 20 2 -4
35 20 3 2
36 20 2 2
37 20 1 0
38 20 3 3
39 20 1 1
41 20 3 -3
42 20 0 -3
3 21 0 4
4 21 0 -3
5 21 3 5
6 21 2 2
14 21 1 5
15 21 0 -2
18 21 0 1
19 21 1 3
21 21 1 -3
25 21 3 -2
26 21 2 5
28 21 1 -1
29 21 3 -2
31 21 2 1
33 21 3 3
36 21 2 2
37 21 3 -4
38 21 1 2
40 21 2 -2
41 21 2 1
42 21 3 -5
