15 35
8
76
5 3 -3 0
8 3 5 3
14 3 2 0
9 4 -10 1
10 4 3 2
11 4 -5 3
5 5 2 0
11 5 6 3
4 6 2 1
8 6 9 2
10 6 -6 0
4 7 5 0
7 7 4 2
9 7 -10 0
12 7 0 0
13 7 4 3
5 9 -8 1
7 9 6 2
8 9 2 3
11 9 -10 0
8 11 1 1
11 12 -10 0
3 13 -3 3
8 13 -9 3
9 13 -8 0
10 13 1 1
14 14 -8 1
9 15 0 3
11 15 7 2
13 15 7 1
3 16 1 2
7 16 -7 2
8 16 9 3
4 17 -3 2
13 18 6 1
5 20 6 1
10 20 4 3
14 20 0 0
3 21 3 2
14 21 -10 3
8 22 1 2
6 23 -8 2
13 23 7 2
10 24 -1 2
11 24 -8 1
4 25 10 2
6 25 6 0
7 25 -4 2
3 26 -8 2
5 26 -6 3
6 26 -10 3
8 26 -6 2
14 26 6 2
4 27 5 1
5 27 -6 3
3 28 -7 3
4 28 -4 1
8 28 -2 0
11 29 9 3
4 30 6 0
8 30 -8 3
13 30 4 3
10 31 9 0
11 31 2 0
5 32 3 3
6 32 9 2
9 32 6 0
10 32 -2 2
14 32 7 0
7 33 9 0
10 33 9 0
14 33 7 0
3 34 -2 0
5 34 -3 1
6 34 -8 0
13 34 -3 0
2 2 0 -4
3 2 0 2
4 2 2 0
5 2 1 -3
6 2 3 3
7 2 3 3
8 2 3 4
9 2 0 -3
10 2 1 1
11 2 2 5
13 2 3 -2
6 3 2 -5
9 3 3 5
10 3 2 4
12 3 3 -3
2 4 2 5
5 4 3 -5
8 4 1 3
12 4 1 5
13 4 3 -5
14 4 2 5
2 5 1 2
3 5 2 -3
6 5 1 -3
9 5 2 -3
12 5 1 4
13 5 2 1
3 6 0 -4
5 6 3 4
6 6 2 -3
11 6 1 3
12 6 3 5
2 7 3 -1
3 7 1 2
5 7 3 0
10 7 3 1
11 7 1 1
14 7 3 -2
2 8 0 2
3 8 2 -1
4 8 1 -2
5 8 1 4
6 8 3 3
8 8 2 -4
10 8 2 2
11 8 0 -1
13 8 0 5
2 9 0 2
3 9 2 -4
12 9 1 -4
3 10 2 1
4 10 2 -4
5 10 1 -2
12 10 1 3
13 10 0 4
14 10 0 -2
3 11 2 -1
5 11 3 -4
6 11 1 -4
9 11 3 -1
10 11 3 3
11 11 3 -4
13 11 2 4
14 11 3 2
2 12 3 -5
3 12 2 3
5 12 2 -5
6 12 0 0
10 12 2 -5
12 12 1 5
13 12 1 5
14 12 0 4
4 13 2 1
5 13 2 -1
6 13 1 2
11 13 2 -1
5 14 1 -5
8 14 2 -2
10 14 0 -3
12 14 3 -2
3 15 2 4
5 15 2 1
6 15 3 -4
7 15 0 0
8 15 1 0
10 15 3 -4
4 16 0 0
6 16 1 0
10 16 1 5
12 16 2 5
2 17 1 -5
3 17 2 2
12 17 0 1
4 18 2 4
6 18 0 0
9 18 1 -5
10 18 2 -5
11 18 0 0
12 18 1 3
2 19 0 4
3 19 2 4
7 19 3 -5
8 19 2 -3
10 19 1 -3
14 19 1 4
2 20 3 3
4 20 0 -3
6 20 3 -4
7 20 3 -2
8 20 3 -3
9 20 3 -3
13 20 0 1
2 21 1 -5
7 21 3 -1
8 21 1 -5
9 21 2 4
10 21 2 -1
12 21 0 -1
2 22 1 -1
4 22 0 -3
6 22 2 -3
9 22 2 5
10 22 0 1
11 22 0 -1
4 23 0 2
5 23 1 0
8 23 2 5
9 23 3 -4
10 23 1 -1
11 23 3 -4
12 23 2 -2
14 23 1 0
2 24 3 0
6 24 1 2
7 24 2 -4
8 24 2 4
9 24 1 2
8 25 0 1
9 25 2 -4
11 25 0 5
12 25 0 5
14 25 2 3
4 26 2 3
7 26 1 -2
10 26 2 -1
13 26 2 -2
3 27 0 -2
6 27 2 -1
7 27 1 1
8 27 2 -4
13 27 0 4
2 28 0 5
6 28 3 -2
9 28 2 -2
11 28 2 -4
2 29 2 4
4 29 1 1
7 29 1 -2
8 29 0 -1
9 29 1 -5
10 29 2 -3
12 29 0 1
13 29 2 -4
14 29 0 -3
2 30 2 3
3 30 3 1
6 30 3 1
10 30 0 -1
12 30 2 -2
14 30 0 0
14 31 1 -5
2 32 3 -4
4 32 2 -1
12 32 3 -1
5 33 2 1
6 33 3 2
8 33 0 2
13 33 1 -4
2 34 1 0
8 34 1 2
10 34 1 2
14 34 1 -5
