42 8
7
32
5 3 8 0
6 3 10 0
10 3 2 1
21 3 3 3
24 3 -3 3
25 3 -3 2
27 3 2 1
33 3 7 2
36 3 -10 3
18 4 -1 1
19 4 2 0
31 4 -8 0
36 4 -7 3
40 4 0 0
3 5 -9 1
24 5 4 3
32 5 0 2
34 5 -7 0
40 5 -10 3
3 6 8 1
8 6 6 0
9 6 -9 1
14 6 4 3
19 6 -9 2
25 6 5 2
12 7 -10 1
18 7 1 0
19 7 0 2
24 7 9 0
25 7 7 0
26 7 0 2
35 7 10 0
6 2 3 1
7 2 0 2
9 2 2 -3
10 2 1 3
11 2 2 -2
12 2 0 5
13 2 0 4
14 2 2 -1
15 2 2 1
16 2 3 3
17 2 3 -1
18 2 3 -4
19 2 3 3
20 2 1 -4
21 2 3 3
22 2 2 -5
23 2 1 -3
24 2 3 5
26 2 2 2
32 2 2 -4
33 2 0 5
34 2 0 -1
35 2 3 -2
36 2 3 -5
37 2 2 -2
38 2 1 -2
39 2 2 4
3 3 3 -3
7 3 3 -3
8 3 0 -3
12 3 0 -5
13 3 3 3
15 3 1 -2
17 3 2 -3
18 3 1 2
19 3 2 0
20 3 3 1
23 3 3 4
26 3 0 -3
28 3 2 0
29 3 2 -2
30 3 2 4
32 3 1 -3
34 3 2 3
38 3 2 2
40 3 0 -1
4 4 0 0
5 4 3 5
6 4 1 -2
7 4 0 -3
8 4 0 0
10 4 0 4
11 4 0 -1
13 4 2 5
15 4 0 -3
21 4 3 -4
22 4 3 1
23 4 1 3
26 4 2 -1
27 4 3 -3
30 4 3 4
33 4 0 -4
34 4 0 -2
35 4 2 5
37 4 2 2
38 4 1 2
2 5 1 4
4 5 3 0
7 5 1 2
8 5 1 4
11 5 0 1
17 5 3 2
19 5 2 -5
22 5 0 4
26 5 1 4
27 5 3 -3
30 5 1 -2
33 5 1 -3
35 5 1 5
36 5 0 5
38 5 0 2
39 5 0 2
41 5 1 -5
2 6 2 5
5 6 0 3
6 6 2 -3
10 6 3 0
11 6 2 5
12 6 1 -5
13 6 2 5
15 6 1 4
16 6 0 3
20 6 0 -5
21 6 3 -4
22 6 1 3
23 6 2 1
24 6 0 0
27 6 1 4
30 6 3 -3
31 6 3 -3
32 6 2 1
35 6 0 5
36 6 0 2
39 6 2 1
41 6 0 2
2 7 2 0
3 7 3 -5
4 7 0 -5
7 7 3 4
8 7 0 2
14 7 1 -2
16 7 3 0
23 7 2 1
28 7 0 1
29 7 2 4
30 7 1 3
31 7 1 -1
32 7 2 2
36 7 1 0
37 7 1 -5
