44 30
10
181
6 3 -10 0
8 3 -9 3
25 3 -6 0
34 3 -10 1
37 3 -1 3
43 3 -9 3
22 4 8 2
25 4 7 0
26 4 5 3
32 4 3 1
41 4 -6 2
8 5 -9 0
13 5 6 0
35 5 10 3
37 5 -4 2
4 6 0 1
12 6 5 2
24 6 -8 3
27 6 3 0
33 6 -3 0
34 6 -10 1
38 6 9 3
40 6 -9 3
4 7 -9 3
12 7 5 2
22 7 -8 3
37 7 -5 0
38 7 -6 0
40 7 -6 0
4 8 -10 1
10 8 6 2
11 8 6 2
17 8 -8 3
30 8 0 3
35 8 -9 3
41 8 8 0
8 9 -4 3
10 9 10 1
16 9 1 0
24 9 -7 1
32 9 7 1
34 9 -5 0
38 9 -1 2
41 9 -8 2
43 9 4 0
7 10 -8 2
8 10 5 3
29 10 -10 3
30 10 7 2
33 10 3 3
35 10 -1 1
36 10 10 3
39 10 -5 3
41 10 -8 3
3 11 -10 1
7 11 -8 3
9 11 2 1
14 11 9 0
31 11 8 0
33 11 3 2
34 11 -5 3
40 11 -8 0
7 12 4 0
8 12 8 2
17 12 4 2
22 12 -2 0
23 12 10 1
28 12 9 1
35 12 -3 0
36 12 -9 1
38 12 -4 0
11 13 -5 3
12 13 2 0
20 13 9 1
21 13 -4 2
31 13 -9 2
33 13 -4 0
36 13 1 3
38 13 -3 1
8 14 0 0
13 14 9 3
24 14 -6 3
27 14 -4 0
29 14 -6 2
41 14 -7 1
43 14 -9 1
7 15 0 1
8 15 -3 0
17 15 1 1
18 15 2 3
19 15 7 2
20 15 -2 0
24 15 8 3
30 15 -8 0
33 15 -2 2
37 15 -5 1
6 16 1 1
13 16 -5 3
16 16 2 1
28 16 0 2
30 16 6 2
4 17 -6 1
6 17 10 2
8 17 -3 2
12 17 7 3
17 17 -2 2
19 17 2 3
30 17 7 1
32 17 5 3
35 17 4 0
40 17 2 3
43 17 0 0
12 18 -2 3
43 18 10 3
4 19 -5 2
13 19 4 0
19 19 -8 3
28 19 -3 0
36 19 0 2
37 19 2 1
11 20 3 3
31 20 -10 1
32 20 6 3
37 20 5 2
38 20 8 1
10 21 4 1
14 21 -3 0
28 21 3 3
11 22 10 2
31 22 6 0
32 22 -8 1
40 22 -4 0
42 22 -2 2
3 23 -4 3
15 23 -3 3
34 23 -6 0
35 23 8 1
38 23 -5 2
6 24 -8 0
14 24 -6 3
21 24 -1 3
24 24 -1 3
38 24 -8 0
40 24 2 0
9 25 5 1
20 25 -3 3
26 25 8 2
27 25 -9 1
33 25 -5 1
38 25 -8 2
43 25 -5 1
4 26 3 0
5 26 2 3
19 26 7 2
20 26 9 0
23 26 5 1
25 26 10 0
35 26 -5 0
36 26 -4 3
37 26 -6 0
40 26 -5 2
41 26 8 0
5 27 -7 3
15 27 -3 1
27 27 -4 1
30 27 -9 2
20 28 7 2
21 28 6 1
26 28 2 2
30 28 -7 2
35 28 4 3
40 28 10 2
41 28 -8 0
43 28 6 1
17 29 -9 3
18 29 -2 1
20 29 0 1
27 29 -2 2
29 29 -6 3
30 29 -8 2
36 29 -5 0
4 2 3 0
5 2 1 2
8 2 0 4
9 2 0 2
12 2 2 1
14 2 0 3
16 2 3 1
19 2 0 -5
20 2 2 1
23 2 0 -5
24 2 0 3
25 2 2 4
29 2 1 -3
30 2 1 -3
31 2 0 3
32 2 1 -1
35 2 3 5
36 2 0 0
43 2 3 -2
5 3 2 -4
7 3 3 4
10 3 2 0
12 3 3 -5
13 3 3 -5
14 3 1 -3
19 3 1 -4
20 3 2 0
27 3 0 -1
28 3 3 4
29 3 1 2
30 3 0 0
31 3 3 3
33 3 1 1
36 3 3 -4
38 3 2 2
39 3 3 3
42 3 1 1
6 4 0 5
7 4 2 3
10 4 0 1
11 4 0 0
12 4 1 -2
14 4 1 -5
15 4 1 -3
17 4 3 3
18 4 0 4
21 4 3 5
23 4 1 -3
24 4 2 4
28 4 1 1
30 4 3 -5
31 4 3 4
37 4 0 5
38 4 3 -2
40 4 1 -3
43 4 1 4
4 5 3 3
5 5 3 -1
11 5 2 -3
14 5 3 -3
15 5 3 -3
18 5 1 0
20 5 3 -3
24 5 0 4
25 5 2 -3
26 5 3 -2
27 5 2 0
28 5 1 0
34 5 1 2
38 5 2 -3
39 5 2 1
41 5 2 5
8 6 3 5
10 6 0 -3
11 6 1 1
13 6 2 -2
16 6 1 -5
17 6 3 -3
19 6 0 3
20 6 0 -4
21 6 2 -3
23 6 0 -1
28 6 0 1
30 6 0 0
31 6 1 -1
39 6 1 1
41 6 0 -2
3 7 2 -1
6 7 3 1
9 7 2 1
10 7 2 -4
11 7 0 0
13 7 2 1
17 7 0 -3
18 7 0 1
20 7 0 0
25 7 0 2
26 7 2 -2
32 7 0 5
33 7 0 -3
34 7 3 -3
35 7 3 -3
36 7 3 -5
39 7 1 -3
41 7 2 -5
42 7 1 2
2 8 0 3
12 8 1 -2
15 8 0 5
16 8 3 4
18 8 2 -4
21 8 0 -3
23 8 2 2
24 8 1 2
25 8 2 3
27 8 1 0
28 8 2 2
29 8 3 1
32 8 1 -4
34 8 0 1
38 8 1 3
40 8 1 3
42 8 1 -3
3 9 3 4
4 9 2 0
9 9 0 1
11 9 1 -4
12 9 3 0
14 9 3 3
17 9 1 4
18 9 2 -4
19 9 0 5
20 9 3 4
25 9 2 4
26 9 0 2
29 9 1 5
30 9 3 3
35 9 2 5
3 10 1 4
5 10 0 -5
10 10 2 2
14 10 0 4
15 10 3 -3
16 10 1 4
17 10 2 -3
18 10 2 1
19 10 2 4
20 10 2 2
21 10 2 -4
22 10 2 4
24 10 3 2
25 10 0 0
27 10 3 3
31 10 1 4
32 10 0 0
37 10 0 -3
40 10 3 -5
2 11 0 4
6 11 3 2
8 11 1 4
10 11 0 1
12 11 3 5
13 11 0 0
16 11 2 -2
21 11 1 -5
22 11 0 -3
26 11 0 2
27 11 3 5
29 11 3 -2
30 11 1 -2
35 11 0 5
36 11 0 -3
2 12 2 -4
3 12 3 5
4 12 2 2
9 12 1 -3
12 12 2 2
14 12 2 -3
15 12 3 -2
18 12 2 2
19 12 0 -1
21 12 1 -4
25 12 3 5
27 12 1 0
29 12 2 -2
32 12 0 4
33 12 0 3
39 12 2 -5
40 12 3 -1
41 12 3 2
42 12 1 0
43 12 0 4
7 13 3 -2
9 13 0 -5
13 13 0 -2
14 13 3 -2
16 13 3 -3
17 13 2 -4
18 13 0 3
19 13 3 -3
24 13 2 4
26 13 0 -1
27 13 0 -1
28 13 1 2
29 13 0 -5
30 13 3 4
3 14 2 4
7 14 2 2
9 14 2 -5
10 14 3 3
14 14 1 4
15 14 1 -4
17 14 1 0
18 14 1 4
20 14 1 5
22 14 0 -5
25 14 3 -5
26 14 3 -5
28 14 0 -5
32 14 0 5
35 14 1 3
37 14 2 1
38 14 3 0
39 14 2 2
40 14 0 0
42 14 0 -1
2 15 0 -5
3 15 0 0
6 15 0 -4
9 15 3 -1
10 15 1 -5
12 15 2 -3
15 15 0 -3
21 15 3 -4
28 15 2 -2
29 15 1 -1
31 15 0 -3
34 15 2 -4
38 15 1 4
41 15 1 -3
42 15 1 -1
43 15 3 3
2 16 3 -2
5 16 2 1
7 16 3 3
8 16 2 -2
9 16 3 3
10 16 0 2
11 16 1 2
14 16 1 1
15 16 3 -2
17 16 3 -3
21 16 3 5
22 16 3 3
24 16 0 -3
26 16 3 1
27 16 3 4
33 16 2 -1
34 16 3 -4
38 16 2 -4
39 16 2 3
5 17 1 -4
9 17 3 -5
11 17 1 1
13 17 3 -4
14 17 0 -1
15 17 0 -5
20 17 0 -4
25 17 1 3
26 17 2 5
27 17 2 5
28 17 1 -2
34 17 2 -3
41 17 3 1
42 17 0 2
4 18 3 2
5 18 3 -2
6 18 2 4
8 18 1 3
13 18 0 -3
14 18 1 3
15 18 1 1
18 18 3 -1
19 18 3 -3
20 18 1 -4
21 18 3 3
22 18 1 -2
28 18 1 0
29 18 3 -3
32 18 2 -1
35 18 1 -3
37 18 2 -3
38 18 2 -5
3 19 3 0
5 19 1 -5
9 19 1 -4
11 19 2 1
12 19 3 4
14 19 2 1
20 19 0 -1
22 19 0 -5
24 19 1 -5
26 19 1 2
30 19 3 -5
32 19 3 -2
34 19 3 0
39 19 3 -3
40 19 3 3
43 19 3 -1
2 20 3 5
4 20 0 2
6 20 3 3
7 20 3 -4
10 20 2 0
12 20 0 -2
16 20 0 -2
17 20 0 2
18 20 3 2
19 20 2 2
20 20 0 1
22 20 0 -4
23 20 1 1
24 20 3 -4
25 20 0 -1
26 20 1 2
27 20 1 5
28 20 2 2
30 20 1 -4
34 20 3 -4
35 20 0 5
36 20 1 4
40 20 2 5
42 20 0 -1
43 20 1 -4
3 21 0 -4
5 21 1 -5
7 21 0 5
11 21 2 -3
13 21 0 -1
15 21 3 -1
16 21 1 0
18 21 3 -3
20 21 1 0
23 21 1 -4
24 21 1 -4
25 21 2 2
27 21 3 -3
31 21 3 3
32 21 1 -3
33 21 0 -4
35 21 3 -1
36 21 0 0
37 21 1 1
39 21 2 -2
40 21 1 3
41 21 1 -5
42 21 2 -5
43 21 1 2
2 22 2 1
4 22 2 1
5 22 0 1
6 22 2 0
9 22 1 5
12 22 1 -5
14 22 0 -5
17 22 3 4
18 22 1 -1
19 22 0 -4
21 22 0 5
22 22 3 -1
26 22 0 1
28 22 2 5
30 22 0 1
33 22 2 -1
34 22 1 3
43 22 1 5
4 23 0 1
6 23 2 2
14 23 3 -5
17 23 1 -4
18 23 1 -3
20 23 0 2
24 23 1 1
25 23 0 -2
26 23 2 0
28 23 3 -4
30 23 0 -4
32 23 1 -2
33 23 3 0
36 23 2 3
39 23 3 0
4 24 3 4
5 24 3 3
8 24 2 -3
9 24 3 -4
12 24 0 1
13 24 2 -2
18 24 2 -1
19 24 3 4
22 24 3 -5
23 24 2 3
32 24 0 -3
33 24 3 5
37 24 1 2
41 24 1 -2
42 24 2 -2
2 25 1 5
6 25 2 2
7 25 0 -2
12 25 1 2
18 25 0 1
21 25 0 -2
23 25 2 -4
25 25 1 -5
28 25 0 -5
29 25 1 -4
31 25 0 0
35 25 2 1
36 25 1 3
40 25 2 2
41 25 2 -3
42 25 3 -4
3 26 3 -1
6 26 2 4
8 26 1 -5
10 26 0 5
12 26 3 4
16 26 3 5
17 26 1 -3
18 26 1 -1
21 26 0 -3
26 26 0 -4
30 26 1 -2
31 26 3 -5
33 26 2 3
34 26 2 3
38 26 0 -3
42 26 2 1
43 26 2 3
2 27 3 0
3 27 3 4
10 27 1 -1
12 27 3 -5
13 27 1 3
14 27 2 5
16 27 1 0
17 27 3 -3
19 27 0 3
21 27 2 1
22 27 0 -5
24 27 1 3
28 27 0 -4
31 27 3 5
32 27 3 -2
36 27 3 -5
37 27 2 -1
38 27 0 5
39 27 1 5
40 27 0 -2
41 27 1 0
43 27 2 1
2 28 2 1
3 28 1 4
4 28 3 -3
5 28 2 -3
8 28 3 -1
9 28 1 2
12 28 3 5
16 28 3 -5
17 28 1 1
19 28 1 -5
22 28 2 1
24 28 3 1
25 28 2 -5
29 28 2 -1
31 28 1 -1
32 28 2 3
33 28 2 4
42 28 1 3
2 29 0 -4
3 29 3 3
5 29 3 -3
6 29 1 4
10 29 3 4
12 29 1 -2
14 29 2 2
15 29 2 -4
22 29 2 -5
24 29 2 -5
25 29 2 0
26 29 3 1
32 29 3 5
37 29 3 5
39 29 2 -1
40 29 2 0
41 29 1 1
42 29 0 -2
43 29 0 4
