38 24
1
134
11 3 1 0
14 3 10 3
21 3 0 1
25 3 3 0
3 4 -2 0
5 4 -8 2
8 4 2 2
9 4 9 0
17 4 -1 1
23 4 10 0
25 4 2 1
28 4 -5 3
5 5 -2 2
25 5 5 1
36 5 -6 2
37 5 10 3
3 6 8 3
12 6 1 1
17 6 -3 0
19 6 -2 3
21 6 -4 2
23 6 -2 3
36 6 -9 1
5 7 -9 2
8 7 2 0
27 7 5 0
33 7 -2 0
36 7 -8 3
37 7 0 3
10 8 -8 2
16 8 0 0
18 8 0 1
26 8 -10 0
29 8 5 1
32 8 -4 0
3 9 -7 2
4 9 4 2
6 9 0 3
7 9 9 2
25 9 -5 2
6 10 4 3
12 10 5 0
15 10 10 3
16 10 8 1
17 10 4 0
18 10 -6 0
19 10 -8 2
21 10 2 0
28 10 6 1
3 11 1 0
8 11 0 2
19 11 4 0
27 11 -4 0
35 11 9 1
37 11 6 0
7 12 7 1
9 12 -6 2
16 12 0 0
26 12 -1 1
28 12 4 0
15 13 -1 3
17 13 -3 2
23 13 2 3
30 13 5 1
34 13 -5 1
37 13 -1 3
3 14 -10 0
4 14 9 1
25 14 -4 3
34 14 3 0
12 15 -9 1
13 15 0 1
16 15 -10 0
24 15 -1 1
27 15 -1 0
31 15 3 3
35 15 -9 3
3 16 -1 2
8 16 8 0
9 16 -9 0
12 16 0 2
14 16 9 2
20 16 4 3
24 16 9 3
27 16 5 2
32 16 -9 3
3 17 10 2
7 17 -8 0
10 17 3 2
19 17 0 0
27 17 5 0
29 17 10 3
36 17 -8 1
7 18 -1 0
8 18 3 2
17 18 -7 0
24 18 -9 0
33 18 5 3
35 18 9 2
37 18 5 2
8 19 -7 3
10 19 0 0
13 19 -2 2
14 19 -6 0
27 19 -7 2
28 19 -8 3
31 19 7 0
35 19 4 3
5 20 1 0
11 20 10 0
18 20 4 0
29 20 -3 3
33 20 -6 0
35 20 1 0
5 21 4 1
13 21 6 3
15 21 -9 1
31 21 -9 1
32 21 8 1
33 21 1 0
7 22 10 2
12 22 10 3
15 22 6 2
16 22 6 1
23 22 7 2
25 22 0 2
26 22 8 3
28 22 -3 0
31 22 9 3
36 22 -6 2
5 23 -7 0
17 23 0 1
29 23 -4 2
31 23 5 0
2 2 1 -3
3 2 3 -3
4 2 3 4
7 2 0 1
9 2 1 2
12 2 1 5
13 2 1 -1
14 2 2 5
15 2 3 3
18 2 0 -3
20 2 0 0
21 2 3 1
24 2 3 3
25 2 0 -2
26 2 0 -5
28 2 0 3
29 2 3 0
31 2 2 5
32 2 2 -4
33 2 3 1
35 2 1 3
36 2 3 2
37 2 1 4
4 3 0 0
5 3 0 -3
7 3 2 0
8 3 0 -1
10 3 2 -5
12 3 0 0
13 3 1 -2
17 3 0 3
18 3 0 -4
19 3 0 1
23 3 1 -4
24 3 3 4
26 3 1 -2
27 3 3 -1
28 3 3 4
32 3 2 -5
33 3 1 4
34 3 1 1
35 3 0 5
37 3 1 -1
10 4 2 -5
11 4 3 1
13 4 3 4
14 4 1 0
18 4 3 3
21 4 1 -1
22 4 1 3
26 4 0 0
29 4 0 -5
31 4 2 2
32 4 1 1
33 4 3 -4
34 4 3 -5
35 4 2 -1
2 5 1 -5
9 5 0 5
10 5 0 -3
11 5 3 5
12 5 0 0
14 5 2 -4
15 5 2 3
18 5 1 -5
20 5 1 -2
21 5 1 1
22 5 1 1
23 5 2 3
27 5 0 1
29 5 2 4
30 5 1 0
32 5 2 -4
34 5 1 1
35 5 2 0
6 6 3 3
8 6 0 3
13 6 3 4
15 6 0 4
16 6 2 0
20 6 0 -1
26 6 1 -2
27 6 0 -4
28 6 2 3
29 6 1 -5
31 6 2 -4
32 6 3 2
33 6 3 1
37 6 3 -2
9 7 2 5
11 7 2 1
13 7 0 0
14 7 2 -5
17 7 2 4
18 7 1 -4
19 7 3 -4
23 7 0 -2
25 7 1 0
30 7 2 -4
32 7 3 -2
34 7 0 -2
2 8 0 2
4 8 2 -3
6 8 2 5
7 8 3 -1
8 8 1 5
9 8 1 -5
11 8 3 -3
12 8 2 -4
17 8 2 -3
19 8 1 -2
20 8 0 1
21 8 2 -3
22 8 2 -3
25 8 0 -5
27 8 0 2
28 8 1 2
31 8 0 2
33 8 2 -1
34 8 1 3
36 8 3 5
37 8 2 -4
2 9 0 -2
5 9 1 4
8 9 1 2
11 9 2 3
12 9 0 3
13 9 3 -1
15 9 2 4
17 9 2 -4
21 9 2 1
22 9 3 0
23 9 1 -4
24 9 1 2
28 9 1 4
34 9 1 -1
35 9 0 0
36 9 1 3
37 9 3 -1
3 10 3 -5
7 10 1 2
9 10 1 1
11 10 0 1
20 10 2 3
23 10 1 5
24 10 0 2
25 10 1 -4
26 10 0 -4
27 10 1 5
30 10 0 2
32 10 0 -4
33 10 2 -1
36 10 3 -2
7 11 0 0
10 11 3 -3
11 11 0 -3
12 11 3 -2
16 11 2 3
18 11 3 0
20 11 2 3
22 11 0 1
23 11 0 4
26 11 0 -2
30 11 0 -4
31 11 2 0
32 11 0 -5
33 11 1 5
34 11 3 3
2 12 3 4
3 12 2 3
4 12 1 -4
5 12 0 -3
11 12 2 1
12 12 0 -5
18 12 0 1
19 12 3 3
21 12 2 -4
24 12 3 1
25 12 0 4
29 12 1 3
31 12 1 -2
32 12 3 2
34 12 1 -4
35 12 0 -5
37 12 3 -4
2 13 1 1
3 13 1 -4
4 13 1 -5
5 13 3 -2
7 13 0 3
10 13 0 -4
11 13 2 -2
13 13 1 1
18 13 3 2
20 13 3 0
25 13 0 3
28 13 3 -2
31 13 1 -3
33 13 2 0
36 13 0 2
5 14 2 3
8 14 2 0
9 14 0 -2
10 14 3 0
11 14 3 0
13 14 0 1
17 14 3 4
18 14 0 1
19 14 3 -3
20 14 0 0
22 14 0 -3
23 14 1 -3
24 14 3 -3
26 14 1 0
27 14 1 -4
28 14 3 0
29 14 2 -2
31 14 3 -4
32 14 0 3
33 14 2 -5
36 14 1 -3
2 15 0 4
3 15 3 -3
5 15 2 -1
8 15 0 -5
11 15 0 1
18 15 3 0
20 15 3 -1
21 15 1 -1
22 15 0 -4
23 15 2 2
29 15 3 -2
30 15 0 3
36 15 2 4
5 16 0 -5
6 16 2 0
11 16 2 4
19 16 1 3
23 16 3 4
29 16 2 4
33 16 0 -2
34 16 2 2
35 16 1 -3
36 16 2 0
37 16 0 5
2 17 1 2
4 17 3 -3
5 17 2 -3
11 17 0 -4
13 17 1 -1
14 17 0 -4
18 17 0 4
20 17 0 4
22 17 1 -5
24 17 3 -5
25 17 3 -4
28 17 0 -3
30 17 0 1
32 17 2 -2
33 17 0 2
34 17 1 1
5 18 1 -1
6 18 0 -1
9 18 3 0
10 18 2 1
11 18 1 2
13 18 1 5
14 18 0 -4
15 18 3 -1
19 18 2 0
20 18 1 5
25 18 2 -5
28 18 3 5
30 18 1 2
31 18 1 0
32 18 1 -4
34 18 3 -3
36 18 3 3
3 19 0 -1
4 19 1 0
5 19 3 1
6 19 0 -3
7 19 0 -2
12 19 0 3
15 19 0 -3
16 19 3 -4
17 19 3 4
18 19 1 0
19 19 2 0
24 19 0 -5
25 19 3 -4
30 19 1 -3
33 19 1 1
37 19 1 5
2 20 3 -2
4 20 3 1
6 20 0 4
7 20 3 5
9 20 3 -3
10 20 3 4
17 20 1 1
19 20 3 1
21 20 3 -3
22 20 3 4
23 20 3 2
25 20 2 1
28 20 1 -3
30 20 2 -1
31 20 2 3
32 20 0 -1
36 20 3 -2
37 20 3 1
3 21 1 1
9 21 2 0
12 21 1 -5
16 21 3 5
17 21 1 -5
18 21 2 4
19 21 0 -1
20 21 2 0
22 21 0 2
25 21 3 3
27 21 0 -5
37 21 2 0
2 22 1 -2
5 22 0 4
9 22 1 5
10 22 1 3
11 22 1 -5
13 22 2 -5
17 22 2 -4
18 22 3 3
19 22 1 -2
20 22 2 3
24 22 0 2
29 22 3 -4
30 22 1 5
32 22 2 5
3 23 1 5
7 23 3 0
9 23 1 1
10 23 0 1
11 23 1 0
12 23 1 -1
13 23 1 5
14 23 1 -2
15 23 1 1
18 23 0 -5
21 23 0 2
22 23 2 -5
23 23 2 -4
27 23 3 5
30 23 1 -4
33 23 1 -1
34 23 3 -1
35 23 3 -1
