Input35
549 422
762 345 50 496 126 779 481 592 596 559 255 323 378 921 865 106 622 587 654 160 595 535 912 873 329 260 947 121 930 224 622 691 569 672 187 696 450 668 288 46 227 544 369 606 464 234 712 86 822 365 246 416 901 158 288 229 418 235 351 348 459 973 39 28 644 226 725 94 895 12 140 121 557 509 728 21 743 439 107 564 805 354 981 705 512 269 935 931 504 285 278 964 257 317 993 901 544 717 995 439 730 135 561 287 644 288 308 387 727 415 0 0
Input35
549 492
531 769 932 235 281 201 169 211 705 455 490 669 712 808 662 613 351 378 608 790 108 743 351 395 387 639 703 775 365 118 726 897 888 658 132 168 859 302 380 564 757 870 233 469 677 895 81 28 273 690 819 381 433 169 777 820 808 480 594 172 598 320 69 486 979 201 654 837 504 33 401 260 903 634 729 580 528 811 608 801 501 426 182 934 595 959 754 402 438 348 575 36 668 644 522 646 846 176 483 349 209 885 610 112 518 339 693 46 150 300 848 651 726 29 584 321 989 338 723 427 686 298 464 354 943 987 1000 788 162 483 137 372 367 748 485 886 86 177 932 236 477 779 888 203 809 472 524 798 810 247 224 495 545 688 849 487 674 849 275 837 332 412 208 699 160 693 585 246 871 516 483 347 295 370 551 104 842 74 902 651 321 125 146 867 814 995 353 488 844 629 324 175 0 0
Input35
465 522
532 875 200 225 459 447 96 976 930 443 270 299 994 374 141 68 276 792 390 401 938 256 214 933 610 702 0 0
Input35
487 523
238 26 952 279 559 826 480 784 285 927 880 260 857 323 531 156 317 905 297 386 180 88 776 582 26 31 797 959 642 499 735 880 525 686 158 83 512 638 868 797 565 748 56 421 71 587 577 388 492 874 774 673 963 550 255 989 582 51 948 223 551 682 102 75 368 260 159 881 899 26 677 463 775 734 885 846 320 461 233 813 335 7 486 297 558 741 286 139 792 233 362 343 916 464 418 284 725 578 164 623 605 841 86 379 574 971 224 895 432 458 708 768 466 193 64 23 934 351 162 726 584 525 68 500 989 487 784 714 65 948 337 670 789 423 48 363 394 273 258 827 732 966 594 198 158 659 222 91 9 385 818 594 910 886 93 899 373 878 612 438 0 0
Input35
487 512
949 107 614 372 156 978 766 430 235 592 162 200 185 360 358 844 582 450 853 967 267 446 877 153 540 775 527 417 386 965 243 335 72 857 707 228 835 472 659 69 64 821 269 250 181 628 93 764 78 947 731 346 393 607 499 934 381 25 351 768 991 594 103 62 451 810 291 285 282 950 354 346 771 624 597 953 251 691 716 329 638 446 675 30 53 174 965 435 200 315 202 190 909 305 252 360 115 544 645 397 493 999 744 264 622 340 216 874 31 933 203 669 379 879 700 432 52 664 867 253 980 69 443 889 375 696 248 490 239 893 888 733 891 632 997 513 973 213 386 3 146 590 672 525 468 371 958 521 35 824 774 14 894 216 903 268 913 150 759 151 43 647 884 935 278 881 447 250 94 834 0 0
Input35
472 452
240 423 926 766 891 296 723 412 332 547 185 346 441 402 249 710 314 400 468 466 443 114 349 377 393 230 825 643 325 658 897 566 81 822 331 972 118 54 383 450 602 569 797 42 971 45 753 285 446 220 751 890 335 100 266 729 330 91 371 655 749 268 221 830 89 552 0 0
Input35
547 527
208 607 185 659 208 755 455 251 725 501 3 10 948 224 761 837 560 861 103 288 191 194 660 847 943 928 67 773 17 620 575 226 226 761 885 435 515 340 687 240 842 690 250 789 915 10 625 475 871 728 763 62 922 423 909 865 351 976 638 369 595 212 595 822 973 480 256 488 820 943 728 662 633 978 450 548 988 74 22 859 803 786 921 725 208 830 589 560 805 227 929 400 439 523 221 412 3 477 901 824 420 628 485 52 605 935 600 593 9 623 452 813 408 373 537 616 202 126 176 6 353 104 406 793 628 628 204 631 104 105 454 525 733 939 578 338 874 178 932 884 801 383 696 208 757 232 825 959 358 0 966 712 104 372 504 732 1000 709 363 104 814 818 630 546 0 0
Input35
572 484
207 885 630 385 816 513 185 199 209 393 956 441 218 915 800 218 881 512 323 253 15 55 253 724 418 358 538 236 988 84 993 194 969 623 579 784 135 765 984 345 157 940 786 376 854 586 594 735 97 918 988 113 973 241 838 391 599 375 627 586 459 619 781 428 241 360 212 377 124 195 722 282 134 508 658 989 94 252 724 192 169 711 305 141 953 143 533 551 518 159 137 978 779 918 405 20 277 617 398 402 813 119 684 947 628 341 936 723 594 659 916 763 370 220 905 322 364 437 874 882 596 11 860 375 929 265 395 206 882 793 609 695 913 292 641 541 634 577 263 227 236 178 991 607 399 895 930 763 331 803 645 928 814 505 302 743 0 0
Input35
510 496
698 950 652 490 559 346 403 851 988 944 485 564 207 713 801 386 703 407 786 597 336 549 928 139 194 856 954 699 157 696 468 855 646 120 345 204 466 749 55 453 693 541 17 900 253 818 286 956 224 72 552 561 621 480 700 815 335 653 514 493 349 983 347 996 102 693 200 569 442 255 21 134 796 38 34 48 857 320 4 80 392 556 642 13 35 341 829 371 994 342 864 342 325 211 338 428 904 538 997 345 794 17 480 589 56 514 638 913 835 643 994 226 198 635 240 234 976 68 605 970 411 468 312 736 679 650 163 583 187 159 929 981 177 408 570 233 922 208 146 756 851 140 983 49 775 222 283 751 291 888 721 702 356 32 438 34 683 602 617 871 0 0
Input35
497 510
545 852 939 953 422 172 875 631 318 630 481 458 612 531 233 835 814 985 125 702 705 827 57 738 265 92 421 867 710 291 628 255 143 566 208 565 739 82 195 57 712 677 516 324 207 749 159 20 733 284 723 438 111 780 175 376 873 596 242 582 888 870 837 30 436 44 595 174 127 791 231 839 467 747 163 674 496 322 695 229 607 417 667 718 197 843 93 69 439 336 652 327 205 488 357 641 533 953 816 660 744 46 499 210 794 663 885 289 986 579 519 592 997 185 309 194 28 403 263 468 739 916 795 944 404 151 585 937 104 401 597 848 448 95 58 241 758 943 531 743 522 50 335 519 235 644 713 264 47 977 732 786 892 526 730 295 678 315 0 0
Input35
564 497
783 716 829 631 163 924 689 405 682 632 936 425 153 986 760 672 221 404 384 486 451 360 218 237 252 745 967 547 422 281 779 205 997 607 836 160 531 524 565 212 155 501 638 309 487 397 981 709 802 365 194 253 726 412 490 978 156 456 525 579 738 303 0 0
Input35
480 547
734 911 619 895 441 143 459 653 298 960 291 608 446 689 589 154 490 954 349 743 680 761 233 658 918 689 182 496 427 485 280 160 395 900 54 837 42 514 490 341 473 781 949 920 469 537 74 960 491 423 702 170 184 936 828 101 624 10 598 50 496 879 211 891 778 266 728 821 780 217 162 253 998 110 173 466 648 247 425 139 670 127 310 854 62 138 956 687 148 554 738 644 432 950 535 209 215 262 30 996 479 192 249 476 303 422 942 952 669 367 90 339 495 400 193 557 538 148 244 686 702 982 330 133 931 865 343 146 126 374 142 605 566 392 81 869 814 23 820 483 390 911 823 885 310 15 442 849 163 686 535 865 668 865 999 598 729 342 745 856 716 888 0 0
Input35
567 460
281 279 542 150 93 565 971 576 955 882 398 840 192 413 282 40 577 968 576 442 635 440 440 233 169 783 979 24 498 866 486 780 144 27 930 237 592 901 814 547 782 212 386 974 626 668 14 202 636 590 644 271 30 84 505 200 867 483 224 365 348 710 144 493 738 74 731 329 976 545 876 757 757 261 731 382 930 745 585 565 335 228 837 365 313 341 565 179 824 790 545 172 500 689 666 238 763 396 567 738 941 442 0 0
Input35
449 517
698 704 226 79 634 972 664 199 306 893 35 672 205 376 237 385 199 27 930 372 528 619 37 766 382 434 333 119 375 775 615 72 479 841 151 113 812 816 312 118 709 347 790 914 724 27 299 923 55 229 295 583 848 332 349 229 767 682 349 141 456 964 213 936 805 365 48 617 181 361 735 890 708 525 804 431 552 102 354 607 332 650 190 179 982 539 409 749 220 758 890 677 722 103 613 526 468 662 142 649 22 878 539 731 402 342 162 955 444 517 0 0
Input35
468 497
776 166 752 956 148 291 364 897 511 122 786 188 844 889 802 370 357 463 513 6 485 390 545 216 793 887 378 747 331 895 309 107 60 60 62 208 352 427 105 864 549 891 51 392 780 853 763 137 316 275 143 801 666 689 17 459 576 395 205 907 290 514 13 351 575 76 560 927 503 665 790 52 556 842 445 336 695 207 473 10 483 617 812 149 305 829 608 881 224 813 788 514 327 802 865 903 878 425 830 381 89 620 434 646 461 879 982 155 86 454 166 569 71 978 718 376 806 325 257 30 138 44 0 0
Input35
522 517
466 846 409 369 724 834 198 105 924 818 539 569 278 418 551 434 504 4 600 72 76 578 791 453 384 116 710 414 255 755 959 721 601 367 89 324 201 288 430 125 105 970 694 384 387 244 819 891 249 419 964 325 997 754 778 380 871 488 795 125 242 753 847 844 120 937 168 321 224 598 446 330 567 140 715 954 385 534 845 635 953 808 961 950 562 739 330 432 226 124 558 469 877 404 313 997 341 481 318 566 78 765 897 646 906 611 600 290 144 444 926 97 251 886 46 814 625 376 0 0
Input35
469 498
852 501 804 321 378 208 634 375 550 114 693 115 192 458 11 839 363 623 438 653 768 882 579 865 133 464 912 947 88 288 193 941 789 998 261 167 206 895 542 756 8 235 872 201 693 883 39 55 506 477 709 273 358 287 138 492 751 49 439 840 337 632 780 126 0 0
Input35
475 484
40 293 836 936 836 591 944 70 462 144 763 345 183 818 851 661 526 124 19 813 262 511 564 311 951 404 649 582 184 776 211 225 68 46 160 905 638 104 975 99 248 737 445 432 554 296 92 80 420 111 894 682 623 458 994 573 863 643 155 47 418 367 272 487 414 433 391 51 537 365 151 786 101 596 218 656 892 310 737 312 422 631 994 45 88 988 619 952 630 774 999 48 141 271 535 555 704 926 606 241 291 757 27 393 353 245 49 245 556 786 557 979 416 551 23 505 538 643 456 168 417 454 216 558 725 751 112 429 677 719 671 968 475 698 0 0
Input35
563 467
828 943 410 72 499 196 630 477 613 180 501 117 718 143 574 886 560 28 101 118 754 853 230 182 529 949 853 497 424 551 858 252 494 268 325 993 465 955 469 77 134 971 195 853 113 769 738 674 798 840 792 551 692 22 733 221 971 586 718 395 136 576 647 630 845 972 623 309 927 91 386 60 61 582 914 175 350 652 849 148 491 641 699 183 0 0
Input35
504 495
432 404 634 17 122 28 154 699 675 785 543 647 407 852 574 499 238 634 560 820 548 736 170 199 584 318 691 224 16 874 888 448 278 521 466 401 549 621 99 224 405 643 872 812 494 445 310 733 79 871 552 627 607 722 826 190 39 517 415 56 390 303 505 669 824 972 69 372 592 169 597 997 812 468 809 306 913 119 38 992 991 590 618 597 312 444 788 352 961 203 409 351 506 914 19 329 885 89 702 476 259 298 473 70 766 282 377 678 401 416 669 392 6 287 989 318 731 776 671 691 979 79 41 485 993 61 814 878 151 515 353 410 814 827 481 579 108 859 257 510 0 0
Input35
624 444
926 902 280 213 891 598 944 667 268 635 646 347 677 130 340 739 944 217 890 459 571 299 272 398 781 851 506 639 108 16 913 33 919 192 246 809 791 190 475 59 826 120 407 502 250 747 240 194 965 129 654 536 429 926 934 209 777 440 849 885 457 761 919 375 954 165 183 745 0 0
Input35
555 519
659 804 181 779 210 683 29 958 923 224 923 52 878 458 482 803 392 692 580 832 540 464 288 301 383 663 255 548 847 1000 904 505 803 84 284 13 768 314 971 691 538 894 744 415 351 225 218 744 917 798 575 457 262 864 758 646 527 12 193 374 11 97 879 815 182 163 828 951 477 799 641 14 692 384 430 43 609 648 787 526 446 361 983 708 0 0
Input35
459 511
741 354 753 754 547 126 766 645 5 580 828 168 408 778 645 206 419 660 898 803 89 941 412 737 727 939 182 88 922 891 314 663 244 66 416 792 192 182 437 197 763 264 365 170 42 10 376 461 670 274 264 760 215 677 497 942 615 679 30 536 0 0
Input35
475 573
344 198 815 410 615 607 602 798 43 800 560 308 165 730 351 175 106 813 846 380 76 606 596 753 102 537 367 782 568 904 351 912 102 166 321 718 773 924 515 817 723 74 125 889 805 476 64 911 288 910 291 365 516 887 117 618 424 485 399 992 389 751 903 491 917 224 208 690 148 723 507 872 798 632 760 602 108 824 513 397 734 804 762 249 691 879 867 114 364 265 106 753 16 9 244 933 233 452 623 381 175 129 253 974 761 12 575 870 836 87 266 570 892 27 819 583 907 686 698 271 952 804 0 0
Input35
554 547
968 813 267 901 46 720 523 428 896 652 681 869 413 694 444 282 530 532 549 99 423 576 919 6 0 0
Input35
589 579
604 704 754 556 507 778 523 320 45 423 367 765 947 795 661 599 476 529 11 169 973 294 699 505 843 799 929 419 717 935 903 321 638 657 877 145 434 400 466 479 824 833 244 770 628 905 368 103 434 380 273 406 675 972 912 518 771 840 938 487 774 840 809 411 496 685 557 931 85 22 409 909 855 654 678 483 558 46 586 992 426 859 398 101 831 309 619 602 148 556 88 923 395 898 333 892 583 891 822 668 913 231 576 768 885 254 0 0
Input35
472 446
443 301 837 435 728 696 833 829 527 142 447 128 291 2 217 213 398 114 546 289 697 437 111 365 349 343 941 117 228 195 368 671 496 204 105 223 901 939 51 427 80 499 555 371 501 772 584 899 887 130 188 583 567 300 948 917 643 889 34 872 84 403 542 580 0 0
Input35
481 546
648 804 508 586 856 935 667 354 490 38 856 261 622 755 147 753 944 731 320 243 679 237 887 567 271 758 651 674 300 231 281 948 35 790 534 891 724 200 245 213 239 100 475 861 856 623 614 799 353 934 42 31 171 929 599 443 687 250 117 987 482 399 935 517 188 468 408 912 669 653 125 908 754 600 769 609 222 383 408 576 317 450 608 488 379 207 931 65 457 47 52 940 447 987 456 635 455 864 547 123 517 672 31 270 272 801 880 495 183 287 70 500 738 678 989 117 886 920 183 342 967 235 282 414 222 738 48 677 602 595 0 0
Input35
478 478
118 267 833 389 539 634 268 33 817 556 104 317 294 783 306 412 668 225 595 9 192 831 292 606 53 30 654 730 632 249 531 751 516 364 140 55 998 409 89 815 966 193 131 260 976 438 672 643 663 267 653 855 97 945 460 151 975 114 882 607 363 412 358 880 777 499 935 774 908 23 588 874 217 720 133 192 157 805 835 820 71 488 675 169 432 134 320 407 248 201 14 612 614 372 491 390 871 426 164 779 450 752 652 667 472 785 859 630 590 694 450 662 181 124 831 614 259 151 20 508 352 34 119 967 407 611 357 278 37 521 57 487 273 709 154 745 494 12 375 84 707 825 746 889 950 576 502 208 728 523 717 80 558 836 46 965 447 403 243 484 924 300 972 196 0 0
Input35
341 608
125 942 504 138 317 588 845 141 333 734 91 910 235 299 637 759 15 717 316 852 0 0
Input35
465 498
281 299 166 525 783 90 825 754 287 835 879 229 339 16 546 927 862 688 260 595 779 169 831 78 807 590 94 524 907 947 287 187 245 454 712 27 544 537 782 832 372 661 60 711 678 606 638 540 294 898 135 72 67 966 151 875 556 245 398 462 191 685 650 436 138 361 464 683 899 245 514 271 907 574 982 584 180 620 123 474 517 258 547 585 224 698 459 781 944 857 242 134 542 892 571 680 253 34 362 152 280 876 423 187 450 405 771 630 24 895 104 542 153 651 127 378 349 586 158 292 443 401 426 985 292 998 665 546 31 26 698 312 903 121 499 352 526 270 983 551 164 86 92 318 738 220 697 87 806 855 379 249 256 806 233 548 803 898 0 0
Input35
425 538
834 925 792 146 828 914 645 180 439 916 162 991 79 249 83 398 988 303 94 74 109 950 453 358 205 259 591 754 61 489 848 896 414 640 41 242 0 0
Input35
494 442
687 422 993 602 585 983 682 835 65 80 822 368 174 897 477 123 349 836 329 609 427 82 670 917 931 565 330 570 607 573 123 293 995 115 896 579 98 578 413 164 658 235 533 832 131 9 956 481 846 284 89 272 367 759 188 297 324 519 868 932 91 991 225 85 106 120 665 205 698 78 369 355 313 902 187 445 912 143 926 757 427 15 28 794 775 217 91 98 736 959 30 827 950 255 913 56 376 577 261 73 655 630 429 969 532 617 413 443 760 338 200 187 354 229 982 128 446 72 227 182 0 0
Input35
498 511
257 8 981 512 921 36 888 498 298 962 152 928 391 120 460 7 534 904 768 873 103 955 226 333 0 0
Input35
468 458
354 780 7 581 962 39 839 970 19 350 891 56 238 388 354 199 540 282 591 661 742 598 194 645 366 66 749 320 293 82 255 647 862 263 228 823 302 66 793 322 416 683 379 655 70 733 855 611 15 445 272 758 43 467 403 409 534 151 729 827 234 985 473 95 248 702 919 551 768 711 874 184 394 252 839 465 986 693 76 0 138 348 758 181 815 160 591 348 312 319 175 546 304 649 642 552 350 561 103 117 272 977 302 667 228 141 131 214 835 207 214 973 555 973 154 370 133 745 719 445 63 894 992 368 543 634 920 893 195 23 10 467 1000 312 133 228 453 265 442 287 472 656 260 27 629 414 398 762 158 116 207 222 10 199 590 553 834 510 446 28 533 456 496 532 769 629 760 221 894 201 509 366 858 769 393 487 183 791 248 341 908 456 563 919 655 153 472 489 663 918 0 0
#