Input19
488 489
257 277 547 574 17 980 90 215 807 296 670 937 978 934 792 224 58 540 984 933 890 29 102 364 193 470 794 56 671 894 325 929 170 873 502 188 852 592 403 658 888 73 595 866 6 386 89 65 926 73 998 816 102 99 179 296 570 974 353 240 867 678 169 37 550 672 226 402 0 0
Input19
536 544
629 60 151 702 655 16 708 40 106 774 967 179 771 783 282 871 962 579 440 936 932 681 803 609 850 841 159 521 66 561 785 695 622 937 397 276 954 104 317 59 879 284 239 649 66 522 520 28 100 961 964 31 641 767 641 491 607 801 12 673 362 797 368 984 734 765 0 0
Input19
552 498
687 870 576 747 748 860 986 397 927 507 917 955 608 877 919 640 518 685 280 8 291 80 20 965 442 818 333 425 551 97 685 237 967 261 984 715 121 970 112 47 477 28 1 84 906 920 724 424 604 4 432 896 85 453 861 527 270 193 953 822 290 638 59 257 899 42 0 0
Input19
544 444
19 12 84 66 489 113 68 573 19 989 297 443 593 301 876 488 386 329 349 914 600 542 867 421 833 504 480 89 403 523 62 423 535 146 490 23 259 558 597 279 546 894 722 138 194 598 627 581 927 976 494 526 517 360 947 350 865 427 439 267 950 502 691 485 648 180 509 908 738 105 186 284 1000 909 423 194 506 49 775 432 25 269 958 543 629 905 893 494 331 332 762 280 834 452 766 481 632 274 389 370 379 576 654 379 484 76 573 990 126 348 421 151 617 379 694 245 283 586 740 615 918 501 895 751 953 660 232 584 935 622 954 313 197 608 693 681 684 265 670 811 613 91 962 229 471 656 475 754 241 215 368 159 716 263 911 668 924 142 252 858 765 206 171 962 814 864 643 498 129 313 308 742 404 270 972 875 926 447 629 167 662 998 326 378 260 236 46 184 379 299 41 143 505 213 105 319 0 0
Input19
489 515
748 817 206 60 125 948 465 396 920 339 321 367 969 488 29 966 815 408 225 50 454 410 430 753 451 573 258 665 679 577 741 426 0 0
Input19
444 532
947 487 520 895 952 916 815 291 236 182 259 725 212 225 539 620 451 590 73 861 19 827 312 592 84 977 270 662 718 697 55 665 183 575 560 135 490 374 426 727 557 686 452 769 911 991 388 361 580 462 221 600 288 533 192 373 509 463 34 227 159 90 892 343 665 451 478 155 826 904 883 382 589 334 151 499 325 540 861 906 1 81 505 290 615 697 663 124 159 698 0 0
Input19
430 465
319 788 242 662 453 693 139 608 519 43 491 902 632 826 52 131 150 592 993 56 594 73 561 885 689 258 548 813 418 245 163 737 32 406 398 485 99 538 93 618 581 585 519 213 410 572 345 561 163 337 617 758 411 178 642 99 436 189 913 854 435 76 591 468 482 989 954 581 527 47 199 108 632 718 321 42 289 667 603 453 4 220 0 0
Input19
630 517
415 398 854 515 835 43 428 689 478 504 279 946 986 268 899 567 795 946 766 904 577 484 224 620 774 892 222 227 896 443 439 311 842 292 827 676 335 254 364 813 758 644 758 744 913 657 311 708 602 77 611 179 562 836 799 336 727 21 0 0
Input19
523 521
622 465 1 934 306 294 760 982 629 13 346 441 772 991 199 516 903 857 828 610 458 905 220 638 467 55 437 803 782 459 366 404 924 368 337 229 662 97 211 290 111 557 732 884 547 932 399 450 788 227 59 246 131 279 885 599 335 321 401 117 780 768 521 704 135 859 933 797 957 143 87 67 701 820 951 248 751 350 698 539 577 757 785 709 36 670 307 372 991 709 489 771 476 10 475 612 869 407 408 826 551 496 893 251 315 843 499 66 192 197 605 769 955 390 477 992 59 785 363 50 493 852 0 0
Input19
471 553
970 862 296 581 731 704 990 556 254 485 449 506 801 291 4 868 484 202 473 253 156 863 731 147 923 516 511 974 8 362 796 979 224 91 559 956 796 548 512 49 33 961 555 835 252 560 702 737 763 174 991 919 37 721 66 961 236 577 934 245 940 729 223 164 821 783 119 616 330 631 666 364 592 221 198 844 782 901 581 544 75 571 463 112 292 530 73 528 106 6 774 46 736 998 210 557 780 330 172 110 962 839 474 553 59 673 397 842 574 978 385 649 549 849 762 841 378 835 369 485 842 142 531 578 140 742 134 920 71 307 29 32 145 504 586 205 177 984 46 751 962 432 400 510 281 162 350 659 997 719 143 839 862 674 416 1 415 551 921 487 858 951 520 3 455 105 209 632 0 0
Input19
633 546
256 383 50 688 783 560 969 946 910 628 942 629 771 781 490 445 197 491 861 748 412 348 605 363 868 609 818 974 818 450 62 73 833 112 762 616 0 0
Input19
444 527
731 561 582 358 503 210 129 284 701 574 481 191 435 228 603 783 834 966 650 443 784 623 260 233 685 334 66 798 95 683 470 826 244 51 184 747 262 313 31 963 888 512 154 322 741 758 105 575 724 755 17 507 378 278 741 63 612 807 861 707 490 331 533 734 382 717 481 645 29 512 608 917 24 762 239 765 519 344 340 243 99 357 750 477 635 491 541 247 298 401 954 788 732 486 521 114 202 2 760 232 515 367 148 539 129 388 304 649 732 644 892 831 1 642 308 637 132 849 884 430 250 838 217 983 324 739 97 526 742 857 759 256 224 907 796 354 295 99 2 26 744 895 0 0
Input19
508 500
746 536 164 382 668 13 266 97 263 103 315 245 427 54 342 954 796 199 712 51 424 619 847 778 914 947 780 941 691 675 798 436 210 963 819 879 976 84 976 238 188 291 484 616 345 827 570 141 26 282 192 450 902 39 227 815 987 7 756 677 682 553 113 892 515 932 770 490 16 746 729 205 37 212 822 383 39 391 524 65 673 717 515 574 756 743 389 743 750 144 419 432 697 532 323 211 464 93 702 480 840 430 686 878 643 507 260 682 898 784 748 571 500 262 144 256 4 534 999 755 679 418 186 375 951 510 587 414 604 289 895 443 720 580 320 362 87 581 44 985 364 792 556 865 54 701 121 58 234 120 814 913 538 1000 288 488 509 876 903 112 165 798 556 885 377 877 246 464 457 291 449 822 82 5 0 0
Input19
465 472
136 706 808 195 940 929 8 853 466 8 141 955 518 17 858 631 182 655 186 66 31 63 313 496 521 604 946 342 686 951 29 823 656 837 18 596 765 26 449 231 35 590 186 553 608 43 184 790 698 370 857 730 434 169 226 955 773 172 296 459 122 325 281 779 162 299 375 928 326 824 159 362 414 345 915 21 388 98 812 86 469 668 816 904 837 42 858 610 214 154 68 337 479 350 115 642 650 491 570 977 315 729 338 730 74 253 751 463 352 562 549 822 229 365 725 66 407 582 676 621 736 745 958 215 94 73 857 744 564 427 721 880 155 58 609 229 311 359 692 664 922 241 485 151 0 0
Input19
508 477
209 218 12 791 894 634 527 638 591 742 733 665 599 477 229 25 197 108 180 255 717 410 567 76 102 230 999 343 715 150 949 925 368 962 715 261 595 242 900 186 984 632 851 582 108 80 607 305 188 788 561 906 197 127 983 300 358 981 643 73 130 592 998 498 554 713 760 148 955 659 335 938 291 186 520 399 266 127 704 455 915 264 360 112 392 342 412 750 323 54 823 454 647 820 953 200 533 712 349 487 371 684 425 662 871 945 61 137 71 765 592 986 29 953 98 422 294 510 171 618 565 995 71 211 815 23 412 347 736 761 0 0
Input19
468 514
107 445 258 770 315 202 831 452 274 596 44 260 626 997 358 47 291 869 219 909 433 213 981 645 27 4 56 374 741 817 208 848 262 466 618 578 669 448 30 944 44 74 203 670 70 562 718 362 430 937 270 863 149 251 507 177 255 564 552 996 380 760 843 643 226 461 220 896 909 250 839 954 325 42 623 395 604 340 758 33 277 27 896 427 278 403 604 534 967 156 529 347 916 372 990 142 833 210 37 742 460 877 695 785 919 317 180 522 658 938 556 935 966 451 362 244 855 966 778 822 121 307 168 37 679 158 179 511 369 217 252 829 93 947 614 11 264 795 534 923 733 89 858 699 541 219 943 395 185 721 216 306 27 385 344 706 544 523 217 913 741 470 742 834 417 356 846 681 151 379 0 0
Input19
485 498
884 469 461 582 9 680 525 405 866 246 622 171 273 7 516 980 552 39 196 464 780 667 206 613 83 562 458 765 713 838 368 597 307 830 179 317 509 704 722 375 950 344 546 223 352 62 202 904 101 399 368 881 65 574 493 148 136 952 914 849 789 281 446 95 110 625 412 620 328 134 995 278 479 541 502 831 603 704 735 704 103 102 584 168 676 77 317 813 28 230 661 818 512 106 914 622 732 325 242 60 460 236 338 940 777 841 770 380 544 505 83 648 607 668 816 283 746 133 95 774 364 757 592 876 864 505 498 595 0 0
Input19
553 509
740 656 290 976 994 229 753 834 1000 133 378 505 217 25 112 885 842 396 631 976 491 404 339 248 996 215 112 500 713 708 330 453 363 621 429 357 851 182 191 851 315 569 355 532 595 468 417 437 864 47 412 354 452 752 603 447 967 715 948 680 422 278 133 785 900 562 141 751 744 332 601 59 902 957 591 497 424 8 934 287 55 345 642 508 97 245 955 64 961 903 745 383 181 878 167 80 439 309 832 183 642 433 242 544 389 834 40 814 842 974 101 898 319 744 405 416 989 360 481 950 262 225 332 444 102 500 525 542 809 356 726 451 789 968 995 178 801 34 992 643 8 93 540 328 837 945 745 826 304 225 775 567 450 106 10 553 606 535 95 415 892 821 866 680 789 861 858 589 895 850 0 0
Input19
480 453
904 943 772 231 779 716 976 605 20 200 380 588 651 486 598 204 92 133 299 508 24 119 374 705 908 234 562 497 129 411 729 32 354 501 264 132 217 239 738 237 440 117 825 91 604 423 295 696 557 594 204 581 714 578 286 622 812 848 119 941 259 849 0 0
#