5389 536 1798 3092 6051 1746 8277 9353 2413 
8324 4086 3944 3061 555 8865 557 3561 1040 
9150 3801 6164 1600 5248 9087 1133 9172 1625 
52 465 6072 2637 5855 6608 4435 8947 2658 
6181 7224 2011 8595 5548 6097 2538 8609 6653 
1402 9167 213 2443 8316 4014 8607 9917 9262 
7694 1049 8433 9319 1101 8899 5390 3739 4754 
1998 8174 3701 4657 4355 925 6668 2949 6473 
2764 5487 5081 9417 6889 4248 9631 9333 2563 
3644 7939 2480 2906 5632 3529 1339 4951 4631 
238 341 8370 4993 2339 6544 8694 6997 898 
9619 3664 3847 6091 6429 9335 1172 5845 6223 
5420 5476 5555 7984 9120 3494 464 2026 9127 
3993 3366 4077 8625 3604 4419 6994 8598 6759 
3537 7291 3755 4436 6910 7420 8283 3001 3848 
7617 4173 9694 3840 9594 5169 9396 7578 4289 
2889 8042 6315 2016 2035 9682 6094 659 3286 
512 7654 1883 7272 1191 9174 1026 5627 6083 
8447 3910 9084 2294 1527 3257 1987 5368 2851 
7156 4763 428 1444 7653 8471 7760 9669 505 
7441 5762 1164 726 6275 8818 2609 3546 9 
1783 4573 5636 7867 3019 9546 6950 5313 1073 
207 7300 6441 3058 4456 1204 3487 5900 8857 
1957 3660 8525 2462 1100 4287 3627 1827 561 
2445 4436 4108 2454 6220 8681 8090 4086 1699 
7636 1036 7013 8709 1244 4313 5150 4302 8770 
6354 7789 4669 5210 9747 8330 3735 2208 9430 
8023 5835 1256 8584 8280 5693 2691 734 1913 
1372 8824 5999 3072 6460 7036 85 5168 8280 
4398 318 2581 3167 6672 370 7837 1882 117 
6166 5617 2325 5596 3639 8161 6853 2223 6441 
2545 4915 7175 4459 6288 5999 457 9360 2458 
7493 9445 7627 5773 3843 7945 8355 7011 4617 
8725 4848 6499 8843 1014 2116 1168 6610 5755 
9329 3462 7979 5770 6008 2894 2945 466 9182 
8945 924 8542 1403 8418 7986 9030 4190 1829 
6975 2544 8840 1591 1269 3688 8091 111 4702 
206 1279 1311 5961 608 4774 3940 6379 782 
6834 9325 1248 6016 8269 2172 4557 9672 590 
2542 8702 4780 4372 5677 7324 3212 7268 8594 
6900 5358 8705 1602 5564 9985 2913 1525 592 
7688 5466 6972 8470 2299 6296 9719 8316 4565 
1891 2872 4236 2481 5415 2938 7261 9787 8615 
4585 2999 5883 3178 9899 1240 1883 1500 6805 
1867 4414 8331 2460 2102 3796 9432 571 6096 
5727 289 4411 291 2180 7284 4528 4662 2698 
7466 1923 2485 6081 6508 5484 1963 9687 5382 
3204 1569 6883 8 3437 1297 8340 5897 3399 
2136 5328 3970 8233 1055 4260 2644 1347 6441 
9928 5876 1102 2625 3342 3025 5110 9423 9534 
594 1385 9220 5977 4589 789 2859 4598 4226 
4157 2938 122 7556 5074 5451 1526 3306 6507 
5787 5951 7855 2227 5878 3730 3330 8504 7073 
6356 3614 6495 5889 4208 7880 5109 184 2469 
5898 3044 7068 124 7201 5 247 4757 5079 
5699 6284 8386 2205 2070 4336 60 4298 214 
3791 7628 8718 863 3983 2332 7358 9873 6540 
5238 4982 6725 7708 879 9770 4775 1004 6970 
4780 1251 1727 9860 6950 8011 8246 9156 80 
2581 9217 4379 2795 3007 2006 1513 3870 5990 
3845 1228 5863 385 6467 844 7111 4174 1724 
6880 8949 2728 3850 3729 3980 5577 3589 930 
3587 1834 85 3668 4416 9302 8047 7211 2309 
53 8725 6179 6044 2570 7408 1906 2956 3874 
2751 66 8048 4475 6946 6997 7204 795 726 
1183 6372 4315 2113 9960 6150 2199 3628 565 
1501 1675 7777 3810 1729 6501 9990 7773 9072 
7397 9679 2027 1271 2429 2093 9320 6905 9039 
6316 4108 9835 7043 5292 6207 1358 7406 6167 
7508 9605 9795 8073 1106 1470 5849 4917 3199 
2350 4906 971 1421 2303 650 3448 3575 3080 
5541 2894 9986 4580 9211 4093 4414 6253 9385 
620 7611 6791 6787 5118 6395 6582 3191 7502 
8052 9040 2418 1251 1389 7325 2223 2810 9629 
2873 6259 3203 5954 1799 6097 5939 6379 5307 
32 792 1560 9418 1412 9171 6208 8200 4289 
2603 4781 7480 104 2832 6520 2522 4083 7910 
9848 6306 719 9476 9180 6979 2679 5134 8778 
8776 1073 5157 4083 1106 5949 5643 524 7362 
4814 6732 5561 9104 9336 342 6584 9441 3174 
3103 1963 7258 1013 1810 3564 1733 1285 2744 
8712 3964 7879 7489 2740 8952 2645 6824 58 
8595 2467 582 5957 7282 7315 1518 6385 6650 
1860 2969 6090 5035 6073 8053 2292 7086 9864 
5857 8819 1149 8601 7530 5114 6480 5019 7854 
5431 7665 4678 5489 6259 7146 6072 2215 4427 
3386 3734 812 36 5594 3781 6127 628 9855 
4180 2921 6940 4043 8779 5759 5192 7380 3289 
305 3859 8309 8160 9290 5973 2838 4779 2232 
9984 850 4448 4410 4237 8182 5222 4273 3775 
9004 400 4404 8858 4580 7325 5798 8623 6103 
1557 3815 3483 4846 4121 7342 3155 2280 6631 
9128 5119 1410 1359 5102 2261 5808 9512 6499 
3989 4734 771 7765 3738 1172 2168 2596 5752 
9494 8395 4375 5597 9952 8190 9080 4798 2311 
6421 7953 4592 3052 7081 9711 4462 8441 4812 
6724 4248 4324 3222 8237 9058 3994 6001 2796 
5166 8169 5392 918 7663 3786 5293 3259 3738 
3483 2338 8537 5794 8759 6489 385 1810 3570 
95 6273 2010 4907 2997 6258 9231 6219 4494 
8289 213 495 1084 5379 8664 6477 6297 6326 
263 1590 9586 4001 5074 1923 2537 867 682 
9027 1253 2492 2596 1348 8766 4606 6256 1762 
864 5487 7982 5358 3776 8195 5854 4861 3574 
4518 1337 9872 843 1600 1461 429 5602 6535 
2352 8139 7403 3034 7166 8656 5527 9763 4 
4293 4369 6260 6055 5233 1747 4036 591 5523 
2231 6445 383 5805 962 1721 5676 1806 3321 
7138 2235 8923 3672 4587 7062 1075 7622 4228 
9731 3149 3990 9736 7442 8359 5995 3496 3591 
7743 7533 4182 3266 9764 626 3650 5569 1589 
5371 1244 3395 8693 8382 5630 7616 2054 217 
4678 3130 7839 8906 2860 987 2896 2595 8429 
1254 8591 1925 4846 6334 9459 9029 9600 9223 
9656 3250 4791 1244 8622 6036 4639 7314 4418 
268 4929 6472 485 9608 9602 8325 8514 2462 
9313 1409 5058 7742 2664 3649 9667 7511 9983 
9126 6539 9583 8348 6195 2833 3138 7439 1454 
9175 2078 8768 3592 2346 3697 63 2832 3304 
9666 1157 1818 2128 469 3227 7187 8212 5891 
835 7879 3401 818 7004 9941 401 5352 6135 
3234 8491 3574 4688 7665 5652 3456 1256 7999 
7153 1320 831 457 986 1988 2275 3114 2458 
5503 301 669 1394 1137 8548 4796 1956 5552 
4736 2357 903 871 5592 9394 4445 279 7058 
96 3736 8314 8096 889 9634 8927 1346 619 
915 3622 3734 3373 9126 4036 4043 519 5173 
2591 5315 7129 8143 51 9487 9046 922 5078 
8439 5368 5358 5497 5465 9094 3810 3560 9983 
3444 2486 1329 4064 3402 4952 7799 6775 4077 
1835 818 4596 7008 3409 9912 4137 1551 9963 
3623 597 885 8701 9037 6253 4059 4533 1717 
3152 8344 5277 3134 1788 7764 4464 5853 1165 
9416 3652 7941 3492 5487 8759 8089 2494 2168 
8000 6632 3720 7962 254 4317 8848 8956 3354 
5100 3014 7888 6818 6167 6232 2094 9302 8020 
9859 3765 3873 1024 3180 7525 8965 6672 3011 
7724 4760 5506 9892 2760 2137 3611 721 2392 
7929 9570 1347 1282 4669 4362 9170 1486 528 
5401 3581 9830 3421 3440 3595 7294 4464 6775 
4818 3429 3447 7830 1152 8207 3335 1044 966 
5472 4656 1688 7864 2584 1258 9212 3866 5927 
3573 3036 7414 4102 8438 995 3932 1858 4435 
7527 9153 8899 4302 3970 2328 7749 1799 3480 
5956 5134 4525 6923 606 9181 8612 8471 1764 
9870 7682 5631 5797 1255 8667 3210 5357 7104 
4205 9290 8963 8641 6817 8115 7540 1118 2085 
9868 8867 3884 3348 4823 9019 7873 1745 9626 
7054 357 8096 8818 226 5777 4449 6023 7032 
3116 9234 2389 220 3439 1679 9183 2079 8496 
7298 9619 9614 9383 9486 8481 3267 2834 3303 
2286 707 5049 1911 7761 5406 7 6579 5633 
5785 1027 1655 2817 4143 889 5206 4364 4328 
6885 3547 6407 5381 844 6026 4994 226 5512 
3475 3494 8346 6779 5780 9053 1828 7692 6813 
7235 7700 3391 2867 3484 4419 4523 6301 8563 
5412 1507 2926 9740 8393 6473 6147 3773 7318 
2172 8768 7545 7684 2242 1038 6030 9022 6819 
5082 849 4511 1895 8084 2210 5287 950 5694 
9706 5473 1995 8268 885 3502 1194 624 1894 
7668 6771 5667 4985 8943 4434 2529 6627 6677 
3568 2656 5698 387 7739 6548 4898 9634 4632 
7109 4920 5583 2803 4626 1056 4798 2894 1941 
8301 4088 2565 194 1756 9337 5862 6741 8280 
296 9271 4906 6974 2839 7563 2672 3226 5301 
9220 8124 4934 3851 5233 9855 9434 8036 4480 
489 2833 7375 2431 1133 1462 4996 1328 3219 
4333 7190 9960 2612 7487 9231 7518 4460 2069 
5081 7132 5295 381 6351 3419 5316 202 8652 
5171 9637 6687 9651 126 9521 7026 2557 654 
8488 7554 1982 1707 1886 9173 1666 4498 6659 
897 2016 1118 2966 7097 8250 8262 7479 4601 
1681 2794 4803 332 7966 4440 7020 7617 4566 
6541 4642 7123 7196 3130 4677 9178 4837 6563 
8351 6503 1060 5009 7401 3077 6128 367 174 
4377 8629 7653 8978 310 447 3781 643 8413 
8221 7663 6029 2787 4204 670 9910 1399 3800 
4587 577 8638 1149 8928 5141 2210 3937 2541 
5287 64 2908 5461 4441 1537 3114 3419 1847 
3562 7201 2490 1974 5421 153 8004 8208 4357 
8675 8118 5757 2475 2704 6334 1112 3854 5262 
6253 6064 9199 8794 1351 9263 1702 6813 3704 
3239 9927 7123 5086 3489 4324 7576 5463 9746 
7729 3467 7953 2086 2141 6071 7843 4616 8776 
4177 5728 2630 9439 1980 8694 8637 774 45 
7899 2476 6858 1603 5715 6785 8726 801 273 
3050 8377 5737 2795 6106 9204 748 8193 1344 
6819 6036 5961 5595 212 1689 8225 9651 3670 
6919 8288 4444 6964 6187 6921 3822 7790 2636 
606 6516 3437 880 9566 1814 6617 2360 7921 
5821 3108 6113 7166 9928 2148 3126 5522 2361 
4815 3747 2012 8485 665 299 2929 7630 6486 
9851 1451 4276 2486 2058 791 5924 2938 356 
7738 9556 2716 5658 5376 5825 1771 2541 5752 
3920 5667 1274 6282 482 5021 8294 8968 5687 
8594 1897 3316 5080 1747 4768 9356 4234 6826 
146 157 9764 503 7895 9319 3220 3553 4694 
9045 5325 7236 4797 9245 2903 6071 5527 3385 
1092 3820 2353 6779 2413 4250 95 7494 5998 
4863 6849 231 1688 6996 388 1452 7499 8284 
771 718 1836 5466 9764 7161 2701 4560 6406 
5604 630 1932 8990 1722 5753 1342 8502 8167 
5593 8597 5660 1590 3460 2508 1822 5149 9504 
2210 6602 7003 493 7373 7721 2330 2839 7484 
9491 5540 2043 5897 1144 2674 7830 133 4397 
3582 1475 2898 1748 7069 1495 7409 8659 4956 
9917 480 104 9421 2691 6707 6423 3185 4079 
4144 5515 6919 1627 5005 2458 3671 902 3602 
6345 8732 3736 741 2314 5212 3640 4063 2280 
5136 1471 939 91 1388 1420 196 808 4111 
6903 7232 7296 982 1375 2810 7901 3002 7816 
359 6674 8719 3961 3019 7451 7698 3761 9765 
2909 7401 3828 5189 2537 5299 6128 2628 6687 
7548 2824 7496 1659 9728 4727 8956 709 6102 
1766 8611 9105 9582 8970 5779 8301 2931 8798 
5751 628 2558 5516 3537 9960 9344 8727 2496 
4643 4855 5124 1330 2402 7949 8826 4062 7677 
3553 3017 8387 9656 4784 6997 8760 4366 5967 
4538 2666 8898 3336 8417 9527 5894 3932 3063 
5853 3276 1790 8350 7919 6645 3473 9249 9048 
1422 8075 3109 9100 1627 6127 7486 1282 910 
4482 42 5276 448 4581 7943 9347 7917 6359 
8873 3811 291 1936 9664 3567 3726 8014 1486 
370 1487 734 9418 2909 8810 2527 2009 436 
8655 9495 1719 9565 3977 1762 4841 4426 6343 
2783 3772 4260 9143 2645 8071 9434 4581 7735 
3001 8307 5749 4487 8678 7236 5221 8095 145 
4031 622 2154 4467 9277 1648 6187 8842 5625 
7949 3683 51 4292 6466 3823 8553 5609 6469 
6624 5043 1049 4359 8044 9357 107 2530 8034 
7343 7752 6129 7488 1782 6752 9642 6250 6028 
1290 2436 4869 6916 385 8553 6967 4678 5018 
790 3231 627 7259 9855 5670 8309 4214 3713 
7665 4321 6244 5699 1664 3995 1827 9152 5778 
8579 8794 2027 4607 83 4464 9477 7000 4850 
8029 3966 9529 3047 4757 2759 3674 2015 2614 
9344 323 6828 3057 7989 1148 9301 3687 2813 
3296 5514 1964 9074 4093 758 1101 8700 842 
5566 8177 7842 416 6205 1807 9945 9252 6564 
2704 2925 8580 5318 2269 8904 2145 5326 6892 
3294 4627 578 6107 7923 6093 8071 6997 185 
8830 8099 8886 9672 3665 7062 7513 4081 3267 
9321 4026 2518 5885 6730 5444 4465 2047 7713 
3368 4193 3039 259 7487 7666 838 3593 5589 
6931 1663 2585 7117 493 684 6002 164 4349 
3064 7678 8431 6331 6999 2456 8850 2883 9187 
4293 7349 1234 2006 716 5427 5045 976 2913 
2711 1814 6506 8300 8745 8170 885 5861 8663 
1569 1863 8827 5918 4928 6505 4349 1258 3503 
6805 108 6387 5992 4402 3735 7226 6408 4452 
2652 1453 5428 5565 4165 7243 2071 2464 5987 
240 3349 1848 8903 4919 3711 7730 837 8639 
4234 5186 9898 7738 1990 5 4124 7983 4407 
7860 5208 815 2311 7861 2269 7740 3426 6434 
4982 5497 8898 968 5737 2247 2817 4639 7166 
6528 2369 8004 5167 6603 3189 5064 4340 5180 
5070 8465 3162 9478 6324 8370 293 8636 6231 
2562 6376 9657 8996 1357 5153 7894 2326 889 
141 5143 5529 7308 1671 7898 5311 6838 4501 
8500 1902 8842 3679 6972 7306 6841 6450 3630 
5211 6744 2266 1442 9306 8642 1098 8302 9999 
6251 6195 2325 7141 6336 7468 2669 3643 9139 
567 8954 5977 5068 7454 7879 3909 1132 4851 
1215 7974 1300 4846 3185 8044 7112 4627 7350 
5753 5725 5651 5752 1976 1846 8077 9117 8182 
5544 1786 1825 4683 2354 779 659 7423 8233 
8538 1332 9365 3389 2547 7339 4690 7394 524 
2734 4505 5151 83 258 876 5735 6010 2852 
7581 4086 1969 5763 9631 3756 7588 4314 6110 
8367 4973 3533 6599 3511 4865 5964 6900 7413 
3303 1590 4806 3827 4324 9311 8978 4407 9569 
9855 142 5579 2706 7723 9665 4676 3485 9296 
8432 1073 3609 4542 9440 8583 8075 6039 2093 
2939 2003 8994 351 5306 583 5158 9133 4908 
4468 8111 9316 4037 7965 9458 9616 671 7181 
9280 5347 665 8576 3779 1738 2184 8321 1178 
767 6396 7217 2860 9335 9220 1854 9687 4526 
2438 4844 3658 7347 9313 1769 6662 3349 9735 
6119 2964 405 3299 2244 5753 3965 819 9532 
5704 3004 7853 6882 3771 4248 4099 6632 3582 
3319 8487 3269 7845 925 8114 1503 8272 7426 
3272 4933 774 3006 1052 3739 3412 4352 5984 
9165 8318 6804 8697 4021 9809 6549 903 3579 
796 5003 211 4379 8322 8699 7649 6167 9624 
5762 7670 7896 3187 941 2829 3962 3948 3881 
7702 7361 8234 3685 6525 6551 488 5222 571 
296 1770 1475 3876 2567 6478 4088 6946 4800 
2786 4594 966 2410 356 8636 306 3543 9578 
3135 7506 3526 7016 5207 886 5249 8892 7412 
1799 9380 2633 2371 9677 4403 3847 3552 6971 
325 7640 3916 5125 426 8511 6091 2837 8867 
4727 3143 2410 4305 6278 9916 7831 3294 5122 
8717 8543 4013 6128 342 3393 8762 2714 3069 
3164 6561 6622 135 6886 4262 4051 2011 4688 
2562 8103 7526 1429 2830 668 3839 7135 6946 
3755 4965 239 8877 3682 8783 2890 9811 9126 
6284 8572 1839 9354 1736 8401 5976 1871 5287 
237 5923 7298 4926 8485 5401 2451 9915 8231 
3119 3753 5365 64 7509 330 304 6385 4012 
9087 9276 3822 8213 5559 2394 52 4913 4130 
8453 888 6001 3740 1125 1923 1038 6052 408 
6439 8503 322 4669 1622 4076 33 1687 1584 
363 1991 7970 4376 1078 7246 8199 9291 2804 
592 9343 7718 4723 7796 8606 723 1535 9731 
2647 2573 5783 3056 9012 4285 3379 3680 5907 
7455 3714 7594 9040 4078 9586 7010 8454 663 
4255 6652 9955 7060 7245 9297 4777 1967 7093 
3382 2690 8629 3113 5338 1201 8896 8394 213 
3181 1772 3894 9088 9228 7608 6682 8268 1685 
6267 5277 139 6931 9532 6791 6885 6591 4035 
6182 1367 6002 3274 4750 8693 1902 7863 4031 
3104 6758 2425 3317 9939 4197 7212 9027 3425 
4819 5709 1692 6505 1975 6970 6644 8907 6501 
3435 5791 3092 7471 1972 4460 3473 5247 9210 
2165 7150 7072 6197 253 3830 8622 3571 3769 
2818 782 2796 6244 5602 8505 7937 2107 480 
4906 8752 9387 1407 2186 5177 4499 9657 7150 
8959 3130 2397 8168 5295 9547 5240 1491 9800 
9071 113 3370 2839 2931 4153 5635 9176 9755 
4140 7113 1861 4620 2018 613 4006 3426 2799 
9184 7926 2456 6333 6885 5586 8731 5052 881 
8277 292 2373 8076 9363 2486 1446 2201 5418 
5599 7837 4594 5354 1976 1706 7216 6597 3725 
7829 602 7151 628 9787 5076 3085 6120 1960 
8672 4850 7013 9553 3126 7306 1926 1202 6668 
4413 2648 8870 9832 8248 6707 4425 3602 8683 
6131 817 5279 9857 8647 5882 7007 9275 5668 
2083 2360 1787 4044 1031 6637 1056 583 9764 
8362 2510 965 5030 6923 3613 3900 6754 1861 
606 1179 5463 9290 7311 6281 4569 7167 4927 
450 4174 4202 6119 6257 6562 7907 301 7593 
4544 1358 8177 4307 9721 686 5272 4750 7610 
8886 8650 4364 746 9256 5544 6209 8545 2854 
2489 3113 21 7417 3564 4196 1618 9684 453 
8181 7590 754 5773 2133 2112 3950 6440 1832 
4637 1712 6583 2247 597 5232 6611 1344 4488 
2155 7554 3033 5010 43 6147 5031 7460 9712 
9227 9079 9395 9680 7259 6984 434 3032 9118 
2546 6982 5558 4378 1618 7270 961 3865 7868 
6193 476 9213 681 2631 6766 3714 7641 6809 
9862 2672 4269 9573 1899 3347 8967 1579 606 
5951 2013 3638 5068 4559 619 625 8938 2238 
7896 9899 6103 5763 6092 6580 4975 6773 9211 
1741 487 6852 8550 348 9524 2819 9921 1422 
6167 8887 3001 6773 4838 5015 410 9906 9574 
1030 530 8512 3268 8426 8410 9372 4189 4502 
5951 9164 1274 5162 904 1761 2013 9455 2110 
1537 2274 2030 2960 8441 917 5962 5213 5755 
976 5624 5661 550 6655 6191 9062 9924 4617 
7472 9295 8806 1973 5246 7970 3248 407 8875 
5010 2421 8330 7120 3958 603 9150 6919 9044 
67 2880 4257 5823 3857 9882 1483 4407 6536 
7675 3469 6459 2291 940 5754 1097 2914 999 
9067 6162 1407 7942 1171 3828 6271 8291 7787 
6875 7441 4705 5918 7509 7586 175 3331 1442 
56 4814 5850 6593 2488 9319 3051 4780 259 
8805 5877 3173 9805 4944 9336 1211 2885 506 
5039 9156 8798 2825 6031 6238 7530 1949 3746 
5115 2124 7078 6558 2181 1892 2407 8774 4381 
1726 1824 9161 1985 629 5038 5158 433 9982 
4493 1645 2866 5000 6684 2022 3797 9510 8053 
35 7040 1 3782 2155 2126 859 8713 4307 
2752 1120 3081 7133 2846 4906 6294 4831 5535 
1331 9990 5969 1313 4483 7614 4179 9483 4298 
6202 3280 3807 4255 3315 846 4257 7097 3001 
6383 7957 1714 690 708 2834 3771 7842 5680 
8677 4135 511 4212 5467 500 181 6780 4983 
7796 958 4465 2093 7161 7745 5901 1416 1060 
6748 5673 8157 9750 2056 6114 1464 2747 6822 
4298 6519 4663 9979 5196 8799 489 9408 4265 
989 9590 1044 5973 7385 2003 438 9479 9164 
8184 5380 580 9244 2128 6253 7401 1878 8310 
3514 3342 1056 335 7640 7575 4999 7619 2770 
3797 8108 2178 8063 9098 1768 9107 5070 9153 
1110 5508 8632 274 3691 4012 854 2935 6140 
7107 335 8018 5416 3849 1359 6473 4185 9000 
4047 9185 6619 6818 2982 4726 8997 1044 3824 
764 151 8894 9918 1261 4402 8550 1535 8094 
2561 2389 1028 8702 9497 1364 6720 4912 5213 
8080 1385 9399 7080 5432 8583 3698 2250 1565 
8424 1246 2609 2248 2011 2760 1142 1928 4022 
5545 477 5557 3638 3039 7946 4667 1740 7443 
6031 8460 2354 1244 6539 3740 643 3618 9173 
9226 7317 1422 790 5741 2669 3400 7989 4680 
6161 9131 6608 182 4675 7086 5739 8314 124 
3685 2980 1865 1127 9012 324 3482 256 6864 
7222 899 482 6395 125 7799 7817 916 3539 
486 4316 1528 5166 476 658 1774 659 5334 
8861 6399 3648 8985 84 6628 849 1212 5640 
1174 4695 5897 8039 1917 6796 8521 8312 6921 
6320 6128 7837 9860 6615 2153 1387 1780 2630 
2046 3555 3289 7381 2415 9688 1028 1400 9772 
7657 2249 984 3297 3424 5679 9194 1462 7596 
5989 9984 5907 2910 6303 2035 747 6163 8650 
2900 7551 429 5530 9597 3985 8820 6978 6400 
8507 8006 7801 8279 5663 50 9263 8960 3474 
4941 8153 4937 2537 4142 4920 8444 7053 1223 
478 7801 7386 9128 700 4936 9558 6231 4533 
3542 5051 1511 9943 3558 9518 7743 1836 5180 
7794 1099 4139 1267 6041 2292 6204 8578 6435 
1124 7022 3488 2347 7500 1288 9734 6627 1989 
4669 6185 8220 9203 9727 3270 713 9670 6828 
230 7413 8665 5411 5206 9765 9550 6474 5806 
1842 2678 4384 8278 3802 1405 1765 6149 8905 
3054 5882 5532 5043 551 1716 3263 9755 1443 
6534 467 1113 3362 698 8526 2026 6109 3732 
1791 5659 205 7597 7502 2883 1981 5779 6685 
3386 7545 2834 2291 598 8717 7823 5641 9269 
9540 8905 9023 983 5438 9491 2096 8800 189 
621 825 6298 4353 2617 1957 4558 214 9459 
7442 2195 5238 4127 5581 2783 6962 7873 3382 
5678 5695 9024 4947 5235 7928 3969 6218 3365 
3460 8314 2164 3649 8935 2990 9948 3288 5607 
1904 7847 5822 1363 5288 8017 6602 9415 3598 
9385 6377 1470 2766 2054 7166 1789 7002 2401 
9717 971 8619 3082 4431 6933 5246 8080 5868 
8236 8027 9156 3843 9932 7003 9665 1294 2290 
7682 7896 1705 1279 7281 8082 2750 46 136 
9917 1836 7138 2318 1553 8109 936 4635 2540 
7870 9881 620 3737 8117 8647 2893 1959 8579 
9896 1624 9873 2186 9306 7769 3891 585 5049 
1973 3336 5096 2109 3253 6932 9248 5571 8486 
7357 6508 3120 9897 4377 3001 516 8115 1117 
9164 1007 3077 7742 902 4701 7615 3088 4007 
5383 6980 4592 432 8953 7929 5528 1062 1181 
2460 309 6752 945 7666 3260 4066 7563 7637 
7067 8079 5751 8185 7243 6758 1261 4984 7661 
5963 2599 749 9970 7983 7729 4562 8415 6682 
2490 3943 7744 3671 6403 8054 423 7349 5720 
3683 1414 3282 1320 8482 1361 7071 6666 8604 
3829 7928 3588 1490 3890 6188 2239 3859 4170 
9969 8421 2584 6650 910 6527 4394 4582 2930 
2447 5006 278 8167 8689 1693 1449 9 174 
2811 7080 6841 1415 909 4768 5003 2399 8658 
1190 4638 2517 5360 4606 937 7945 1256 1848 
4472 5650 6430 7402 8098 1435 7681 6265 124 
9374 7714 133 9549 524 7214 6390 1939 8123 
1158 6943 521 9816 8134 5160 2332 3494 9767 
3270 1439 1022 5118 5911 6673 1547 3312 4770 
2983 993 1034 3108 367 8749 3242 9917 9274 
455 6306 1213 8579 7464 8156 9101 7280 6290 
4260 9612 9785 4027 2882 1223 5050 8000 7134 
1722 9548 446 6493 2531 1439 7527 5639 1806 
6275 8881 1723 5548 9337 8029 6761 7915 5493 
4917 7015 2772 1207 1275 2384 991 5303 5266 
2214 352 3265 9349 2075 2812 9795 8568 5343 
1234 6095 982 3041 2370 9864 4764 7919 9200 
2792 4680 7115 8286 9597 4130 1057 804 5406 
3441 1795 708 8708 4009 1061 1972 3357 3137 
4785 3152 1705 128 4386 7801 1111 7428 170 
974 2191 8089 174 4984 2769 7289 3269 2366 
1419 4327 3170 6825 7769 4965 7534 6476 8975 
8596 8449 2332 1732 3234 5485 3437 3362 9872 
1237 4474 7299 1408 5448 9490 9498 5623 4474 
2266 2911 7744 4632 4331 2070 7803 1155 9839 
2767 8689 6315 1742 7284 4763 4075 9017 7997 
9560 2454 1359 9431 3691 5833 6729 5100 1281 
6219 4597 6904 693 6864 9816 8437 1495 4146 
506 9298 5301 345 2065 3990 6660 3807 1274 
1422 7882 290 9420 7442 2744 778 6872 6436 
6611 3601 1536 7892 9820 6133 4796 512 2996 
4611 8950 4492 8757 9457 3790 4058 9802 5855 
8048 6462 9663 9323 7885 7545 9613 7304 4986 
2357 8082 1857 8794 4693 5458 329 2585 5278 
6463 7381 5791 9460 1992 4740 3951 748 4196 
7741 4807 3997 3596 2854 458 3259 2176 8344 
803 1789 5647 5789 4147 3729 7647 2941 8423 
3105 3270 1008 8383 9734 8389 4173 9193 381 
8913 3144 1130 3108 885 5937 7106 4481 8792 
7565 7740 967 5908 8544 2757 1555 4332 6905 
5285 1979 9846 3707 5084 3116 4715 3467 2849 
3104 7640 2042 3485 6553 5186 4615 9662 6071 
552 6768 552 9344 4332 8292 311 240 6836 
3068 1796 1167 9974 7081 3147 9819 787 8231 
2934 5503 1697 5783 8607 9338 7826 2092 5891 
3011 6708 5553 9083 7260 2320 9635 6603 6653 
7927 6914 6894 4762 9983 8690 5930 9956 5770 
9077 9774 6558 7308 2708 2060 9006 8492 666 
8343 6317 2759 4234 9329 9467 9787 8411 6726 
2106 8045 3328 8760 5971 242 5653 733 225 
4342 6663 180 112 5739 9955 6671 3046 2663 
8731 2052 1154 9398 395 7471 2156 4629 6799 
1622 4416 5210 8349 6523 3254 1676 5282 9226 
1919 935 9959 2144 5277 6622 2325 5390 2360 
2279 2060 5407 4942 791 7459 6097 189 7855 
3568 2345 2483 367 3968 6899 5577 2316 3422 
8831 3993 8704 8057 5912 9639 8016 8057 4916 
4637 381 306 6998 2660 2367 2405 7603 3158 
9865 3699 3347 7719 7267 5693 201 7634 9661 
7101 3211 1977 522 2042 5970 9227 98 1882 
8866 8114 9939 3781 2750 319 4088 9749 2980 
6455 2153 583 9613 2017 4283 2960 9736 1550 
8653 9938 9185 8314 7039 2395 290 7561 4437 
6261 6788 4536 8144 5653 2649 8082 9435 5400 
8402 3522 5148 1382 9977 7302 1966 9590 9319 
6249 2550 9054 7799 1203 8992 6984 9517 6030 
9379 9808 3591 3816 6069 378 8352 4212 6031 
1000 2294 5466 6401 695 8988 1549 2078 8965 
8851 4044 8555 8170 293 1104 7224 8093 2307 
6215 5076 1824 2244 4455 1631 5835 8271 7700 
6213 6622 1912 2244 7623 4206 7711 4023 4901 
6698 5573 6980 5663 4424 1024 4218 2593 1318 
5322 9817 9411 7630 6032 4487 9454 8276 8942 
1085 4111 7212 8786 324 3833 697 2568 1455 
4903 278 5479 9805 6977 1052 6785 2640 5476 
7809 6858 8070 9127 2180 7887 8538 9810 3918 
3024 9264 2193 1965 349 6305 9177 9135 6629 
3010 9833 9197 4466 4735 9476 9946 4540 6453 
997 1324 9093 6473 9133 5951 4543 8260 8131 
2429 6797 7941 6347 9821 7204 8541 1786 7554 
4845 962 6688 1473 3973 6520 670 8439 1255 
146 8384 5795 6599 9382 7119 5692 5855 6252 
1642 397 4511 9774 2826 1307 7714 9173 1128 
4918 7713 2914 2471 2558 3877 9160 4031 7850 
5680 4702 6289 6935 4848 4673 2729 1446 4054 
9849 7139 9909 6100 8782 305 611 8555 3132 
1919 6269 2304 3047 1187 17 5962 3658 2576 
9840 2818 6608 7690 8498 1309 3978 5432 6157 
8652 8162 7604 2706 8011 4742 2614 4111 3523 
2920 4722 2078 6052 6641 8347 8357 9689 9534 
8375 5651 3192 950 5490 6011 7558 3179 4508 
8867 7158 9941 5024 5809 8103 2627 8515 6113 
7370 1129 223 893 4050 4946 2971 102 1587 
1318 8459 1275 851 6834 6926 4044 7784 2416 
54 5342 5595 4563 4209 2752 4503 9233 8562 
2606 1860 7077 8719 9230 8206 8943 123 2256 
3888 3094 2358 5475 4412 817 6751 5264 7651 
3677 9308 5435 6093 9363 776 1688 3925 4986 
4440 8429 4218 3002 1034 6079 78 9754 5309 
8284 8696 5432 539 2584 8527 2898 8060 2938 
3715 4811 8203 1365 8488 7511 6800 4581 6873 
7577 6269 798 2562 709 9228 6781 3711 261 
2860 3789 15 8169 2073 8711 3601 2613 1295 
2127 5511 9356 5066 9226 4166 3268 591 2653 
778 7392 7235 7652 4968 3503 8450 7531 4212 
7677 4312 7923 7939 7172 1711 7954 5341 3784 
6665 8943 6397 7961 1070 1908 7316 6136 1133 
1481 9405 1724 4135 182 9117 1369 7835 4084 
4872 6285 1615 9084 3961 5927 7007 1900 3099 
8718 9855 8441 2502 6519 7383 8900 4480 8453 
807 1795 4589 1941 3277 3993 3665 7412 4176 
2781 8782 2010 6866 3654 8295 8482 2738 2256 
4408 9745 4157 7508 8463 4011 5948 964 530 
3331 9865 5010 1784 671 6806 6373 2612 82 
366 6278 7495 4542 9060 6276 6553 5926 9930 
4847 4407 2667 7104 8816 2411 1260 6323 874 
5272 2271 1839 5803 5602 1703 813 7386 2375 
7619 3758 4987 7702 4125 1265 5196 8667 324 
1472 5219 6251 1401 66 657 4069 7171 9473 
6481 8432 5796 7355 3703 8067 9194 9507 3668 
897 319 1053 3272 7938 4812 8260 5639 8937 
9525 835 7604 9850 2307 2823 6100 3708 2890 
6758 7778 60 6230 4258 8492 2025 1613 2195 
91 806 1701 3759 1703 2021 4813 4975 9959 
9626 3234 5598 8562 2759 6433 6165 2608 8740 
8988 8709 2448 1878 5466 225 1938 1696 4484 
430 3721 6097 2626 3813 6904 4328 7573 8607 
6349 2385 3582 6308 2010 6817 1905 572 9577 
8339 6738 2184 7079 5726 893 9527 7604 6359 
9753 9542 8055 4236 9973 1776 333 2598 5589 
7237 6927 3161 5844 3275 5547 9426 9584 7558 
6243 1488 8131 5819 9828 4868 8004 6906 593 
8897 6433 8197 5256 6186 7739 3311 422 7712 
5088 755 310 676 7992 7237 3838 3835 511 
9386 3261 94 6944 9504 1583 5074 5323 1410 
9942 3327 8317 535 2223 4749 8733 7480 934 
6472 791 1356 4183 5879 2112 4493 6556 103 
1729 394 3939 2241 9781 7201 2336 6724 6704 
3920 1798 2027 5331 1740 5354 3647 2275 7578 
8397 1008 5058 9332 7480 5849 688 1663 1728 
2800 6157 8285 2904 7886 8680 6844 127 8461 
4044 2464 5184 748 6384 6983 2775 1714 8723 
8130 5362 998 5707 3759 2006 764 3091 9487 
6614 3779 1149 8343 6580 7307 6628 9485 5192 
5308 6328 5320 3768 371 7784 8953 1120 4168 
5935 3896 5883 4658 2025 1245 5656 7732 5004 
7663 8497 8095 7149 5111 1874 8299 3454 8454 
5605 81 7938 797 5390 4266 6118 9158 4638 
3901 8111 5758 8070 4045 9654 3952 8704 1678 
5197 4359 9411 201 2021 7908 8297 9171 3019 
170 7469 6473 8625 3074 6555 6563 3871 1944 
828 9989 1102 5467 3890 9213 1224 1959 3258 
878 5912 1961 2557 1109 6321 1968 1311 8342 
9876 9608 7512 2894 9779 4981 9368 8403 8055 
5922 4966 1925 7867 5795 1914 8969 1261 5804 
8182 2486 7764 1439 3365 3675 3400 5922 4785 
9721 7890 6096 8063 7766 5703 5575 660 5482 
555 27 3885 8610 5950 8851 535 3816 4645 
2449 2785 5907 8254 966 8394 6017 2405 1758 
9693 5806 7681 4477 5527 5571 572 3590 3336 
6276 9165 3997 1758 9721 4025 5643 8331 9975 
4493 8866 3791 9139 1315 6577 5046 9569 7543 
3439 5586 9949 5198 5278 5755 2878 9756 1281 
8449 328 4872 1785 6605 4036 5783 8363 3757 
9808 4005 2087 9783 8499 952 3574 7638 2268 
150 2683 1837 7693 6123 7424 7642 1320 2701 
3396 4198 2457 4678 2647 2785 9550 4433 9390 
3586 215 7753 7343 22 1757 9430 9806 255 
382 3379 7893 2650 3530 576 4488 1223 6699 
1911 8865 8019 4613 2260 2217 7070 6938 4865 
9856 6488 9298 9246 73 9514 6998 7416 9536 
8755 6845 9342 9011 7227 2720 6903 9878 6250 
7479 4365 7473 4178 6277 6338 2197 889 8598 
4414 7959 5536 9280 7815 2023 8578 7060 2097 
8091 4057 9513 7626 2812 6358 6968 1822 3584 
9688 8726 3462 5938 6205 7828 3411 382 4104 
9749 2580 4993 8347 6995 2952 3883 6274 766 
5907 4851 7827 8004 2941 1884 7516 567 4696 
3873 7535 6519 7458 7223 5245 919 3161 1450 
8748 6572 1833 2851 6321 4413 7845 4667 1407 
796 8550 7681 1563 4457 2532 9391 2460 5474 
1274 9977 6042 5971 3849 3576 2490 1307 799 
7735 2227 3960 9186 974 532 1018 3826 6853 
5431 1670 1519 6838 2466 69 4519 4030 4527 
7052 3420 6987 2525 4695 6963 8567 666 812 
2143 3156 2120 2943 891 4347 6903 76 5322 
7435 1094 9148 4288 6526 817 5807 3364 3284 
5877 7883 7314 403 4935 734 7391 7460 5429 
4354 6027 6095 5166 8171 9252 7286 1113 142 
1633 8016 219 6955 5451 1314 6102 9739 7840 
6920 5546 1203 203 1423 9087 7518 1827 4021 
8252 9218 1481 3681 3571 7508 9777 8738 5678 
9029 6024 6791 9171 7657 4807 9391 4612 258 
704 713 9998 8544 7633 5543 9748 7837 6967 
8834 5354 8794 2855 3606 8011 4336 7287 1582 
1844 7064 320 7523 6092 6344 4314 5263 4000 
9122 4653 8612 9380 5357 9326 9377 3901 6959 
4920 3648 4795 1886 2482 148 679 5337 3754 
8691 9674 1041 273 1518 8105 593 9041 4196 
6937 3355 9459 937 2476 4112 9550 1856 9469 
8875 1232 3369 5834 6153 7018 628 8039 9500 
777 8719 4836 4532 7410 4510 5573 7683 6028 
3678 8276 5069 7875 5213 8424 7334 6150 900 
1445 5700 2756 913 4575 3989 4283 408 141 
1300 1036 8181 799 1814 6899 5636 6346 4308 
145 1919 1991 6174 5597 267 1243 3471 5480 
9667 804 1630 567 2249 7330 3323 3163 1904 
7313 7446 2312 7454 8746 3349 5635 9546 5163 
2533 5182 1509 6842 5328 3428 8834 1501 9025 
9101 2744 2496 4580 2411 3300 6210 2979 5550 
3540 6303 8713 5444 3615 6158 7757 1069 4904 
1105 6704 4450 6269 9238 9632 7779 6080 4959 
1206 4913 6461 231 4013 9206 2727 8594 1617 
6027 4803 4596 1576 8344 898 289 3787 4513 
6448 1544 5583 1352 2650 2286 5802 8919 1524 
5434 6698 7604 392 7904 2516 6854 8136 6530 
6059 862 5123 7677 6890 9927 2272 8467 8270 
3171 8756 2057 7685 5203 3601 3267 6556 6251 
5553 2357 5170 7077 7792 1867 4681 8185 9772 
7198 5038 7907 3727 1097 8770 8851 8774 5659 
8777 1045 4126 7047 4216 2882 9104 1900 8086 
2704 5168 4641 8956 720 6999 4125 7798 4790 
5993 2479 2974 5764 9677 8012 3671 3404 9110 
2440 2254 7883 8100 1031 8928 2226 8079 3144 
5108 7182 5045 3193 9887 212 7834 8842 933 
4832 2967 8732 9623 8960 1211 2596 4724 887 
608 8395 4292 9718 835 6547 7600 8936 7579 
6528 1161 5657 9673 6269 2839 4717 9462 2725 
4930 7296 1567 5864 2128 4535 4596 1750 3494 
5807 4346 8219 6694 4954 6613 986 4671 7449 
7533 2271 6384 5111 8799 7545 767 8471 3813 
3607 3188 3275 6332 8119 570 7900 3982 2699 
2434 8578 4449 5929 4384 8796 4148 1078 3749 
761 2065 8421 8210 9598 691 4593 4709 9491 
2138 5477 7961 5952 9084 1148 9227 5416 9268 
9798 3315 3249 2496 5750 1827 6946 1679 6211 
5741 5827 7290 9490 6589 9355 7911 4798 8953 
8602 9392 3661 8092 1529 9138 6053 7481 8221 
7202 6708 3637 6469 6505 6953 9719 9002 2702 
1545 5947 4382 7756 1687 209 5046 1177 6798 
4401 9088 1596 3353 7690 987 7014 5782 2517 
6152 1835 9999 4373 9037 6706 8010 5506 3211 
4962 5224 2212 7665 6769 8159 2046 4525 9847 
2256 9572 1023 9054 3972 111 650 7325 7802 
1637 4338 3583 4154 490 5418 4152 4863 4455 
858 2872 9962 4069 7834 5185 6281 5498 1954 
4440 7545 6479 4286 9801 6050 5310 8855 21 
5421 9505 7347 3222 1142 1685 6806 5296 2175 
2224 9449 7038 6680 306 9910 6641 4376 7744 
1825 656 3242 3779 5097 786 258 9384 587 
6309 4693 9443 6330 114 8947 3676 3337 89 
5362 143 5386 7537 2367 4834 4574 9047 5141 
4484 5687 9517 2228 7513 173 5470 1292 5270 
6257 1550 4654 6844 7859 9347 6287 4189 9462 
5234 7866 2799 5323 3227 2942 708 763 5309 
5543 5338 4356 683 9823 43 200 2050 7556 
374 7521 8848 5645 3778 398 298 622 8258 
9645 6909 2446 9107 2142 311 1905 7465 3539 
4847 8174 4303 156 3716 9641 4513 4400 9464 
4556 4600 1514 2112 4975 9036 960 619 2813 
1359 917 3435 9617 562 343 2062 9669 2486 
2374 1574 9951 5913 6422 8124 215 6579 1840 
9857 1091 6240 9321 5648 840 834 7760 5815 
9870 8721 6435 2682 79 7352 6118 9696 7914 
6461 1758 7583 8947 4132 9157 8898 45 5579 
7022 261 2157 8862 118 3248 5102 9439 8896 
5943 273 6656 1758 142 5376 8193 2825 5456 
5544 8943 5152 3458 5404 6910 1040 4351 1042 
197 3248 1087 5777 270 1349 7934 9133 1467 
1181 4235 905 77 177 1178 6734 1935 1321 
2110 127 4147 7566 5672 3090 2717 9130 8494 
9628 170 2844 669 368 6093 1757 6145 6364 
3106 4078 5497 4573 5260 9732 5479 5338 9909 
6658 2071 1843 7980 4181 1971 2126 1746 7643 
5216 4464 6773 3710 4091 6943 6555 4760 7312 
2648 6518 3456 9012 9624 7535 4508 4196 2794 
4239 9676 8132 4148 6334 202 5992 4313 4384 
7963 6440 6130 5606 1655 594 2378 5366 4686 
9321 1920 9447 6632 4568 5964 88 3580 5587 
7623 8089 9784 417 2328 9459 8549 6476 5793 
8752 2468 105 3135 430 6545 9266 6036 8201 
9860 8415 3566 4546 7736 5486 3992 4367 54 
9956 4456 3635 5543 2078 1723 5326 2495 4052 
4785 1044 528 577 9797 2996 683 2931 3426 
7228 2196 9463 5428 2056 7878 8995 6603 5613 
4481 594 9981 4536 550 4436 8171 6093 6515 
9895 1418 9011 3946 6204 54 4474 6781 9851 
7470 7465 2782 896 4692 4979 359 120 7036 
8237 9115 3638 3850 3596 4233 3830 8132 4783 
8266 6303 875 4780 6197 2294 3791 142 8499 
3845 4617 5280 3696 2087 2744 6478 2984 7436 
1456 3344 7557 8493 1581 6672 2130 5431 267 
6363 9261 8399 1145 7527 4701 2021 2307 898 
4316 6098 1041 2814 9944 5658 8094 3639 7746 
837 117 729 8274 1574 4074 5830 66 5655 
2501 2196 1085 2769 8560 346 1168 9705 7873 
5869 1726 180 6768 6042 6278 7809 8856 6221 
3467 6950 9861 1212 7787 9978 1942 6061 1551 
6017 1890 1617 1671 4392 3814 2757 7161 2373 
3104 8329 2078 976 4198 3805 1157 965 9847 
7435 8775 8703 3656 2241 5653 3516 3454 3440 
3494 5397 9501 5046 1413 1391 6663 3084 5783 
477 5842 2944 2851 8946 1273 4930 9923 5471 
8735 1079 6437 8582 8515 5211 7285 2170 7453 
2937 5687 906 6378 9182 6303 5878 4227 7717 
7270 890 800 3053 1367 6642 5997 4219 5588 
7270 9149 5510 2741 7884 6589 9178 6465 5104 
4389 3750 7275 1841 6688 2961 2748 3065 2142 
9052 8944 6369 6768 6213 7259 7569 9266 8627 
4211 5263 2845 9799 2532 1994 5308 5274 9878 
1897 4451 6343 7001 8841 92 4275 682 6780 
7237 3430 9846 9380 2481 8789 5749 9250 5001 
3007 6818 4267 1634 1029 9530 4479 827 2062 
6474 6136 7336 6351 8034 1787 2693 5035 627 
2785 9310 1309 9566 6547 4740 9411 5926 7222 
8200 1674 6472 3200 4682 3289 7468 6316 4318 
6997 795 5146 9059 7269 1282 6395 3620 9316 
8182 6313 4350 8810 9099 3660 119 8664 206 
4859 8075 6133 2081 6274 7808 8553 9475 2490 
1842 6942 8807 6161 3939 9602 1307 2997 6871 
2589 9393 490 1904 7574 6804 6255 6383 5902 
9915 6503 4566 121 1361 2641 6255 3443 8916 
4062 1995 8390 6552 3838 5332 5358 9999 9271 
4960 1305 2268 1831 3895 1660 2322 5799 9235 
9126 2053 5617 5028 1968 2119 9595 2089 3481 
2236 8345 6925 1151 2406 8921 9541 8959 2758 
4873 4317 2757 4143 9278 4063 6412 1109 7958 
8072 3431 3757 7306 2557 5811 2923 7586 7779 
5043 7180 9869 8525 9416 8213 5450 567 619 
4370 108 9578 7129 4981 3895 9886 9125 3172 
3949 5536 4281 1906 3608 7713 5664 914 270 
1474 3838 7856 9253 8881 5036 9121 7406 4452 
7334 2855 5019 7953 7226 5127 7530 4354 108 
1425 4240 9233 4597 8189 4769 8879 95 8378 
6592 5759 9292 6862 7233 3130 4718 6486 2011 
9754 5606 9417 4206 2939 2272 9225 892 9498 
4352 8422 3851 4461 9848 8091 3694 4445 6280 
8463 3323 6375 6841 9916 2134 6133 6778 9367 
9263 1495 5853 1273 1249 1458 690 5455 4398 
2962 4680 5291 2459 9032 3713 6311 3493 3560 
4402 7187 8005 682 5650 1328 7058 2490 1243 
9192 8623 8021 8559 7885 9516 4411 9159 765 
5870 9849 6220 268 2811 899 5559 5271 9932 
9272 1581 3424 2831 5984 610 835 6666 6260 
2163 3723 8750 3407 2915 7373 1427 1473 5258 
943 5884 4417 1708 1753 4265 7928 2021 7076 
8828 7580 2346 8759 6852 3928 2183 9683 9913 
2793 517 6578 9054 2681 301 7804 6088 3216 
5176 7515 4690 434 8459 573 4851 166 2327 
9116 8095 4349 6192 6923 1929 8539 5681 8781 
2467 7864 8463 2379 657 8981 8958 9711 1661 
9260 7514 7750 2476 2690 5265 7166 3124 3723 
7740 7976 3890 66 7091 1985 4416 3283 8908 
6345 1822 4589 5126 4289 2452 3589 6669 3110 
2570 5626 2821 4231 4885 335 1981 7361 3025 
7246 4527 6150 968 2266 4125 4858 2333 1216 
6843 6749 4500 5751 3094 6322 339 8221 610 
2792 1809 7280 5902 4379 2905 8723 8611 7791 
9058 591 5152 2083 7837 9679 8233 8806 1945 
2358 3663 4278 3574 506 1027 8074 6258 4122 
4396 6597 2342 5007 9389 4151 2286 5291 8531 
5191 4013 7142 2982 3071 7733 8135 5155 5570 
7813 3388 4375 9759 5746 8039 4036 9321 8546 
5064 7395 4803 9186 1790 1399 1527 6797 788 
5679 9084 6079 4210 4274 92 1351 7257 3163 
9085 5391 8319 4654 3204 1706 9029 2962 7452 
7068 6999 6772 5613 2063 4167 415 1248 5957 
1815 2776 2754 2603 8455 1837 8682 2664 6112 
8774 4016 3369 1937 3100 8760 255 7754 1964 
1961 6783 4927 9414 3850 1925 6186 9464 3988 
352 9879 5237 6310 1693 8013 9065 4297 6467 
901 2978 9132 7014 1752 3147 382 3689 6248 
9142 3945 4001 1106 5907 784 6033 5321 4634 
7958 1506 4097 1946 1859 3976 7183 8170 5670 
5196 7234 9967 1662 8136 2945 794 5149 4697 
3942 5531 8387 189 4673 2332 4191 5780 8239 
4975 1812 3559 9610 9771 5066 3707 1716 6926 
7683 8900 5095 3353 4095 2329 3320 5758 464 
6265 6553 5614 961 495 1145 9349 684 5819 
1680 4876 1598 9919 9851 3410 3478 9460 3180 
8545 3167 4897 5470 850 3797 565 4203 7893 
2895 7523 3651 3360 3788 203 8974 4749 698 
118 4097 1383 5937 5777 6259 7535 5696 6110 
944 9175 5570 4125 7719 8737 9022 3189 9587 
2819 3755 3789 711 6650 1312 4362 9 5100 
4566 8984 9850 5265 9102 3947 6648 5039 9725 
2907 2573 5420 9017 3518 4594 4586 7644 2313 
3322 6666 5503 2909 9485 9258 6699 195 5908 
8011 4558 5918 3111 9124 4901 2960 4388 4003 
6908 1036 9042 6632 3943 1615 2051 2960 5134 
6646 7547 2778 8960 868 9444 4462 3778 8929 
3720 476 9124 9629 8487 3682 5547 1598 2805 
448 4559 7194 4451 1466 8230 3493 8098 2173 
5109 149 5133 243 6796 2679 3021 5755 3548 
2465 217 7326 1393 3938 7802 517 3567 6289 
4199 9114 7888 7005 9563 2446 4198 4014 3912 
2427 7507 2009 4601 2616 2159 9734 2860 8955 
2413 5881 4710 5961 8347 4928 3287 9740 8867 
1089 256 2434 7378 4456 1547 5265 1460 1110 
7712 5659 5124 1623 8086 2630 3633 2687 5247 
5793 2420 8107 4747 4833 3988 9458 794 2335 
4386 4081 2074 3252 5171 2331 5686 2548 6788 
7234 7814 8248 8344 5526 3906 3467 7149 1992 
6098 782 4679 1345 6575 7100 9453 1322 1933 
3441 780 2728 5776 5166 6810 7851 8419 1980 
181 4105 4529 6969 1338 2343 5217 9683 7869 
9124 3150 5017 1115 9249 5800 5795 593 2375 
2894 46 3697 4828 3487 4477 7556 9263 9644 
4365 7113 8062 6345 7295 2166 873 4264 3505 
3216 9482 3188 1084 8605 6339 6102 9720 5587 
1902 5515 6181 4277 8410 6227 7974 3237 9714 
2451 792 8977 2094 5157 6090 155 1502 3385 
2322 2375 7649 5828 5592 7130 9016 6677 5734 
5354 2779 5454 941 4681 968 7122 8958 9378 
3349 6932 2615 3063 9383 3407 2040 1476 8565 
8130 1632 66 1514 3955 2442 9164 9783 8035 
6294 8799 4711 2027 4153 7490 7482 5094 2170 
8451 2216 1127 7829 5565 8060 443 8629 7442 
3850 668 8919 2415 8798 551 2481 312 4506 
4924 9477 4289 2958 5770 3088 7669 7797 7241 
5158 5279 2335 7329 3729 4552 8457 1557 117 
6516 2000 8746 3957 5851 9415 2876 8266 8213 
3427 747 8525 7934 5671 8001 2222 8630 3770 
5311 6298 1567 2551 1456 6846 4887 8786 575 
9440 7242 2132 9557 3758 4133 8302 7715 9984 
7717 591 8250 5929 4018 8997 4453 1952 4667 
2454 4174 3296 6225 9486 9595 7792 2037 1051 
4638 6924 9837 5214 6363 7079 7346 5920 836 
1479 4222 8552 1462 1938 9143 9712 7867 3161 
8709 2319 5113 3375 4774 9288 6672 998 8773 
6267 8791 809 7319 3429 7734 7155 8643 4097 
4234 5988 16 5070 7468 4238 3621 8930 6176 
2764 8642 4042 5925 7350 6362 1038 725 1136 
325 7398 2134 9099 3665 925 9909 983 4354 
7643 8139 2996 1739 2372 8985 1756 7442 6452 
5994 1063 5382 2170 3828 4024 6213 9753 1374 
2575 791 2100 3711 1117 9498 5846 215 3163 
6772 124 4146 1125 7767 2285 4122 9507 4657 
3107 1262 2099 9559 7257 3163 4941 9427 6991 
8966 5640 6744 339 8215 7535 2439 1926 8652 
1937 7773 8868 5100 4544 8992 9247 5670 6759 
1531 9792 6265 6189 2898 7527 8288 2457 4784 
1451 7399 4210 8442 6364 9851 5185 6704 8066 
2720 9143 9992 1371 1080 7765 239 6180 2309 
9232 5427 7979 5990 6958 7771 2255 3147 669 
9783 1435 3127 4566 2886 525 8777 1328 6890 
8627 6513 3593 6692 9233 2736 6684 604 3816 
4449 843 9997 6758 74 5423 4737 6065 2381 
2507 8320 5528 3176 8102 6963 6303 2667 9850 
6829 1443 1177 3718 70 7691 7311 6762 6923 
47 3446 7528 3863 7895 8371 3859 4652 8446 
9282 9389 4510 1663 1896 2829 7191 5072 930 
4154 1375 3598 4004 8205 5042 5181 1922 5112 
2872 9234 1874 9796 9281 5320 7323 3143 3214 
5694 7003 7867 4139 6285 7255 8649 7948 9151 
1478 5139 4223 2409 9294 5599 6008 3297 3803 
1049 8479 5726 6161 1350 4959 8035 1145 4240 
3355 8469 7384 6569 4162 4386 4435 8302 671 
1690 6951 8619 841 8429 3757 5065 838 3051 
664 6846 6348 4467 7895 4826 193 4056 6177 
5153 2091 7323 9393 5446 5791 6777 2015 9954 
1162 6450 8255 1833 8141 5205 452 8982 3634 
4210 4046 4472 7261 4710 1317 3608 9178 9213 
8435 9372 3269 4612 4524 5361 1934 3917 807 
7726 693 2822 7679 1856 9273 5933 3690 7413 
1137 4142 6394 4771 8352 440 9244 5613 5150 
561 9222 4328 9775 7657 3699 3044 2268 8223 
8405 4203 2139 9212 1928 2833 2034 9607 4689 
1306 5539 8379 8719 6677 2520 5113 1448 872 
5553 692 6486 703 1253 5707 5032 1027 3363 
8731 4071 5632 6954 2476 9835 9094 1688 1762 
1926 3722 1369 6615 5029 6909 4994 3747 3585 
7515 8861 5034 8387 4413 5726 4872 5117 6980 
579 148 8007 3943 8880 2078 9575 5833 4555 
9410 4927 6243 1172 6853 9966 2541 3468 4994 
9450 8463 8742 3035 5977 7602 8070 4363 2015 
3795 9236 7132 774 9816 7281 8782 3758 6160 
860 3332 1992 5416 2741 6919 1658 3913 3772 
1624 6455 7241 6618 5905 5703 5360 8941 1680 
2961 7010 6044 4977 805 5279 2109 1579 5094 
9390 361 8852 5549 1222 2184 7541 6638 4926 
4460 8297 8840 8233 9921 5294 5474 6539 1198 
1177 1898 138 2857 4860 7149 8901 9838 7954 
4180 1946 9534 9275 1335 9895 8127 6884 1116 
310 4425 7755 5236 8886 6051 4075 7118 5971 
9370 2592 2510 568 3769 4409 707 6627 9270 
7856 5528 9107 5809 9708 1052 5342 8982 2387 
5237 7108 9272 6354 7419 3696 4108 2655 2581 
158 6731 9700 6130 6100 2291 8640 6668 6061 
3049 7376 2688 2318 5231 8216 1424 1040 7924 
2476 6383 6906 4864 1619 4014 4135 7973 1432 
7832 2081 4087 412 2239 817 112 8370 6918 
2404 7010 3586 8465 58 961 1153 2376 6193 
9369 3800 7233 7293 6277 3615 4198 1141 5235 
8212 5277 3208 9644 3108 5289 3731 3521 7529 
4549 3633 5899 1467 6037 2908 5053 4502 2966 
6014 5655 5343 2206 5024 9144 9440 2316 5420 
3054 6515 6562 8290 4726 1838 1497 4370 4947 
6787 8101 8468 4315 2650 2100 213 4117 8138 
3122 9170 2640 6088 5184 8295 1430 7391 3319 
573 6830 5636 5994 9885 2150 2556 8174 6877 
4394 9671 1246 9341 6458 9348 7809 773 1997 
9909 986 6115 8047 4109 5285 686 196 468 
8982 1627 7859 2301 2201 4689 7937 8196 4573 
87 751 2746 6964 5145 2417 8211 4486 8875 
7558 2294 9649 9556 2203 635 5670 249 4744 
954 936 4941 1423 9918 6568 9283 2218 8769 
3971 155 6965 8545 242 7716 1290 7207 2860 
3708 5418 7347 2583 2975 9642 2231 2531 1844 
2866 8202 2094 7611 9157 3030 2551 579 2947 
9119 9863 5166 7888 3833 5321 4852 2377 5564 
2567 3668 2771 5428 7377 8189 2775 9960 1164 
2416 2191 3695 4261 5058 1896 6355 2668 1052 
9385 5219 1632 2332 4338 1494 7499 2226 5328 
2820 7079 7706 8384 9647 1373 1155 5074 8751 
9345 7850 8711 508 265 901 4204 4526 5960 
6101 881 8629 7154 266 3848 8787 2599 8186 
280 97 412 5609 2917 7491 3314 1301 7137 
4688 2457 2211 3438 1801 60 2148 2310 326 
3050 6514 4853 9010 2615 5734 7639 9769 6000 
1486 8555 8599 9672 8836 8697 83 4444 1613 
7575 7759 2915 4711 2446 5372 6923 5884 7173 
6984 8032 9483 7310 1082 5997 2163 91 8612 
7897 7730 8381 3897 9217 6936 2495 8888 5771 
1191 8972 215 2805 6546 7974 5720 1257 419 
1091 8181 6304 8264 5164 4336 7747 2473 5418 
3743 4636 5510 2354 2533 3240 734 6430 2456 
7670 8926 1344 3441 117 315 3656 2922 6862 
1630 8642 8120 2050 9734 6300 8354 7997 1463 
2689 5743 3937 8107 9487 8574 3616 1840 1107 
6857 2575 7537 9313 244 6463 656 3686 6580 
972 7343 9502 7834 8973 8144 5954 1022 7877 
2254 9377 5874 3717 2065 1616 7655 172 1103 
6229 3789 2943 7336 645 5518 4873 9958 5763 
1335 614 9449 7915 1586 6791 7417 9421 5764 
5560 5374 6787 3436 7629 6163 9310 1346 8229 
926 9001 8401 2029 5230 2189 4973 2566 2835 
491 7439 2793 6254 8775 3407 5703 6690 4993 
2493 4107 4414 8258 9667 9788 5044 3103 7417 
1206 2413 8763 9435 3340 7763 7836 5370 2993 
25 343 5559 2860 834 2998 5653 7088 1773 
9060 2791 8464 4053 5284 2570 8467 3541 2237 
8255 8586 5341 5671 9792 7755 4433 9227 1094 
2196 7062 6465 5189 7088 6808 748 9948 7643 
3746 5601 4731 5520 4661 7522 3983 8714 2806 
6553 7181 6348 8791 5435 4933 4131 1106 4724 
1885 5540 3951 2980 7736 1013 9446 2925 8101 
6254 3674 8049 3896 7420 3649 8627 2940 8310 
6148 6923 7024 8954 3476 4204 5301 2267 9640 
234 6398 746 4959 8284 6286 8910 1264 4022 
9924 709 6948 8024 6963 621 6072 859 8042 
9722 9487 981 8031 5634 7905 5055 4588 1381 
9259 9890 3648 8899 123 45 9646 5083 8330 
5931 3992 9594 9954 3915 303 6901 1939 7267 
7522 8012 8126 5563 7733 7612 6544 5764 3246 
4448 818 7835 5829 77 7725 9478 8977 7849 
9524 8622 2931 7853 4552 6923 7447 4506 838 
7750 1406 2778 5017 8928 789 3143 4491 8522 
755 1034 4285 4001 5483 5103 1836 1312 5181 
9561 789 4157 7410 312 2778 340 8166 7331 
7264 5612 1836 8103 3362 3242 880 8380 2170 
1669 1522 6661 190 2277 7696 4476 6279 3179 
9580 8115 4491 4760 7676 5281 8917 5085 5594 
1694 5425 3759 9026 2689 9372 861 791 2734 
4104 1671 1113 6275 3341 2635 2935 3532 4912 
631 8008 1190 3810 7587 9306 8301 2347 6981 
3582 1263 2066 9176 2958 7492 2934 1983 180 
2306 2845 972 5040 6949 2644 6153 3224 5985 
8788 6159 9517 3700 6790 7525 4891 600 5112 
4196 8902 7459 1177 2483 8723 3244 1658 1681 
