527 1732 187
794 1058 482
501 1419 350
985 1121 426
1330 113 248
2046 597 306
466 43 236
1659 2021 220
664 220 404
567 947 459
1292 281 482
1997 1263 321
1588 1929 69
1109 1902 401
1034 10 43
1856 565 287
760 1330 428
1065 1513 230
530 1788 435
495 997 320
1616 26 97
1220 915 417
254 179 68
1888 238 38
869 1816 417
1722 623 334
1759 1677 283
1942 923 487
2039 873 475
1809 1345 139
331 1917 333
1621 903 425
1024 757 265
1160 992 445
809 1040 85
1235 835 471
456 749 360
823 1381 180
1948 369 406
845 1742 337
1771 1243 196
1458 602 499
198 394 426
1229 1574 339
1444 1103 268
1327 1826 499
725 753 7
669 604 114
1062 1883 440
1844 889 29
953 998 492
1593 1797 213
1944 266 128
1490 1114 452
660 494 280
1289 1500 203
636 1571 445
402 1908 310
1676 107 457
1554 895 457
1930 1891 274
1098 1264 256
1461 836 121
449 392 116
622 1945 365
503 552 279
1868 1738 326
608 475 246
1141 1818 40
1194 1837 272
903 48 353
1677 2031 481
386 1158 38
172 164 492
29 742 118
1626 2034 424
1064 299 107
1714 1149 326
439 173 438
272 774 153
834 716 70
1855 170 381
1271 1438 42
836 1942 489
2019 434 253
1736 828 483
562 469 411
748 662 60
353 728 295
1990 1148 188
1091 1424 257
1560 1225 164
1871 1107 53
636 780 61
1491 724 501
720 1256 400
860 523 87
288 1691 432
935 884 177
734 441 54
1509 1993 55
1431 1508 286
32 1681 230
546 353 479
271 1790 471
479 802 88
1445 2040 193
268 96 313
1466 1224 427
744 1537 224
1999 65 335
322 8 456
1746 510 78
1097 1565 375
1569 1051 38
798 810 178
935 1221 218
1476 1933 439
595 98 209
858 1967 367
862 95 229
1331 1209 498
1807 918 419
779 1351 19
350 581 418
1518 709 458
667 1324 471
210 1792 35
1566 1904 2
1744 1541 8
228 493 509
1272 720 288
1568 322 325
986 1232 340
805 1594 172
1254 270 348
1107 1651 208
541 1056 344
1173 51 169
1088 962 175
375 1555 408
65 1832 410
406 490 265
6 1157 108
807 1723 479
478 35 387
1326 202 12
180 280 492
1460 408 8
771 877 329
739 1629 148
795 598 352
1358 11 63
912 955 462
1309 1597 140
55 156 458
283 1384 98
756 1621 126
1083 1071 429
116 1341 506
812 440 211
1996 1570 31
1621 62 416
100 513 395
1008 1715 41
390 957 130
1222 523 397
849 1358 18
706 9 148
1630 411 308
1239 930 139
765 791 272
1229 1563 423
1890 296 262
27 1387 485
1518 22 405
139 2016 489
707 1741 188
1295 594 204
515 161 477
1660 1187 299
603 1834 294
1779 1293 368
901 451 279
33 1726 287
1776 768 388
1342 905 19
972 1761 314
1883 1888 358
1187 477 361
944 275 452
22 1588 264
1133 1567 333
709 210 299
1695 968 335
2014 588 474
1782 809 224
714 1831 498
457 1395 128
1764 1343 387
1432 687 314
1967 1454 327
162 815 255
426 440 383
1628 835 139
1167 170 87
413 1652 414
988 573 354
572 1125 251
706 1307 333
700 1254 8
894 352 405
462 1529 299
1563 1818 315
1806 687 115
1082 604 394
1382 590 467
1154 316 207
1151 1149 45
1019 530 39
1639 812 211
1444 1118 107
1962 2002 220
170 1703 396
749 1362 122
745 1671 117
972 1014 400
782 934 285
1726 579 150
197 1492 460
1926 1288 16
379 1281 74
1317 46 84
1224 2037 456
725 506 94
991 1403 3
1900 745 138
4 1732 30
1167 950 402
295 44 422
439 1963 306
459 14 439
1294 1632 167
10 1757 436
1184 1209 208
901 1660 27
1091 544 469
1475 1079 247
277 970 113
939 1912 437
889 760 262
4 141 167
269 1662 88
410 597 89
408 1535 372
1786 1056 190
1867 1568 124
245 1599 60
1400 1616 487
484 810 155
324 52 233
1237 986 150
3 1518 68
1854 1299 29
1957 991 28
315 1410 173
1655 582 474
1456 893 161
1871 1524 387
810 421 256
1627 337 317
871 1500 311
403 139 38
1231 527 201
781 1505 421
1164 1580 448
1719 292 309
449 301 11
1846 954 422
1825 1329 411
169 688 47
1522 1548 440
856 22 5
212 1280 439
504 710 34
990 1998 423
24 1267 484
1707 122 270
651 1335 400
1593 1892 338
430 843 185
32 893 103
320 1887 417
1216 1506 442
1541 141 386
258 1229 60
269 1316 137
509 175 325
482 704 123
836 1852 460
1411 2020 492
1258 51 314
925 547 84
1214 1513 389
1213 65 86
1374 1857 229
473 999 320
929 2009 411
811 398 392
1215 642 185
653 366 382
811 1142 297
1526 1378 217
584 1697 394
235 1767 81
44 1044 353
1041 450 154
1104 1059 365
1912 1786 176
500 1195 294
425 949 262
875 1458 445
982 1755 169
754 1580 399
1845 2012 188
1550 267 334
1874 375 452
549 338 491
640 1985 235
1908 1206 248
354 1738 197
1569 458 441
899 657 354
1843 512 239
2046 2026 295
714 759 156
1537 1051 308
1613 1575 377
376 415 482
543 568 65
629 1316 486
675 1280 82
1655 1391 99
189 358 225
1377 1417 23
35 962 35
104 510 62
2009 530 408
1435 1728 93
1306 27 436
1121 1459 428
1253 1625 254
1502 586 267
1022 697 308
1052 115 220
240 551 321
30 1181 280
1973 576 269
999 296 149
1983 1590 196
372 768 44
460 899 289
1583 1496 230
1686 1998 173
832 796 105
47 279 397
706 51 154
1442 2 368
1913 1373 305
810 936 1
472 8 98
1594 1880 489
1859 294 350
759 1910 206
1924 1362 493
410 77 72
1395 1567 347
1409 426 404
1103 1129 205
580 1631 127
340 949 242
1528 200 297
15 1946 419
190 147 137
1845 834 303
192 1479 50
748 1515 504
1451 590 125
1822 466 83
613 1328 290
1094 1793 464
1615 1820 208
1611 475 269
938 944 25
853 358 217
1936 844 118
146 615 56
2022 1533 120
528 1703 51
609 1689 99
1615 919 157
688 809 487
1858 1388 484
1986 868 333
832 1022 362
376 306 165
839 1492 14
777 1220 48
672 292 506
377 1744 193
1674 721 132
755 267 459
1063 1697 57
361 1980 191
1510 521 8
1498 270 67
1984 821 56
1989 1133 389
2029 1127 412
886 1671 447
1537 754 417
1875 53 13
1249 1785 276
1008 1173 161
1612 640 288
1978 1638 291
733 11 396
590 688 155
351 1155 204
1871 551 54
422 152 181
1826 604 164
1599 546 369
1395 930 216
382 1681 341
1436 1919 506
18 954 7
1522 979 135
1247 1225 381
1781 809 140
1374 1230 9
1645 468 470
1364 1266 241
43 1942 332
1282 498 67
723 301 292
995 1788 172
932 1235 209
784 83 277
540 811 229
1951 1833 490
431 1603 20
1064 1502 26
1504 218 358
1850 1365 115
1602 911 491
1446 49 200
793 892 23
126 861 106
595 1308 398
792 133 122
1806 83 270
1417 329 307
656 1180 123
1535 1886 203
1054 190 392
1540 1291 457
826 2033 361
1904 552 82
842 1029 372
1190 131 295
906 1319 390
1668 127 61
797 1231 427
1573 878 281
250 1258 341
1444 1100 261
2004 1061 426
568 590 273
1191 1567 53
349 1323 490
563 644 26
1069 1406 369
1331 2004 288
1954 626 491
1384 2 484
1039 370 313
1654 36 125
1531 1539 444
645 96 327
1861 1105 277
1923 1488 407
1795 1453 206
1257 1026 220
1513 501 297
1339 477 418
1716 1556 441
1822 780 75
1642 674 45
1328 1212 119
863 267 78
1563 1003 346
1061 606 70
992 405 270
1088 235 183
1863 733 139
1799 1991 259
649 235 487
1912 1902 285
456 976 216
1074 784 338
1232 1664 478
964 1098 356
2033 681 391
1518 685 80
696 1550 423
595 415 90
1694 2015 80
89 1630 242
270 1704 234
1953 1807 34
545 73 384
1075 732 337
1327 1573 124
758 1085 398
2046 1111 419
1406 1270 340
244 1882 119
529 536 76
1918 1543 92
1899 345 30
2023 666 390
195 1425 158
1413 1028 490
1106 1215 76
1630 960 212
80 1511 21
757 583 481
930 1453 323
1824 689 242
1829 299 338
1331 1591 246
1494 358 7
256 78 242
981 1704 275
596 856 327
119 333 224
101 63 500
793 1633 389
1796 945 162
343 1950 330
3 844 269
561 633 107
1418 538 25
797 650 411
30 872 502
1986 1483 253
1028 1579 506
259 182 343
1393 1230 111
1851 754 75
1054 656 251
1969 1305 338
1370 1802 373
630 174 417
1244 49 474
1144 1208 404
1767 1036 264
1443 961 105
771 1895 278
572 895 467
1328 1765 341
1223 834 403
80 772 444
1559 1947 199
862 1256 303
348 1804 293
1023 1767 137
1468 1617 190
489 517 167
150 394 256
1191 1177 244
1117 1064 429
1498 1078 443
977 1201 233
420 1945 244
678 703 72
294 1770 454
1031 1459 483
360 311 426
975 254 35
1025 998 95
2032 1069 315
1724 487 31
1412 910 362
223 628 179
154 748 316
1186 1652 193
1775 1507 419
847 849 447
306 1772 367
1751 1707 384
1147 507 481
1581 639 340
928 1100 496
1656 1150 139
447 1273 381
1761 1241 398
1382 569 447
594 1382 78
1243 28 99
702 2005 238
2014 930 207
1685 1525 266
969 1600 293
635 1287 447
8 327 283
583 7 63
730 842 364
327 1710 19
231 1643 439
526 976 425
1717 1125 210
1115 385 207
951 1725 262
1282 1749 219
1891 1650 11
803 132 120
1477 192 363
1553 1450 340
164 1186 491
119 1198 397
626 807 473
1540 574 5
1408 370 354
1642 806 125
1872 1346 177
1828 549 193
50 1660 329
1795 1454 360
1522 1271 441
177 1704 385
1950 345 72
1732 1837 28
48 1800 227
35 1882 226
1542 687 148
1761 906 56
1999 954 320
1951 747 510
1842 1336 43
875 1435 289
219 910 209
533 1164 338
1251 1652 156
996 1670 177
72 366 407
568 525 365
685 630 121
1610 863 99
1414 728 134
407 1728 229
776 430 337
1535 1056 389
1141 571 121
980 642 92
1164 193 335
489 1669 314
1299 1533 177
748 1729 187
1007 1911 156
249 19 177
215 1725 212
1334 590 96
657 1401 393
1467 1318 430
549 1700 384
986 1585 251
1986 1905 412
939 902 300
860 1140 257
682 1950 35
1241 1561 411
1080 178 456
1053 1155 123
0 0 0
