1767 1703 259
581 1510 497
1857 1813 276
1409 799 506
743 972 165
57 883 39
1571 2030 210
572 1610 418
796 511 174
1414 1200 136
633 1078 9
519 214 499
25 1316 50
88 1645 9
1330 677 356
1350 2016 393
413 1434 302
2010 1044 214
86 8 463
12 2001 264
626 1251 185
1971 1138 280
1042 1943 151
1011 1517 272
585 1855 289
385 1719 344
683 2028 435
105 1792 268
1369 1585 474
1243 57 329
1782 679 449
1739 1137 242
365 275 129
268 164 387
890 68 52
397 1144 330
1976 712 162
1093 1321 440
1532 1120 319
1797 419 62
1324 1837 354
639 821 175
1988 368 183
98 142 509
131 1955 95
685 40 285
1924 589 360
184 1161 296
43 1708 263
829 1111 461
1528 423 244
1198 1433 394
1378 1534 352
1896 145 386
833 294 273
475 1050 106
1090 1895 156
334 295 465
1373 2005 134
352 269 132
492 1283 368
612 1277 58
1277 1569 367
355 118 408
1842 1905 489
637 686 48
569 261 94
1348 469 421
1264 1170 479
1062 1002 203
1334 306 281
39 106 320
1226 736 292
1140 647 454
2019 786 413
907 607 486
2007 1919 55
662 1588 123
1172 763 31
1832 84 72
1761 718 248
365 1201 49
899 1330 27
1780 828 70
77 1891 438
132 1565 104
1651 1464 358
43 319 491
891 1467 109
855 304 11
1456 1682 77
908 1017 284
751 230 417
367 896 273
1308 1437 512
945 501 34
362 450 268
1852 348 132
151 1973 11
857 1729 121
908 1718 94
449 550 134
1214 1781 497
1433 233 300
971 260 332
1933 1554 123
1055 1066 278
134 457 279
751 871 474
276 894 463
1331 914 327
1974 576 85
79 1155 80
722 1033 461
508 689 320
1422 432 472
2040 1452 340
1649 95 52
426 498 393
10 622 441
281 82 293
1819 93 330
743 21 289
697 1034 45
1714 1176 86
428 173 487
1430 1292 16
1088 1779 106
1703 1808 290
571 526 284
857 1344 428
1664 904 308
148 1071 135
1803 1893 94
582 233 83
315 1132 375
1371 1481 253
931 1248 91
188 1835 119
32 1621 401
1100 893 166
580 1698 83
563 1313 169
1818 1449 51
1386 531 352
2005 1217 370
228 1293 191
476 1069 68
304 1609 420
1687 836 348
298 1822 504
810 609 389
1871 47 328
370 1658 471
1834 1818 430
762 350 431
2027 982 99
1693 1319 111
1084 1342 332
1236 1392 192
1435 1078 471
384 1455 67
1020 761 153
719 242 289
1250 1329 325
1150 1947 6
612 1992 109
1707 561 506
818 735 119
600 176 322
1146 882 249
778 328 399
1819 1756 10
1171 757 200
450 1687 235
1938 1090 279
766 378 61
369 405 291
482 972 289
1978 1087 222
36 1726 147
34 1500 372
908 491 340
1600 1831 328
1528 1886 6
1498 1407 401
1107 1734 36
13 1044 473
856 1547 146
485 1249 271
787 1877 197
169 637 380
489 939 76
160 1648 442
1318 1025 458
1665 676 266
408 608 297
1168 1499 19
167 350 67
629 20 2
1027 1870 480
744 256 389
588 1782 191
528 234 403
930 1962 218
1844 1100 342
989 217 315
1020 917 383
1906 294 285
465 817 332
465 1669 441
1113 524 242
1104 1849 474
343 1976 421
1309 831 194
1627 1063 202
1513 1267 377
1737 668 324
1544 1717 360
1362 701 195
680 305 120
590 1459 287
1025 273 347
1484 766 425
1356 438 461
1023 88 405
5 258 351
652 117 55
1475 1864 160
631 1709 202
1240 1126 430
1349 463 483
1827 1811 148
1185 838 398
883 1514 158
1237 135 50
1075 536 175
1857 1919 438
1119 493 122
554 347 33
1233 473 297
1689 1885 125
54 1505 74
1807 680 102
1247 991 488
1567 207 285
1633 1816 484
1932 909 315
387 285 472
1660 670 150
1928 940 12
82 232 21
895 137 486
1796 1264 176
928 392 214
986 1874 285
26 277 383
766 668 475
1598 1401 382
963 946 14
231 1223 347
985 1232 410
557 853 162
855 1547 18
1436 614 269
498 838 340
63 1977 356
1001 593 215
1436 1380 419
608 834 350
236 184 386
689 1534 160
1246 766 435
1086 1977 463
4 756 442
2036 2004 511
1171 892 321
1775 1709 302
1036 371 443
58 397 219
1822 372 507
795 1812 232
319 974 211
479 168 3
1899 1365 109
1917 1102 128
225 1826 35
567 1080 214
1473 230 309
1262 1708 294
595 1655 466
787 1221 452
546 239 136
886 623 235
162 1055 59
782 813 434
551 869 249
1354 1245 29
1754 208 480
545 1709 265
1733 1124 225
160 106 406
272 3 85
1418 1651 83
20 963 74
260 1777 457
380 841 343
1048 254 487
1947 763 220
1640 979 507
1396 984 172
1854 1490 432
822 1831 168
1571 1308 268
1327 1449 355
278 736 505
720 95 482
1042 647 158
1496 1143 265
1695 257 52
1037 264 32
1273 1241 274
1101 1641 297
542 1457 450
963 1625 142
1792 242 483
2028 1588 431
1157 1448 361
1115 622 327
70 381 105
992 1727 108
1019 1864 380
1840 1296 112
759 1041 119
1543 1289 302
648 2005 277
803 1030 451
1805 313 261
1565 799 112
283 705 199
1681 616 147
368 718 493
223 60 143
577 1707 242
491 451 149
1707 1198 254
793 1816 103
1730 1180 422
809 1155 376
1869 1669 187
1900 1505 191
1725 1733 61
236 8 10
1822 1852 146
401 1046 455
965 1953 225
171 1058 30
1057 336 17
145 1693 265
1171 621 189
667 1968 373
997 414 424
91 830 82
1278 1271 74
628 381 419
1505 1358 141
1308 587 81
1684 653 403
2039 1556 287
531 1 358
1486 1067 218
309 2008 404
144 639 454
1394 400 451
665 1457 166
1126 720 282
1489 979 503
1782 1615 355
209 121 238
1869 1772 462
792 695 237
794 1771 342
940 1179 348
330 1167 162
904 997 183
830 50 142
986 1525 219
1253 1590 362
1726 1792 320
1438 1814 197
322 1186 272
1951 925 493
1358 21 344
1371 1975 368
1111 1484 459
128 867 353
1964 1413 164
79 14 176
730 1442 236
616 917 446
1943 1738 257
956 64 279
717 444 361
908 1613 271
460 199 109
130 1109 95
217 1138 26
1102 2004 256
102 273 439
745 1727 12
1662 591 360
2028 208 308
824 1371 158
825 248 22
1922 182 216
95 166 368
1405 1491 366
872 1754 312
1951 1849 40
457 2034 348
1140 750 367
322 1581 341
830 844 100
406 1480 108
9 330 508
1253 516 194
320 1583 122
1434 750 77
1986 770 182
1353 84 404
1930 436 139
454 1287 359
1327 158 35
454 1585 134
2012 1956 23
270 432 167
35 1021 76
1037 1306 279
836 1193 55
887 1647 113
1163 1923 147
588 458 369
148 1833 498
1626 645 365
393 1088 8
436 481 308
1189 1403 63
1174 23 488
1092 1566 190
271 1758 161
2039 29 409
963 124 401
1206 1600 485
108 136 233
63 516 477
825 828 302
639 1260 149
1574 1251 166
141 693 135
380 1166 304
1620 128 244
285 1825 179
1283 146 465
1239 36 511
997 467 473
1706 1491 457
711 860 411
1858 1831 475
1362 1830 209
509 2032 437
1664 105 162
438 1195 393
1939 1802 99
150 1254 505
651 1491 105
253 1528 184
839 1019 249
1522 86 433
1572 1205 335
380 485 40
1888 1768 364
1764 1450 287
321 225 337
1130 39 209
1134 1700 297
552 392 144
1850 731 502
1053 576 238
1028 1 494
382 1935 242
1676 531 446
240 1057 49
1596 1120 425
667 99 31
1462 203 176
286 1233 448
215 132 455
1833 1788 323
1482 1855 57
1055 984 445
1598 946 213
981 1469 35
1128 405 463
1031 1383 397
625 892 47
1689 863 258
193 629 1
1157 84 45
1312 1023 309
63 723 68
1142 452 244
721 171 16
1210 1043 414
1670 1597 100
973 1737 32
846 1173 209
342 1795 223
1702 1767 406
203 1667 140
380 1251 455
685 274 135
1095 1311 360
567 383 283
1691 394 236
545 849 113
1575 485 259
375 1029 424
788 112 258
182 1151 499
421 1103 76
693 982 509
1049 1727 271
2027 1451 138
33 851 88
512 1409 344
735 193 25
1298 47 306
1814 1565 259
1463 283 74
1197 882 316
1106 1752 385
416 779 322
1029 167 21
693 1324 66
158 146 370
120 1560 359
447 1767 261
317 1702 24
789 1346 311
716 426 357
1851 1314 293
1255 446 477
1685 1744 92
687 1665 36
932 163 52
377 1996 155
2019 718 374
1860 494 312
1609 1268 135
1765 529 418
1825 541 437
424 1182 287
173 1383 3
1550 662 248
181 618 97
1336 1848 346
1429 1187 247
1639 422 470
1036 306 250
1812 1259 498
815 1892 492
1437 1194 220
291 650 484
345 550 381
1590 488 166
680 2048 123
665 1859 332
450 282 440
683 1160 153
1237 1179 93
2020 1360 246
1563 845 420
1377 1673 430
1928 1933 392
1945 13 388
1502 1246 122
367 71 307
2029 1416 148
1710 1293 297
1910 1752 52
763 1399 313
319 299 284
664 1325 47
958 1278 340
1290 637 349
570 1205 234
1212 1384 348
1864 157 202
880 1079 357
531 896 222
386 1138 437
356 962 205
1797 608 345
682 160 382
285 643 496
722 534 351
1093 1668 121
1223 236 437
962 1647 415
1311 688 242
1723 106 17
1999 1574 503
1605 64 268
1120 574 288
1254 1986 103
156 728 78
564 123 411
383 373 414
808 999 26
919 965 385
463 310 272
1905 502 277
1324 1032 395
563 1694 54
834 250 105
509 1743 186
1557 1074 116
2045 1154 462
879 322 299
1005 1188 91
793 268 287
876 1706 277
766 1727 189
841 1573 97
587 1003 196
1792 703 75
231 537 214
1822 446 450
134 1549 457
1338 1109 120
291 745 92
717 93 356
1629 14 140
537 1683 175
388 488 60
155 1435 462
1269 1552 223
1654 1400 58
937 1595 188
1989 1142 142
158 1191 404
422 1837 395
361 1464 502
2036 1361 444
547 1351 419
1037 366 344
1848 296 19
1525 706 414
1145 1475 84
1618 773 245
1499 438 321
1787 700 496
858 1083 489
1348 1696 336
867 855 257
1138 61 329
1749 506 352
1057 1149 302
771 558 9
139 1857 164
641 1980 355
1733 1676 449
1722 1265 328
626 981 508
1293 1131 278
517 394 9
2009 1912 315
55 508 29
94 594 344
1282 13 172
1816 66 327
1924 750 134
1494 1212 121
309 644 236
905 1827 365
1430 998 54
1546 1284 71
1672 2017 379
638 9 401
234 1160 311
1426 2034 151
139 75 86
657 209 145
1952 142 235
852 1509 502
101 1601 157
1133 39 100
354 527 2
1703 1863 410
998 908 314
1094 718 295
38 1532 30
842 1334 46
836 306 11
0 0 0
