1106 1070 304
392 664 468
620 222 249
1464 601 65
288 414 477
342 982 418
50 426 306
153 96 93
1414 965 181
767 510 244
722 232 274
1382 848 391
929 407 386
1581 271 476
198 1563 113
834 140 410
605 518 444
229 1380 62
2006 405 264
1164 1101 329
566 1757 277
2000 400 504
1122 650 466
1896 224 365
1776 1675 295
400 1005 179
584 1232 182
419 391 23
1550 1822 163
1395 1490 33
677 538 72
93 1229 290
392 321 164
1877 1181 123
1900 1570 29
1368 2036 325
1451 1118 6
1132 971 398
1315 1719 470
555 569 510
1111 795 20
1659 1231 473
474 13 292
1626 1676 104
1419 931 243
545 1261 215
98 324 313
199 568 375
62 1283 113
105 239 85
496 1667 3
831 964 342
859 1090 108
1221 1347 347
482 436 184
256 1046 63
1994 1149 147
270 188 198
1818 410 500
1044 17 30
638 636 54
1530 1785 375
1770 916 235
170 57 97
528 1162 246
1683 205 325
63 1183 500
277 1240 45
445 500 464
565 1049 236
1050 114 385
1820 1513 18
750 1940 84
1539 1683 140
302 1234 265
78 1596 490
1604 1491 225
1088 686 144
391 1348 260
797 1778 206
626 864 212
1109 3 254
1314 977 451
1147 450 245
1487 1704 428
265 167 391
1464 675 504
309 1248 90
250 1215 497
919 705 415
1650 954 129
661 1494 41
1718 837 143
2038 998 102
1092 933 54
1705 1552 335
484 756 69
1233 1370 292
1544 1208 148
11 1291 390
1592 174 74
1676 1227 480
1402 1196 399
655 544 124
197 721 97
1640 1700 7
590 537 254
1542 1788 454
692 1876 120
49 1781 305
791 254 93
757 918 379
1745 1686 280
885 692 505
1158 798 54
1621 705 297
1782 142 272
157 1796 410
115 697 358
123 701 158
36 989 299
375 413 211
1828 1927 65
1885 1548 438
1606 945 333
1455 1389 57
152 176 110
1802 1214 120
609 1518 220
14 1954 36
1895 657 167
995 961 249
1357 1894 488
1776 440 62
691 738 318
1724 1510 355
1904 1097 336
1698 718 310
1711 1822 192
486 1955 318
1251 384 98
662 794 323
37 1391 165
1971 1874 157
671 269 45
1629 183 119
1064 1169 390
179 1872 114
1848 1846 235
1385 1526 155
1959 1540 412
927 1065 112
653 1874 356
238 1493 61
1839 630 166
1141 1594 422
913 718 505
1472 11 252
1182 1373 208
560 608 31
1518 1921 393
19 410 50
374 1080 319
12 811 164
1545 2037 208
1821 1810 174
66 65 231
1639 1808 7
1249 628 401
20 1094 412
1627 199 207
1872 1525 257
1796 1504 156
1657 932 300
496 1103 383
1053 759 290
1183 1687 69
204 1475 407
1167 368 86
285 298 325
162 1428 398
1656 142 128
490 141 403
480 1131 395
729 1580 459
878 1672 465
143 1425 264
749 1638 224
1051 2027 467
266 672 424
992 1456 257
196 475 179
1879 1487 487
1002 95 385
1821 1867 218
1423 417 200
1597 332 476
110 1834 432
753 821 30
951 197 336
215 1421 359
470 1658 206
1695 26 206
1593 30 329
2045 251 334
251 1147 320
881 1540 187
868 1010 278
1305 1582 365
961 836 196
1362 1202 373
106 222 431
906 1850 243
1116 442 378
1098 1993 459
1526 1610 408
1109 1905 419
514 1020 80
1954 735 435
1386 4 295
1132 572 140
476 854 46
1059 308 405
321 551 217
317 328 224
1534 1070 329
1257 668 393
1555 358 405
977 810 167
927 1622 307
1257 337 448
182 1115 456
896 796 318
930 376 379
1907 551 298
596 1863 188
19 1828 295
1420 1876 172
1449 1402 450
849 2019 309
143 1242 416
1510 1780 260
716 113 499
1891 1192 458
1404 108 419
2038 899 144
529 1002 413
7 1846 434
743 1603 134
565 166 385
2006 1301 364
313 511 366
1267 1580 174
323 1101 161
227 532 140
2003 955 402
538 1840 89
64 1612 479
739 570 510
773 1941 477
32 1351 190
1089 536 480
2007 1827 226
1973 1074 268
1744 367 392
1055 1644 263
1218 48 96
1369 497 67
1591 364 113
1357 1030 124
1379 791 388
686 661 441
673 1385 482
1784 509 220
1316 940 455
406 390 102
1500 560 382
1881 806 375
2035 222 414
82 1926 118
1434 247 147
1192 230 38
264 191 91
699 2035 493
100 1464 427
1905 143 86
1447 397 236
1141 1227 227
1349 276 375
1032 1648 2
290 60 376
1646 2035 141
891 413 144
1855 1462 443
1283 1082 27
594 592 431
938 1794 428
1155 554 344
762 1858 204
349 655 62
1993 1197 114
0 0 0
