1429 1212 395
902 1912 177
1140 278 446
353 915 388
261 114 121
307 630 298
847 1579 487
1578 1467 236
469 253 101
804 1653 46
1974 410 30
1866 828 401
1560 744 309
1183 68 463
969 1663 402
1860 318 440
1015 642 355
1468 928 230
2046 1249 438
98 940 142
1009 1477 467
693 957 167
1882 1258 407
183 1485 26
732 1315 394
6 1654 192
642 1917 383
291 578 292
344 561 339
1597 98 424
424 1550 405
1942 1480 133
977 1812 54
1719 182 187
899 6 203
2024 1828 172
366 1355 323
1471 1619 37
470 157 56
1703 1079 507
1994 1730 481
1526 1088 365
1611 748 381
357 1920 1
28 1477 430
1824 1658 448
919 1091 477
150 1875 37
1359 773 103
1830 92 178
1726 476 348
1800 994 464
1280 933 456
1635 1251 312
1888 1665 256
304 835 114
1128 691 287
1415 203 302
1549 1601 268
838 194 487
352 872 473
1457 410 76
980 1467 423
1667 1134 360
1000 1208 311
767 1161 460
1093 1443 167
1226 1824 97
1954 1426 494
1851 1496 501
307 2004 336
1180 1844 410
716 1571 3
1304 1155 244
104 719 280
1522 625 366
1373 1326 441
2012 538 236
336 1473 467
754 660 441
211 1966 367
1638 892 195
65 1940 141
712 1208 233
1135 739 509
1914 569 45
1291 1693 338
1674 644 502
1037 1585 78
877 338 36
1979 853 438
1202 1933 77
1114 2017 440
1301 2027 410
891 1898 325
1017 277 421
1140 1201 474
420 153 385
271 1883 460
1554 682 313
575 426 201
1110 760 441
480 1892 149
1089 612 430
420 1923 366
299 1089 350
214 915 60
476 761 94
710 1140 50
851 1589 90
521 1683 143
1473 2017 73
1940 1306 455
932 486 95
1526 1530 343
1146 671 26
985 1402 90
1445 883 188
2039 1866 32
1289 1219 165
1181 579 331
430 1590 187
1402 1882 1
1149 938 262
1734 1814 6
787 2018 446
1976 675 381
763 155 292
329 417 170
1916 1807 280
1784 344 275
856 1878 300
1729 470 196
344 923 418
1184 800 360
2028 1498 279
1534 899 392
963 1581 231
1654 218 403
1891 1270 437
710 1418 271
1436 1642 167
779 1642 435
1645 271 395
593 1574 279
1003 1100 4
743 949 77
1992 262 65
1456 875 99
1573 1094 161
280 773 128
247 359 305
1911 199 149
1321 747 509
480 1390 249
1935 1411 122
1251 568 105
209 404 81
384 1397 475
1203 1002 76
1096 707 495
88 1926 249
2006 1338 35
282 919 31
1406 1131 70
1175 1227 367
1657 1536 37
747 338 130
5 228 385
789 144 331
1335 1036 278
281 672 111
1478 746 143
119 35 424
1818 1900 449
1150 444 229
354 429 335
1739 686 187
626 300 490
1385 1080 192
1917 1375 131
1802 1829 120
993 2033 278
237 426 434
431 148 367
1780 306 183
234 1365 263
131 1994 1
1519 1623 208
824 1830 35
1997 379 8
1949 1493 261
1226 906 410
716 1732 226
1930 49 54
720 596 372
21 1300 197
1523 1908 141
1380 1273 463
417 968 375
1772 232 503
428 835 230
819 1634 187
1552 1580 35
672 843 506
1448 335 9
920 1262 98
764 394 203
813 2043 53
1751 174 7
1881 927 51
1255 561 139
1105 943 149
289 598 37
1723 1490 420
1969 637 288
177 972 445
970 655 5
1781 262 12
1647 682 366
684 1395 93
1404 1742 302
1974 1105 225
1921 1878 231
40 1427 375
1971 1005 370
215 670 351
1370 1804 173
981 1421 362
1653 1572 466
1739 918 269
187 1935 131
688 874 101
734 1324 250
190 1097 333
1047 1821 360
443 1023 313
1354 141 64
897 704 72
567 475 169
45 1963 427
1206 296 28
61 163 178
634 1619 29
903 306 173
1298 721 461
1907 965 24
1638 1689 256
393 1479 40
1801 1031 172
501 1617 386
359 1923 366
776 565 490
310 273 268
141 1009 98
169 737 180
1087 637 42
1301 1158 268
1206 1855 405
1950 1777 297
1059 262 186
715 1992 146
777 1060 459
744 950 493
82 1852 274
1477 366 47
285 600 5
1619 656 27
1595 1780 76
476 158 164
1580 513 63
695 546 252
1669 1190 100
625 1776 467
30 180 251
1634 1272 188
507 473 38
29 1818 499
1749 1581 417
767 276 86
1986 1566 8
722 1245 28
137 1550 338
1478 1902 255
677 1558 133
470 1277 369
401 1643 225
1764 1831 136
721 1663 87
1499 920 241
265 2046 109
1825 62 499
567 970 96
1775 460 86
183 620 20
1094 1600 487
1867 1746 225
596 226 91
1038 788 418
572 2022 413
200 190 72
22 57 290
1219 469 68
1525 949 393
247 2044 379
1952 334 283
1142 1495 421
1722 1249 75
1766 1437 425
1600 1347 455
1499 578 84
1342 1489 482
1286 1706 27
456 1881 209
1454 2007 81
362 2030 41
844 815 489
432 64 366
1481 1228 403
1369 174 475
514 1038 445
1099 578 59
1803 1376 4
1263 504 13
9 266 155
1259 1148 25
1350 1612 351
1768 414 171
1624 1359 389
857 1382 173
1383 44 93
68 709 123
406 1092 397
817 1740 274
829 1969 388
159 586 204
1342 1289 318
754 1671 228
365 1617 78
2032 1305 382
1080 365 224
1204 1239 369
1043 723 217
1641 508 255
453 829 368
1245 920 98
1744 1092 95
522 368 365
1632 1469 293
1918 724 317
544 2003 210
1985 1482 344
738 178 442
663 1174 492
590 1291 79
1373 1616 245
778 158 482
294 1290 182
122 1267 328
408 2027 452
1772 522 107
2015 1533 218
1593 1952 274
137 1927 264
1821 266 491
1524 62 510
903 245 160
867 290 241
327 66 81
620 1847 460
519 1095 485
1017 897 369
1145 1170 76
197 1893 257
1205 502 340
1576 630 423
1197 1104 316
1912 1454 417
201 1297 243
159 1643 241
21 72 60
1561 696 471
1317 1944 354
1369 562 429
663 1511 376
1911 126 319
659 1663 464
354 1978 507
851 551 443
1072 1971 116
1372 570 129
1916 1287 243
545 1415 253
17 971 377
1816 486 269
1387 73 413
448 192 116
1381 334 251
678 1579 36
1339 354 469
1142 1573 509
1503 1999 144
1336 1606 482
587 2038 66
1134 1539 443
514 763 251
167 872 57
1407 1521 118
1487 933 425
1439 333 450
1287 339 508
1943 885 504
1932 1809 137
1773 1406 423
1789 275 302
1356 1149 326
476 364 262
1309 2042 405
633 2027 29
1690 1544 403
1695 1850 54
1605 1287 349
137 1504 489
1610 1545 499
297 870 316
1633 854 218
875 205 468
1302 1110 217
1745 733 349
654 1395 342
475 52 415
1377 922 276
1555 1502 486
1527 1696 427
1116 1147 43
1581 907 63
1536 906 34
511 1765 378
279 931 510
1230 1687 36
889 1913 177
1460 39 20
323 885 270
1026 794 147
232 145 489
99 792 395
1095 265 176
1037 1884 135
93 1315 382
1994 202 226
1728 1727 140
545 425 302
500 809 377
204 1427 182
1067 1143 437
1552 1320 20
749 1194 86
126 833 500
792 1848 63
520 657 75
1102 629 157
117 1418 239
1409 280 67
35 694 52
540 1847 416
1443 691 127
750 1599 326
1862 1631 353
1172 111 303
1192 54 273
566 748 506
1977 1908 109
1036 1735 444
1979 1901 382
1736 1784 13
1480 289 324
1448 339 279
810 516 506
1278 1526 301
203 1601 117
429 1663 67
1707 917 102
409 1743 494
1020 385 261
899 1215 295
128 1126 41
1306 226 97
1112 897 323
718 1441 316
1952 1979 124
753 992 351
218 454 78
1332 26 44
1743 1136 17
745 978 52
652 1179 295
118 868 167
1748 733 447
337 1411 357
814 1278 466
2039 1454 107
1104 1726 159
385 794 111
583 1520 405
738 183 255
1142 442 313
1 1221 373
1588 1267 296
25 1754 386
1233 162 158
534 1295 207
486 919 55
1903 906 291
1952 1012 17
1349 1891 107
1249 1433 54
1103 1210 500
355 733 404
1025 710 259
1348 1693 317
459 1502 251
636 1277 393
50 137 202
1137 1830 415
1522 1082 111
1020 564 278
476 608 10
1077 530 305
104 1514 48
692 636 436
503 238 257
1208 817 464
553 2014 189
767 976 202
195 1016 64
322 1400 511
1716 115 63
1010 1655 373
1957 1231 233
227 567 307
761 1284 446
1063 1197 393
1775 830 235
1580 1601 310
236 1302 293
1512 1430 445
1352 348 200
1388 1920 288
1231 32 211
147 108 69
2025 1808 64
57 1400 310
1063 1210 256
1089 929 49
643 69 350
1900 1971 459
1832 1886 328
550 133 192
1668 1913 141
529 253 117
861 836 489
2034 192 414
647 709 415
1066 505 266
1652 790 392
1465 1344 153
83 2034 463
1366 958 501
989 1333 491
570 1382 163
715 1020 416
155 185 479
508 241 181
1832 345 333
1987 1364 180
1602 849 365
387 1325 194
583 1706 279
1259 1650 386
1869 1267 486
1978 1884 447
2020 1348 98
335 975 449
1938 1813 97
242 1144 216
407 740 64
453 218 37
630 2028 414
558 820 390
1798 515 476
583 1394 447
317 1632 454
1932 1042 120
250 536 198
1332 218 239
1835 649 266
1066 1291 418
1692 1439 469
202 551 253
315 373 327
1867 1591 85
2007 761 466
1782 45 444
970 1173 472
969 154 369
441 621 290
1080 1435 155
1881 632 148
1474 1743 474
1164 1083 187
1848 1758 399
547 1852 396
1181 291 380
1406 97 63
1577 526 236
1154 643 307
1444 792 101
0 0 0
