220.55
183.33
184.56
296.71
83.08
232.60
246.30
29.89
62.11
144.10
193.80
114.23
122.63
118.09
111.03
128.37
147.08
266.95
115.39
155.61
132.37
290.76
52.79
218.89
157.17
149.98
252.66
218.20
25.35
288.53
105.49
245.89
171.86
290.04
242.60
254.93
222.63
188.90
284.82
284.74
32.99
178.62
98.96
155.62
296.71
209.98
283.98
143.79
176.93
99.37
299.39
9.29
90.12
52.18
228.18
247.28
202.15
180.84
165.48
227.50
169.36
270.96
173.38
41.22
261.00
115.98
296.14
183.63
4.87
280.96
168.36
37.86
159.57
267.32
193.48
156.27
177.30
177.46
0.05
54.22
276.82
299.43
63.50
66.94
51.60
291.68
14.21
253.75
172.51
179.69
181.24
41.86
150.64
54.62
83.07
111.63
170.59
79.21
295.25
175.46
60.16
163.61
213.31
219.73
130.92
106.79
75.99
8.21
284.24
76.03
62.42
261.06
75.46
125.92
27.99
127.06
117.59
42.19
80.80
290.09
221.87
262.03
31.95
72.51
16.64
115.02
184.14
187.23
194.22
179.38
62.68
254.38
42.98
275.99
174.10
173.89
82.78
250.08
182.10
67.01
26.11
244.51
28.06
101.57
70.43
56.04
228.62
188.01
98.23
9.41
178.10
20.10
271.44
210.05
92.60
288.08
25.06
276.74
175.31
219.28
156.11
237.99
173.65
199.09
213.97
47.74
72.98
296.74
297.82
255.07
63.75
23.93
199.58
91.81
125.49
270.00
147.84
54.11
158.01
246.07
63.51
36.11
266.16
34.95
246.15
58.76
23.02
271.20
35.49
198.33
190.47
191.60
136.31
64.12
90.69
50.28
111.86
163.66
47.02
109.67
118.73
110.76
133.60
18.30
202.56
259.09
288.30
50.40
13.19
146.30
296.46
76.70
182.41
262.61
111.64
128.55
21.37
134.66
99.74
56.86
32.98
290.21
248.45
169.29
54.32
39.13
219.56
166.17
202.79
266.57
275.84
21.51
77.33
109.43
39.81
279.89
68.51
28.10
30.28
81.70
174.40
26.73
158.39
56.80
289.34
270.03
185.35
10.71
104.69
285.08
67.56
137.67
275.28
16.00
6.95
29.60
55.13
226.50
195.76
257.91
193.07
171.59
279.42
270.40
281.02
19.22
250.28
49.53
47.32
280.56
131.22
221.72
7.29
289.61
278.52
296.63
259.64
163.86
7.33
64.32
148.93
74.88
201.98
124.21
90.88
208.92
153.80
146.01
135.42
49.56
103.91
28.49
221.15
83.33
298.88
202.16
102.54
249.16
251.68
149.85
229.71
82.90
71.57
236.99
72.51
50.08
233.61
32.14
213.93
240.94
96.45
62.86
15.81
298.43
187.06
106.69
207.35
40.86
252.69
42.76
90.42
56.60
71.25
11.56
139.92
70.13
213.71
242.46
19.28
165.39
92.31
248.99
248.29
163.87
185.98
20.79
213.94
119.58
52.92
127.86
60.51
149.37
190.71
76.32
147.79
77.77
183.01
55.13
118.63
135.69
97.89
209.04
192.29
169.13
220.59
32.21
239.26
134.30
274.66
258.54
299.68
66.96
207.52
247.96
230.82
93.49
268.75
144.75
213.07
21.66
272.61
273.58
171.02
163.32
49.89
18.81
241.09
232.89
73.93
59.71
68.58
171.81
268.75
260.87
40.94
189.33
293.07
280.19
23.62
267.72
238.72
23.30
34.67
146.24
271.26
265.49
239.73
240.00
110.24
152.79
261.66
82.85
126.36
132.68
246.16
176.25
151.48
187.24
109.14
225.40
246.95
177.72
97.21
215.69
138.58
138.14
105.01
131.65
118.33
128.63
99.36
57.05
151.93
134.03
203.28
123.19
99.52
143.00
63.19
209.75
295.79
24.85
292.59
122.15
157.52
238.75
298.40
9.00
125.99
107.53
234.40
72.93
285.25
31.60
288.61
123.83
169.74
93.62
255.47
288.06
222.25
54.82
45.11
74.18
188.85
248.38
197.36
288.36
91.38
260.54
198.11
87.16
285.38
190.69
209.31
142.90
129.44
207.70
151.89
255.42
15.23
86.29
28.34
0.48
117.89
16.95
124.30
287.62
110.56
79.76
275.68
32.81
134.58
20.78
106.98
23.42
269.16
4.33
11.78
60.53
264.87
209.88
147.69
250.25
100.57
56.99
93.14
230.00
264.69
245.03
185.41
279.91
31.31
213.75
280.38
149.19
230.70
104.68
136.81
41.26
184.43
112.48
74.06
19.00
133.26
181.04
42.42
102.41
185.37
54.19
162.93
150.23
264.06
10.62
100.47
64.62
67.60
193.61
294.62
32.28
138.64
180.03
12.19
169.94
93.77
292.57
19.13
24.46
97.24
155.93
65.72
281.66
268.41
139.77
0.66
101.66
20.80
43.07
204.06
206.16
97.26
66.99
56.39
61.31
77.60
156.86
125.93
145.20
50.47
120.54
177.48
189.10
0.56
189.67
59.04
94.33
182.23
78.16
118.79
279.47
234.09
184.50
261.12
202.49
24.26
261.78
4.15
45.06
4.85
208.20
251.22
102.10
275.19
7.60
163.41
52.79
164.45
289.33
197.99
214.92
109.87
75.46
104.01
110.42
265.12
163.04
204.75
147.35
241.19
23.53
126.81
175.27
208.02
87.92
77.76
232.28
49.70
81.90
277.34
54.55
290.10
228.55
156.64
265.28
236.15
20.05
18.07
100.60
9.38
216.05
15.51
119.24
291.51
119.51
229.66
256.62
282.54
134.40
103.96
223.73
157.93
230.76
99.00
65.94
18.68
176.75
298.22
68.38
258.64
275.56
122.92
248.74
204.10
279.56
214.02
140.24
299.60
232.08
240.83
8.97
148.13
256.34
128.20
139.63
75.84
57.86
96.24
58.38
192.25
200.20
282.10
50.17
130.96
81.09
116.11
149.63
257.84
114.33
218.01
216.48
89.88
40.92
165.21
293.98
20.47
79.22
134.21
20.06
11.30
75.04
29.03
159.42
31.37
157.23
299.04
107.21
215.08
95.28
165.58
107.33
295.48
147.68
157.49
126.43
228.77
273.60
276.06
186.60
87.93
194.06
103.08
177.80
234.97
268.28
171.78
255.44
47.49
5.99
275.50
58.78
81.03
4.52
218.20
112.39
161.75
217.23
219.60
76.82
12.51
85.17
184.14
7.98
232.85
41.63
134.40
161.61
15.23
110.46
48.21
103.15
4.51
151.28
280.95
239.48
119.55
152.72
194.92
167.04
158.70
170.41
225.82
239.72
174.93
144.01
52.11
36.67
61.24
271.71
113.49
73.74
56.88
297.62
81.71
289.72
39.25
216.11
151.32
54.47
26.56
199.52
157.61
31.07
50.80
138.56
270.54
170.34
291.28
165.46
37.38
149.97
35.86
263.19
89.69
210.79
107.20
141.80
247.46
168.43
113.50
60.94
242.16
170.37
58.56
23.87
160.09
97.80
239.98
11.41
152.26
266.54
210.92
9.87
297.61
261.72
148.42
268.15
132.05
139.69
133.60
169.43
289.66
169.45
132.61
79.35
80.24
239.80
221.15
27.69
108.23
34.65
88.62
50.39
205.02
147.17
74.25
65.10
244.96
14.23
76.50
97.22
280.77
287.42
107.09
278.37
249.13
255.51
246.51
81.18
95.19
80.10
250.60
84.85
249.55
83.20
164.20
29.78
23.00
85.34
57.46
131.22
119.98
146.08
181.61
24.99
293.24
255.86
90.09
238.20
270.08
166.58
35.42
250.85
154.00
142.50
229.21
103.12
98.00
175.71
184.29
193.19
255.81
134.89
278.04
205.36
218.09
142.23
235.13
241.08
227.57
292.59
72.30
47.55
138.66
253.90
72.54
131.90
209.75
162.62
70.09
179.83
29.20
105.50
130.67
183.19
248.00
59.88
286.30
45.99
235.58
170.59
239.18
191.39
5.47
217.21
96.74
223.56
59.43
31.87
164.63
287.00
24.45
236.93
34.54
163.10
190.83
107.07
294.99
100.58
269.68
65.08
280.41
298.87
170.58
111.07
182.06
118.58
170.94
168.36
164.56
106.52
38.94
103.73
297.91
44.41
20.94
94.64
267.96
80.36
126.51
132.59
67.35
150.95
69.52
101.89
14.05
260.35
208.95
9.04
60.92
178.63
74.11
41.33
177.50
244.69
152.39
59.55
63.26
23.33
227.90
227.82
129.85
266.84
31.55
127.76
11.25
52.48
222.40
279.20
132.84
48.90
111.79
200.19
199.84
181.31
2.07
213.88
141.65
211.02
222.91
202.57
89.64
297.02
243.89
267.14
241.71
96.28
26.68
4.97
119.61
254.58
232.79
249.45
221.42
264.33
77.20
232.66
16.81
299.60
211.86
149.64
48.49
23.65
49.83
248.32
204.95
51.89
162.20
46.60
262.91
85.11
249.16
52.54
82.12
193.04
19.68
23.83
289.32
46.35
28.80
108.92
0.93
261.58
58.37
222.35
225.91
135.57
155.00
242.71
135.16
66.86
92.35
183.64
90.50
142.17
131.95
295.45
194.06
294.14
42.04
156.96
79.25
291.19
209.50
161.36
184.23
229.17
185.19
173.54
275.52
213.98
282.45
276.45
175.56
40.81
198.79
101.46
176.37
53.79
44.17
11.52
120.64
136.51
195.15
211.14
278.68
27.10
206.58
172.73
21.24
248.62
29.69
100.48
239.80
239.18
261.84
124.03
168.35
147.02
297.56
143.86
61.00
280.01
120.31
236.55
20.82
19.09
38.01
197.18
72.87
82.17
208.70
193.51
218.67
103.85
104.64
197.34
130.95
11.22
70.07
152.18
259.83
99.76
252.66
199.63
38.94
214.49
23.65
207.28
61.51
21.21
51.14
122.51
1.22
171.44
59.06
22.03
190.53
97.06
219.21
263.39
179.22
127.90
156.90
97.88
231.75
261.54
295.22
62.69
272.75
65.29
214.87
232.58
165.04
167.52
132.21
203.97
82.01
155.86
111.24
143.52
177.06
162.38
266.02
178.27
33.81
25.07
200.30
224.34
122.12
119.50
187.72
1.33
247.40
44.62
99.21
179.14
6.15
94.43
241.83
278.90
159.71
156.69
211.47
24.74
24.21
43.68
228.71
106.21
199.53
39.95
249.72
76.59
202.32
215.74
254.85
236.13
240.80
155.15
160.46
62.92
274.64
48.18
64.25
222.03
92.79
163.46
101.17
98.94
257.88
42.99
77.83
117.58
199.68
289.30
142.32
223.88
32.97
71.03
30.09
232.49
110.97
279.81
9.07
13.29
195.55
263.92
249.42
136.35
119.06
109.87
199.26
93.69
158.05
263.51
15.72
250.84
126.96
116.88
49.77
84.83
159.87
127.59
202.41
59.55
116.88
44.73
283.43
149.84
115.75
13.51
82.32
226.72
293.32
91.39
240.01
188.86
55.30
189.42
25.20
174.36
299.29
224.46
268.04
157.33
187.96
283.76
108.16
14.91
100.64
157.93
99.74
260.51
285.51
2.15
20.05
102.39
46.88
3.47
252.22
162.63
16.97
34.54
89.34
10.29
125.93
29.34
199.14
181.22
218.76
224.34
55.57
218.04
148.79
23.61
75.36
36.74
7.37
183.52
51.65
108.00
41.45
151.39
68.50
26.95
153.54
88.54
129.34
200.41
92.00
81.55
63.04
108.97
116.09
152.37
119.26
242.01
181.71
18.39
123.23
100.46
242.73
178.80
18.50
91.51
202.40
93.86
128.25
209.76
277.37
179.90
17.76
18.81
31.29
86.25
45.76
184.82
174.79
175.09
85.23
266.78
256.64
148.26
75.75
72.73
0.63
195.00
14.74
182.34
213.39
137.96
282.79
156.12
16.75
1.29
247.62
219.15
95.14
75.87
128.91
72.50
255.76
146.66
91.31
287.05
232.90
137.07
171.86
107.68
12.16
257.09
74.46
268.80
105.34
150.21
41.52
105.97
45.20
56.26
288.30
258.59
194.21
271.09
114.70
210.96
272.37
62.32
130.11
67.50
138.18
259.01
140.00
93.94
105.66
231.31
80.98
38.56
68.38
252.84
146.23
80.53
209.93
220.69
49.33
15.27
70.89
90.85
121.23
116.09
147.10
109.52
74.67
41.31
80.61
189.37
252.27
52.97
251.69
82.37
120.47
89.87
41.37
260.46
183.80
147.03
191.77
264.78
185.58
260.14
217.62
31.81
40.66
127.54
252.49
89.99
142.80
23.37
180.83
264.02
139.45
27.92
73.54
214.12
69.22
154.15
103.49
21.49
207.11
55.17
103.85
27.58
145.03
145.22
288.03
28.83
292.24
179.79
293.60
177.81
139.92
211.22
209.61
180.58
38.75
162.09
270.57
181.55
185.46
151.39
145.57
24.90
179.31
219.11
239.02
248.52
73.25
42.50
270.00
280.36
97.66
73.85
7.93
242.68
219.06
295.95
271.50
211.29
175.74
265.10
89.10
15.66
176.32
298.70
196.24
215.06
160.79
166.80
96.61
46.24
18.18
242.17
71.14
197.49
161.27
10.15
146.01
234.51
52.64
116.01
214.87
150.30
189.85
222.79
92.98
108.90
218.74
64.48
20.19
94.47
29.57
109.28
110.13
205.88
107.97
6.36
120.94
268.76
173.16
217.54
14.99
191.34
159.71
86.12
88.82
20.97
96.27
234.82
255.48
148.90
50.82
170.34
299.20
240.66
93.13
92.17
49.56
11.86
156.64
69.74
106.33
186.20
179.02
216.45
92.08
286.98
222.81
213.02
255.74
95.97
130.56
270.72
287.30
290.26
56.84
76.11
11.23
153.10
10.93
266.70
2.00
61.74
137.04
1.19
2.40
230.16
93.35
51.96
242.02
249.98
121.69
48.34
136.18
0.70
264.79
228.26
287.68
187.60
141.27
243.42
283.56
271.82
214.13
270.86
262.08
270.97
46.97
273.30
124.07
57.89
239.99
126.06
119.63
77.03
127.25
122.03
7.19
220.59
173.98
249.20
170.57
295.67
297.54
6.75
296.37
262.33
235.00
284.05
149.92
76.27
227.46
133.48
48.09
141.59
104.33
10.16
112.55
151.29
283.45
236.61
209.18
223.44
62.67
28.80
0.47
189.91
150.82
7.65
110.49
24.80
256.85
281.06
20.46
254.39
287.80
16.82
216.71
222.80
0.86
66.63
299.06
228.32
200.10
47.15
69.90
4.42
57.30
182.45
155.71
40.75
119.05
64.88
264.19
181.72
93.68
264.65
71.62
244.50
272.30
182.11
269.29
229.14
163.16
289.74
183.52
150.96
6.56
100.23
73.75
7.42
166.85
72.81
235.73
66.94
119.95
5.62
71.36
177.24
188.06
227.07
217.99
7.11
291.95
182.17
188.82
85.62
146.82
260.44
30.12
119.11
142.54
299.40
48.25
5.70
289.14
231.77
156.66
295.70
31.99
230.40
3.11
198.83
3.20
238.84
265.77
123.15
244.45
37.12
0.39
132.51
264.19
218.37
139.62
256.13
100.54
28.44
41.75
247.35
288.87
71.86
66.45
131.41
71.26
114.69
137.10
60.40
46.45
293.75
56.09
78.44
224.15
59.20
277.26
227.35
298.03
243.03
50.49
242.47
280.14
50.87
74.98
244.33
269.24
214.59
200.45
69.77
243.02
242.19
17.11
231.89
14.05
83.56
63.29
85.30
198.25
200.39
145.69
244.70
194.14
201.78
23.13
118.28
260.97
0.38
45.63
258.99
243.40
96.11
201.46
223.54
146.98
276.43
167.87
116.21
191.02
68.31
185.97
134.04
10.50
203.08
65.92
24.55
286.63
129.20
109.84
184.87
29.59
255.53
129.56
223.72
157.30
152.68
41.99
118.26
153.06
87.62
77.25
96.46
183.72
278.70
20.00
30.70
255.13
187.86
146.91
146.15
256.17
32.88
280.19
266.67
235.95
46.10
291.21
222.58
175.30
101.05
107.44
204.88
56.57
237.00
128.59
213.87
89.68
170.58
32.13
242.74
258.19
109.37
39.20
141.91
88.07
59.20
172.61
43.20
247.06
19.51
189.35
203.22
52.38
169.53
169.89
288.33
215.63
161.10
210.90
90.92
262.14
18.34
295.80
18.71
255.34
124.39
232.58
45.01
294.97
264.70
287.75
253.15
74.07
26.94
95.06
162.14
86.13
267.67
205.34
33.18
287.17
94.68
236.40
39.55
264.20
106.28
27.87
179.82
267.38
238.77
270.74
229.51
257.11
266.54
248.22
212.44
90.92
180.80
257.44
85.88
145.50
245.18
39.03
219.57
272.12
134.09
81.70
58.24
101.75
287.04
91.41
88.92
81.71
27.81
128.46
45.91
134.09
156.33
225.73
101.46
95.10
196.47
30.97
52.20
163.00
279.19
264.63
253.92
159.98
222.07
39.79
5.47
167.25
78.82
225.03
139.36
212.91
6.73
197.60
14.66
293.76
289.00
103.57
75.47
16.81
232.03
121.38
150.89
88.36
47.10
252.34
183.46
243.56
283.31
235.65
106.56
262.49
200.28
60.47
122.46
122.34
100.26
127.92
289.59
179.08
52.95
128.94
91.98
59.68
26.53
106.63
53.43
15.53
210.20
128.90
32.34
142.22
250.27
183.22
230.58
297.37
135.56
114.03
240.93
118.86
49.68
47.49
81.34
249.95
107.95
203.80
72.29
208.20
31.72
61.87
87.27
84.66
190.81
179.25
144.33
217.34
285.87
197.76
232.87
196.07
26.66
265.20
38.29
276.93
148.41
268.86
274.30
283.96
82.88
215.22
102.82
132.55
262.71
184.15
82.50
70.65
87.95
154.78
278.85
119.66
216.65
66.11
204.32
107.45
245.36
48.65
24.79
231.23
246.40
257.65
127.29
273.06
222.84
165.57
249.98
71.25
134.42
224.27
55.21
217.30
139.49
158.02
49.85
102.19
42.17
132.35
172.83
130.11
287.12
151.68
249.76
203.77
217.79
154.07
11.22
163.14
202.72
36.00
94.36
149.11
293.65
221.64
122.17
216.48
87.20
72.14
287.73
221.62
296.41
42.93
138.92
135.89
200.94
188.77
238.08
243.10
21.11
110.90
73.20
8.23
262.58
22.96
211.99
180.36
177.03
223.20
43.49
79.74
259.20
137.85
228.85
252.84
59.48
51.01
169.32
146.68
123.15
157.04
68.30
119.55
199.96
207.21
255.43
100.90
95.98
193.50
43.99
117.08
4.40
117.19
125.30
266.97
140.15
37.28
147.33
17.17
260.48
190.81
96.91
219.68
28.65
25.75
172.51
88.13
76.76
41.83
234.81
199.90
198.87
3.10
19.44
98.83
210.31
274.87
199.72
6.28
168.37
243.71
123.36
172.77
60.89
248.65
139.73
201.04
285.93
287.06
218.21
246.41
177.86
15.11
166.08
206.51
40.86
38.59
294.64
117.61
80.41
229.44
17.51
279.27
232.54
36.95
78.09
142.85
11.81
277.81
149.13
180.18
221.51
272.48
52.94
282.40
221.12
192.67
183.43
207.05
179.72
101.63
153.45
57.57
116.74
19.52
264.08
157.59
58.10
258.71
275.20
138.51
188.15
292.70
117.77
120.68
29.64
195.86
263.53
41.45
173.66
112.65
221.62
95.16
85.12
274.55
77.55
6.24
167.21
260.98
213.28
46.93
62.60
66.72
104.50
179.34
86.24
68.57
36.92
144.33
27.28
12.11
282.84
215.42
4.81
100.60
36.10
34.45
296.46
299.62
75.89
170.11
112.26
297.51
265.27
197.38
272.06
42.82
203.61
139.27
3.79
116.89
186.19
66.39
183.61
290.68
245.72
269.84
59.24
282.63
114.17
86.52
294.74
97.00
1.94
299.54
197.60
38.03
33.98
194.05
37.65
109.87
64.15
149.91
107.37
29.42
47.28
79.42
72.23
250.89
218.68
76.01
67.77
104.86
142.39
251.37
95.54
88.11
221.21
154.77
70.74
35.37
241.29
65.47
132.37
243.22
65.01
29.96
281.24
98.98
224.01
18.89
208.85
288.16
168.79
16.21
17.57
216.07
95.63
89.79
166.95
14.31
165.79
234.71
119.17
8.18
186.08
214.70
96.29
107.28
69.46
167.02
142.65
10.75
232.49
275.02
253.96
297.49
4.98
235.19
96.47
228.98
254.08
5.31
217.14
122.86
21.52
234.70
38.92
117.14
24.48
205.87
131.44
190.27
140.57
250.61
198.45
26.65
165.30
294.74
133.93
234.76
161.75
276.58
245.50
94.23
251.59
199.45
91.72
256.57
134.64
188.18
185.55
88.71
193.49
102.68
211.57
215.00
37.38
250.48
32.14
61.86
156.34
163.58
252.13
296.91
114.18
150.57
23.56
279.47
145.30
157.48
214.22
7.05
134.06
159.72
101.28
85.65
59.16
192.99
42.21
193.79
81.17
227.76
282.50
274.65
30.44
194.06
189.65
67.81
144.54
221.79
129.66
0.88
85.36
81.78
297.78
199.54
232.35
21.34
179.01
77.65
178.82
93.23
84.69
12.87
252.94
185.96
98.52
12.09
78.95
140.73
205.88
160.11
68.48
188.37
134.75
98.91
82.42
24.40
166.71
226.95
246.18
296.37
227.82
31.54
78.15
225.60
231.07
10.49
246.94
110.08
88.13
125.75
203.30
172.82
138.62
156.23
58.78
237.13
168.32
137.72
77.85
74.19
297.82
146.33
262.55
132.57
245.23
44.97
156.96
111.94
271.92
103.14
108.31
199.74
134.67
186.45
125.34
65.74
196.94
72.27
175.81
285.07
198.02
79.10
157.88
36.64
235.33
216.66
273.77
103.64
54.37
51.61
177.82
52.19
197.94
140.37
184.75
143.17
185.34
41.71
255.11
157.25
144.85
63.41
56.99
279.51
249.86
182.32
45.24
146.79
254.59
221.05
131.85
152.61
0.14
289.73
189.24
235.46
206.38
163.00
39.10
260.74
214.61
216.92
12.93
112.54
57.28
197.68
255.71
242.62
239.38
210.81
99.86
84.23
274.21
156.85
63.73
224.06
39.16
108.97
70.84
293.75
30.01
202.69
146.35
30.15
192.41
35.58
265.61
98.78
198.58
4.70
59.52
113.19
221.61
72.44
225.73
278.89
270.11
181.43
221.50
209.49
92.23
21.36
293.71
66.44
178.20
57.44
290.49
217.36
166.40
61.33
211.10
196.41
264.02
57.44
226.55
156.42
93.02
192.15
255.19
291.60
196.84
14.71
104.78
118.45
87.14
30.50
97.34
57.25
211.92
18.83
266.73
4.14
40.19
260.44
70.58
218.38
17.87
61.07
135.73
184.26
122.39
46.83
80.66
86.40
104.27
7.21
242.82
197.28
199.35
198.01
188.88
96.19
212.71
293.65
214.64
299.85
24.14
11.97
57.09
236.06
30.79
23.81
240.20
70.98
284.24
10.77
289.35
2.10
71.83
125.08
186.36
194.22
171.90
267.02
280.62
276.16
274.22
223.44
173.44
173.57
121.44
62.31
269.75
34.14
55.96
184.39
33.98
80.10
196.35
91.07
16.16
227.14
114.87
256.35
298.11
99.11
267.12
287.45
101.21
38.94
112.53
287.56
233.16
284.43
254.58
213.78
260.59
228.80
137.21
134.03
102.36
258.64
196.34
72.11
292.78
252.29
256.49
26.76
32.39
152.84
117.82
48.54
79.97
232.68
4.88
78.07
31.79
271.99
65.52
132.99
10.93
178.05
120.55
244.09
162.47
75.12
157.86
123.05
3.91
295.06
257.07
106.27
253.70
153.40
178.38
246.47
105.69
134.86
273.22
138.07
287.69
91.04
186.60
67.66
23.72
191.48
145.72
55.50
163.47
211.24
188.48
174.39
89.28
9.03
118.48
251.75
84.14
276.33
74.79
88.05
271.39
31.86
194.32
225.08
185.26
72.69
171.55
290.94
207.55
144.76
129.00
195.24
235.79
15.60
262.89
259.51
207.07
108.61
15.00
70.53
19.84
203.48
244.92
109.12
212.50
63.39
60.86
296.64
39.72
135.65
84.69
11.10
167.50
279.00
236.18
52.75
51.69
107.72
43.69
259.23
252.48
172.69
154.46
188.27
188.28
117.35
147.77
95.35
225.95
162.76
165.87
245.79
66.23
110.79
54.90
278.73
174.17
115.75
275.36
213.89
251.39
60.04
224.98
118.89
39.04
161.16
171.64
90.72
268.87
215.32
49.94
221.34
88.01
204.40
109.60
276.28
21.74
257.37
71.62
247.69
120.12
237.49
193.47
186.35
48.27
248.36
165.07
222.44
64.11
140.43
136.32
15.50
200.46
61.30
134.39
239.50
222.45
6.02
30.21
191.32
221.34
80.15
112.65
9.34
284.54
222.25
285.62
6.28
179.61
57.23
253.96
299.73
294.72
147.42
186.08
42.98
95.78
51.14
265.41
159.89
191.57
101.73
175.39
92.03
163.02
9.77
31.52
85.46
15.79
61.72
276.77
237.12
141.86
89.42
246.46
126.40
11.67
232.07
132.68
191.28
289.30
86.63
191.00
284.02
234.05
77.07
26.99
29.83
128.21
292.40
189.72
19.77
94.12
65.10
111.79
257.14
74.87
143.31
42.59
90.65
205.02
19.36
27.77
46.88
108.78
274.22
173.28
120.44
206.29
5.95
11.71
195.59
92.58
202.71
179.60
26.63
279.78
206.59
56.45
107.98
198.99
246.16
127.75
293.10
11.26
239.54
250.24
86.12
82.84
292.82
176.76
287.86
12.18
204.53
34.74
120.95
178.75
208.01
241.39
85.04
213.96
253.09
280.62
6.53
155.80
160.21
33.16
135.57
66.80
89.60
243.55
265.78
35.76
71.29
258.88
47.01
10.82
209.11
133.13
93.66
201.93
9.89
81.51
214.10
214.41
116.24
35.05
93.16
24.25
276.43
178.19
238.20
229.52
158.80
244.73
85.31
19.01
277.88
220.88
85.80
67.48
164.42
51.57
103.24
235.70
10.44
150.25
246.52
219.55
283.37
40.17
121.47
293.25
121.67
35.56
207.66
237.91
70.60
0.81
262.15
47.03
178.99
200.35
276.54
37.79
145.07
61.85
56.79
122.95
282.72
142.59
190.42
147.13
194.16
293.65
82.82
204.60
143.90
29.34
124.14
127.26
69.50
245.60
120.51
191.17
281.16
28.16
129.07
51.76
28.97
91.22
98.78
207.96
291.56
75.32
245.74
136.63
137.16
2.53
259.58
119.87
145.12
150.00
267.00
39.27
143.65
49.82
243.86
287.54
79.15
68.00
114.79
148.64
13.60
235.30
39.80
294.75
263.45
168.87
46.50
292.42
260.09
145.28
200.37
251.64
220.59
146.11
88.27
57.75
148.64
47.85
177.61
293.75
197.84
144.60
33.02
41.48
194.42
276.88
29.02
273.56
44.87
143.80
122.19
58.46
79.09
161.99
53.21
42.54
30.86
99.71
34.96
290.94
244.98
235.32
242.58
165.57
81.43
30.85
223.31
230.07
78.69
100.92
223.81
276.52
245.52
256.82
18.00
139.93
233.70
47.01
113.48
278.56
190.81
235.67
37.02
269.89
97.65
90.22
12.43
128.51
189.92
47.38
119.44
134.90
282.70
62.01
0.46
64.13
92.85
223.76
294.19
171.54
24.68
218.00
148.05
270.19
174.82
166.04
110.11
108.51
213.04
223.58
87.07
103.84
159.24
124.08
73.73
256.89
214.30
86.16
85.40
104.21
133.54
204.83
239.11
116.24
266.84
239.56
180.36
59.69
163.32
174.55
231.22
187.99
92.54
79.27
158.17
267.35
245.30
268.28
75.85
158.34
191.86
162.91
262.18
51.09
286.99
35.91
7.98
201.28
122.06
93.37
