109.48
180.45
168.02
296.27
209.91
160.51
114.18
214.46
292.23
260.93
91.31
280.29
70.21
200.68
34.17
121.00
84.49
178.51
96.48
252.79
202.62
34.45
105.42
158.00
126.82
144.50
156.35
175.05
277.34
188.63
168.88
86.82
69.07
36.89
83.09
278.98
197.40
197.27
193.44
189.62
158.19
284.75
169.91
228.40
185.42
204.07
49.39
269.90
82.58
145.86
222.68
285.19
180.31
28.10
143.19
7.13
172.59
299.53
182.17
149.93
188.15
51.04
236.75
257.22
87.93
19.83
236.20
285.32
217.09
129.64
174.94
75.28
114.38
44.84
3.67
299.79
248.91
53.06
269.69
31.48
198.92
192.37
16.67
79.22
220.46
159.85
86.34
93.05
159.38
268.51
242.97
47.53
19.54
179.71
4.75
107.47
199.54
240.94
92.79
116.62
70.57
267.72
191.89
184.95
12.56
195.56
184.73
261.47
248.61
154.42
292.95
147.52
46.78
9.61
226.74
267.24
169.46
13.08
60.28
28.83
281.58
3.24
76.35
1.12
182.95
81.09
108.58
82.48
22.03
201.37
199.10
92.60
169.08
90.99
277.54
181.64
286.54
162.26
143.11
235.14
16.68
136.05
82.66
63.45
145.66
9.39
30.68
15.11
22.46
90.96
43.94
4.04
94.19
120.29
5.15
277.14
201.37
113.73
59.61
223.40
15.09
258.70
15.99
184.17
49.69
293.52
65.81
36.22
155.78
208.92
271.36
172.45
44.97
54.01
235.89
190.62
63.39
266.57
205.73
85.85
57.52
249.66
89.88
151.71
69.94
95.03
128.84
271.31
208.76
188.45
194.70
223.85
147.15
210.69
108.02
196.83
204.20
173.82
233.04
59.97
82.74
204.39
232.42
127.70
258.40
168.31
18.31
21.78
134.88
224.03
107.63
192.40
173.69
197.50
44.10
243.62
292.53
172.94
214.93
201.29
61.38
109.63
125.13
208.53
20.31
233.14
105.35
224.50
106.96
38.39
284.47
189.69
242.78
216.89
17.38
201.17
85.19
35.69
222.95
220.06
259.71
30.57
112.45
133.40
228.07
156.55
77.02
220.60
29.48
291.94
121.88
90.86
101.56
247.00
299.39
121.86
180.13
104.73
46.36
287.09
143.12
30.83
176.77
85.90
247.71
194.14
287.06
32.89
229.82
210.01
252.95
189.53
240.58
65.39
22.92
168.65
221.94
99.93
89.24
251.41
91.87
211.11
42.27
193.42
158.11
41.65
15.28
38.24
146.38
61.64
25.32
289.50
92.46
202.09
75.39
40.17
96.22
62.45
73.06
26.04
272.46
26.00
215.57
213.03
91.39
238.49
81.67
13.32
38.42
170.91
264.73
130.28
82.02
7.00
23.70
240.12
48.64
38.97
278.36
195.02
100.60
3.67
184.52
193.06
205.75
259.90
233.22
1.97
22.35
6.27
28.01
294.80
32.27
243.57
207.82
123.65
182.05
289.49
136.97
220.46
160.39
101.69
50.74
242.40
108.69
74.43
182.51
157.33
113.40
160.86
52.34
214.00
164.53
236.85
107.05
70.28
196.75
40.27
72.24
219.09
46.54
100.25
213.88
78.80
43.81
121.70
202.44
225.86
111.18
39.41
146.32
271.56
141.10
197.06
213.95
249.78
271.48
96.46
107.10
84.88
257.32
159.43
298.87
121.85
96.28
105.92
192.12
293.02
146.19
264.36
212.11
192.72
64.60
125.98
271.51
108.41
247.68
173.95
34.27
58.85
213.36
180.58
30.41
54.45
77.63
244.35
4.22
49.11
40.81
111.31
133.98
298.13
270.74
132.85
119.97
67.01
238.77
12.08
60.03
84.95
276.44
272.14
277.67
41.03
98.12
249.18
149.44
45.79
123.13
183.70
104.63
36.48
64.27
135.03
90.93
141.90
79.38
95.14
191.01
120.19
206.44
24.99
118.31
177.18
157.83
238.28
244.18
96.60
250.35
4.21
181.55
226.78
276.34
159.21
267.81
74.46
108.39
117.24
120.24
231.51
0.93
224.87
267.99
65.20
59.90
58.91
207.10
139.27
154.04
98.10
259.46
60.48
123.08
77.77
237.65
280.91
16.04
181.83
77.50
266.39
186.04
259.05
193.16
162.38
118.25
160.97
236.83
226.63
278.21
57.06
158.14
279.14
281.92
126.12
44.34
41.81
185.03
251.43
181.08
39.06
49.53
140.54
99.54
172.61
218.30
37.18
153.52
234.33
219.01
231.02
200.72
105.05
190.06
93.88
267.42
8.31
254.84
204.24
234.94
233.04
261.30
93.07
212.18
243.22
219.19
256.51
285.03
104.21
207.94
166.10
143.27
257.46
6.64
242.80
130.07
224.93
279.98
283.58
159.26
198.99
214.60
59.97
4.03
104.65
153.84
271.44
112.96
108.68
175.68
47.89
41.72
136.98
140.95
253.89
80.19
60.14
210.39
65.21
164.34
118.32
231.31
7.60
75.78
237.95
250.40
205.84
162.87
230.37
189.42
22.13
129.35
104.02
82.10
133.38
208.67
235.94
104.81
21.62
44.61
280.49
69.50
86.32
117.46
210.45
40.21
197.65
270.59
250.59
262.86
134.92
68.91
194.17
142.52
144.68
132.11
92.92
50.52
294.98
23.28
239.94
17.10
152.63
43.95
99.20
286.00
252.62
35.13
90.81
274.23
79.74
71.30
43.73
166.06
188.75
254.18
206.26
86.40
224.76
156.85
49.25
59.68
225.75
243.41
202.20
70.43
75.52
295.11
120.95
70.49
18.39
60.88
87.59
171.01
104.83
186.78
157.01
57.44
221.91
247.82
31.67
1.64
19.11
75.40
167.69
207.86
29.57
73.95
294.25
254.33
230.79
43.49
14.01
156.54
286.90
216.20
226.96
62.42
211.31
47.90
132.90
229.69
108.78
220.49
100.70
213.61
107.27
257.71
271.05
29.17
205.52
2.72
30.81
224.62
78.11
198.50
132.47
107.67
272.44
126.72
62.00
203.22
170.21
76.00
59.75
157.10
292.20
286.71
219.52
203.50
34.61
52.41
133.18
143.39
272.90
233.88
57.00
80.16
191.58
28.04
109.33
97.09
30.75
140.14
21.71
108.86
38.63
154.18
216.53
11.06
280.89
278.52
214.28
151.09
54.51
274.03
8.19
46.70
260.73
227.70
250.19
295.34
280.11
83.37
138.72
253.00
17.24
195.71
33.16
208.82
223.75
142.48
5.91
254.49
282.62
27.61
63.34
21.24
181.78
279.86
32.30
162.67
258.38
246.57
13.75
12.89
220.59
21.93
59.58
181.32
249.63
9.77
176.65
229.73
93.14
15.36
182.72
110.38
211.07
215.88
19.19
134.81
58.36
25.09
89.30
40.97
52.69
152.64
62.20
234.47
132.50
94.49
97.13
90.87
41.06
110.88
103.75
261.65
132.80
163.33
142.96
82.42
173.09
19.60
12.14
266.23
34.96
194.86
76.60
246.03
110.73
95.78
80.83
169.09
120.87
170.12
210.05
173.56
22.75
272.24
108.03
155.24
66.73
205.15
246.11
107.78
16.02
49.85
69.43
148.82
213.17
212.38
231.24
86.26
231.98
243.38
52.48
266.94
138.24
129.07
212.96
248.96
224.85
293.79
118.05
45.72
163.90
28.09
219.27
186.65
0.33
27.29
41.89
67.05
232.44
287.99
174.83
248.45
37.83
244.25
97.27
251.00
156.63
28.50
37.25
88.60
271.88
89.72
55.54
110.11
218.79
268.50
59.07
143.64
262.28
177.11
189.35
126.18
205.19
108.62
12.82
205.51
135.90
54.71
272.56
68.33
42.70
147.38
16.78
80.53
91.63
114.05
31.52
248.26
142.55
68.77
36.86
114.42
158.49
92.39
224.52
77.27
60.88
283.58
220.91
23.15
160.68
110.25
149.32
65.86
218.86
162.14
271.36
54.76
216.85
243.92
123.09
259.54
91.29
139.87
40.06
182.92
253.91
71.58
131.17
96.45
140.34
168.02
210.86
298.82
260.41
135.38
76.09
21.28
118.95
296.99
44.43
279.62
107.23
193.75
45.47
26.09
55.89
16.83
80.85
272.73
260.75
203.93
232.26
52.03
43.80
272.32
234.95
297.70
43.89
66.12
94.15
184.23
234.14
5.01
183.04
194.54
140.38
259.12
215.82
259.32
256.10
260.24
238.94
63.33
153.98
284.41
89.42
209.86
1.24
170.27
182.59
261.98
74.19
114.85
14.01
117.99
87.17
248.95
115.69
131.05
15.07
209.83
15.28
249.20
214.84
198.31
143.74
55.21
157.43
59.55
14.53
113.52
19.78
253.46
176.85
173.76
237.86
266.27
83.62
239.09
136.53
266.20
201.06
210.72
81.05
215.06
28.70
168.21
164.01
144.38
299.26
179.07
54.21
14.53
128.27
269.04
212.84
272.00
24.24
70.26
31.54
38.77
183.78
51.31
292.22
60.62
225.07
230.07
26.88
8.68
169.16
163.41
274.88
70.21
74.12
55.93
285.27
102.82
224.13
149.27
247.19
223.38
28.34
1.39
237.91
156.60
270.43
150.74
128.59
294.66
220.99
160.12
33.42
104.76
211.43
25.64
165.38
136.49
255.71
192.26
145.17
124.86
55.66
120.05
195.07
129.78
175.97
180.33
232.59
100.10
29.59
179.77
23.48
57.93
181.16
261.38
214.52
151.58
112.11
43.10
146.24
33.10
203.21
179.66
137.85
114.63
205.29
3.23
251.12
160.99
195.48
96.29
285.84
251.14
216.33
180.91
80.91
92.30
61.23
13.49
192.39
90.82
193.26
215.86
148.74
74.41
177.23
63.25
225.99
289.34
106.34
72.22
22.43
9.55
251.88
160.28
124.18
157.16
163.50
75.29
18.15
58.98
171.57
3.99
10.11
87.90
184.89
91.01
180.19
246.11
104.50
72.58
36.93
297.75
288.43
185.66
72.16
165.66
248.91
298.14
154.99
55.25
70.36
177.42
64.79
22.23
37.69
188.97
179.39
201.19
264.25
197.53
260.17
135.82
201.51
270.27
223.71
86.39
61.28
103.90
32.50
165.77
176.47
69.42
163.52
164.90
255.08
235.67
30.55
203.99
233.81
185.54
259.23
4.16
62.95
24.02
26.39
100.64
212.98
205.77
1.83
177.23
103.29
261.99
13.04
4.79
232.26
236.75
91.18
293.53
40.65
123.68
159.30
217.11
193.10
22.82
82.00
148.18
258.48
112.55
52.16
192.29
298.09
11.38
196.44
61.04
35.40
222.82
161.68
248.37
128.59
163.50
125.60
231.87
125.49
138.63
236.66
57.75
75.38
27.84
51.28
116.02
151.51
210.58
33.12
44.60
233.39
115.12
192.77
191.87
227.67
244.93
84.15
225.75
256.31
280.59
286.79
291.70
203.41
148.46
240.07
31.99
11.96
65.66
263.85
137.45
204.29
200.51
195.19
279.66
228.34
246.46
95.68
79.84
157.03
128.80
124.44
90.41
243.91
17.21
282.28
171.58
262.13
66.42
97.33
218.43
47.01
84.11
210.13
250.41
232.56
150.20
282.39
244.52
215.85
246.24
81.96
120.14
146.74
277.14
99.80
75.08
223.60
195.47
154.92
80.62
24.26
279.35
171.03
268.17
296.56
153.30
139.74
258.69
219.72
237.07
177.12
266.72
21.17
87.25
217.12
253.73
237.44
199.51
198.24
153.29
145.75
280.19
273.42
292.49
257.33
73.21
67.56
180.92
268.68
222.47
261.54
292.93
201.82
132.56
261.09
198.38
285.86
100.83
157.06
205.58
37.89
34.18
172.29
59.06
121.42
89.41
12.79
58.85
288.92
211.03
212.13
134.67
191.22
185.55
127.15
148.54
258.75
194.71
29.45
227.42
117.18
290.98
220.35
19.00
123.54
181.43
217.37
109.40
282.26
74.43
14.97
20.14
108.60
187.26
79.20
230.01
276.67
91.99
288.86
265.59
3.01
200.98
100.25
194.22
86.52
227.40
42.75
45.27
122.10
72.20
272.69
239.27
63.18
193.03
258.27
186.72
74.46
175.63
296.11
56.71
250.05
11.08
76.85
58.65
198.34
156.05
288.65
175.01
248.03
277.50
140.60
251.03
178.48
240.84
145.25
265.00
168.24
188.00
10.26
290.34
260.19
282.95
229.61
23.37
175.97
187.87
210.08
250.42
63.49
206.19
7.13
13.54
217.27
83.97
72.18
115.60
240.01
60.83
290.61
188.04
38.33
131.20
139.06
216.80
72.04
284.30
181.80
240.27
172.29
192.06
230.60
132.48
175.00
160.20
155.85
50.97
48.06
65.92
1.39
111.55
272.10
8.51
125.08
189.37
92.48
197.26
4.96
32.49
258.08
295.56
220.52
296.40
126.75
59.58
213.20
198.78
43.88
94.99
139.05
216.17
287.05
69.64
48.64
162.04
229.84
204.48
213.00
277.90
270.40
214.38
89.44
242.50
222.89
214.52
131.86
15.36
111.77
136.82
47.84
69.84
132.38
268.36
66.24
259.12
27.93
279.43
157.90
71.80
74.42
296.95
287.97
61.46
66.58
36.60
223.50
296.42
241.08
136.49
274.31
211.48
50.87
63.74
153.98
273.75
278.25
285.83
289.10
90.01
122.65
36.94
159.85
255.02
5.29
226.08
214.14
33.21
205.51
72.03
105.01
279.93
68.97
92.97
41.39
135.55
129.57
264.88
131.96
70.65
101.37
106.26
282.13
152.23
170.00
136.10
125.97
148.25
121.93
115.07
238.26
244.57
152.00
98.10
199.58
157.28
24.18
113.71
190.49
229.69
185.74
295.50
209.61
254.70
88.46
251.00
90.25
218.03
215.87
222.21
288.67
17.24
28.47
270.80
169.46
198.46
106.89
295.43
46.71
228.81
110.49
284.96
173.37
262.49
83.05
72.94
119.76
107.23
186.64
10.25
36.91
72.37
5.74
246.52
27.07
94.20
197.51
117.32
12.22
113.37
39.52
0.89
130.61
67.98
271.68
0.06
266.44
78.57
295.49
13.15
7.37
105.98
298.10
180.74
68.46
81.15
253.67
188.21
188.37
140.31
198.46
225.28
212.68
204.19
171.79
239.75
298.39
69.29
57.07
10.60
182.66
96.58
11.49
13.26
164.56
283.17
13.32
131.00
61.73
8.80
144.14
69.09
114.77
142.24
249.83
183.22
223.38
203.49
71.43
111.75
43.80
269.88
37.02
256.48
174.07
208.80
196.23
172.45
278.08
253.29
183.05
160.73
49.87
194.53
173.98
214.43
177.69
187.30
45.42
239.42
196.09
189.56
8.51
10.86
31.79
258.33
194.07
255.17
161.82
265.50
66.91
205.61
235.37
103.92
162.09
109.44
12.72
58.31
281.88
290.79
11.60
164.92
151.52
61.46
59.45
25.49
275.89
237.14
212.79
21.31
176.55
108.87
210.86
185.05
119.72
242.65
143.37
13.79
197.82
5.18
279.28
264.72
210.79
214.65
68.64
72.88
24.08
81.35
131.19
5.96
72.14
142.78
170.87
223.65
204.24
230.32
249.14
180.12
167.45
161.92
201.42
43.99
270.79
112.28
229.03
90.50
54.92
72.39
104.29
252.73
77.57
83.56
217.45
288.35
298.20
286.09
61.22
22.28
67.44
192.40
28.23
139.57
35.18
199.10
63.22
239.41
129.41
12.35
119.52
296.85
174.27
20.94
40.84
145.05
133.21
269.86
235.55
188.13
42.25
39.83
140.86
119.81
123.38
58.31
108.16
121.58
44.39
169.37
143.86
111.82
61.77
172.08
251.39
96.94
71.18
14.61
36.35
200.58
26.95
155.87
197.43
201.22
176.80
238.26
46.26
10.01
208.12
281.80
198.13
250.36
21.62
38.98
70.17
145.00
97.28
178.32
266.58
141.67
47.69
110.43
253.49
109.45
282.51
204.87
206.39
53.68
219.47
242.74
254.26
246.42
98.60
151.68
147.63
275.40
89.94
193.89
285.40
298.05
175.68
183.52
248.40
197.30
222.50
18.56
42.30
19.77
196.88
8.87
161.43
244.56
119.30
114.92
54.01
101.80
19.78
260.39
155.48
239.25
203.12
109.73
185.67
1.72
261.41
33.30
277.11
51.34
227.18
262.50
49.39
102.86
146.01
297.78
0.16
68.50
16.34
42.45
88.27
213.22
51.32
249.70
157.77
170.62
64.61
211.77
272.42
84.39
172.16
127.89
23.64
75.28
237.62
209.30
76.99
199.02
242.59
54.09
250.36
169.76
16.59
299.74
272.62
162.60
297.52
272.77
231.10
13.86
15.22
19.36
227.07
66.54
269.06
84.83
237.15
33.66
296.60
209.56
118.05
168.75
37.45
141.68
244.02
275.06
50.97
21.01
174.08
293.56
75.10
124.43
163.32
91.68
124.16
135.93
254.27
121.67
108.69
185.36
135.52
123.91
204.72
62.58
190.44
173.77
147.41
127.58
207.43
144.00
37.14
25.47
12.74
74.58
167.15
256.76
49.64
218.11
277.77
223.71
211.67
52.86
48.13
74.98
144.53
172.28
210.90
98.80
293.95
19.59
284.15
129.46
143.49
188.86
192.03
33.92
62.63
39.43
161.50
270.05
183.43
198.63
295.52
196.17
273.21
162.66
152.92
22.84
80.77
130.68
246.54
292.44
183.54
294.67
67.41
28.06
166.94
278.31
126.85
160.88
297.89
111.00
290.34
141.38
299.86
182.37
175.30
62.49
221.80
36.79
32.53
105.22
235.42
28.05
1.38
208.62
190.71
154.30
231.46
271.48
284.98
177.99
263.91
168.51
172.66
31.31
196.57
39.60
9.61
23.41
200.48
7.50
134.41
190.81
148.87
134.27
73.17
24.17
196.75
294.96
60.96
229.28
100.17
296.37
257.32
101.55
204.99
148.03
255.84
136.44
119.50
240.81
14.43
83.41
109.31
187.08
114.71
5.87
226.67
124.32
29.28
127.14
131.81
163.69
17.94
280.68
297.95
91.11
4.85
194.69
86.06
65.80
123.96
186.23
62.16
81.28
287.77
267.14
229.31
243.61
103.58
48.80
184.41
118.00
132.21
293.71
5.08
246.91
299.58
231.74
71.23
28.86
58.88
203.04
192.54
76.82
183.71
190.48
167.92
188.56
85.17
253.98
254.35
209.12
140.21
16.50
290.40
127.97
283.64
219.70
71.58
87.22
268.50
255.98
205.21
100.70
249.69
210.28
47.61
249.26
142.02
118.83
278.12
200.89
21.86
170.65
277.71
205.57
61.12
145.63
94.12
146.29
99.60
48.47
55.40
239.81
64.97
45.80
67.78
48.61
265.50
139.35
135.82
234.00
95.32
41.03
34.70
45.00
251.30
82.31
294.26
93.32
201.13
272.37
294.21
222.99
143.02
271.91
128.56
204.14
117.53
222.68
50.42
217.13
271.14
105.82
156.93
36.11
151.61
224.70
84.71
117.11
64.04
220.52
51.11
159.36
261.54
85.80
204.36
212.84
168.10
198.61
6.15
69.23
170.98
0.36
292.22
13.99
272.26
120.78
218.13
89.79
43.45
268.54
6.92
14.59
74.35
163.84
50.69
225.95
88.54
135.40
43.06
152.58
55.91
94.16
11.93
17.45
179.95
216.28
230.28
48.05
114.89
236.43
117.27
285.87
236.78
109.49
299.86
209.04
230.26
217.98
298.83
273.71
186.51
5.74
288.29
260.85
169.58
38.98
186.80
258.12
174.37
229.85
110.69
230.28
24.00
122.61
247.72
203.95
38.89
178.00
252.00
153.78
114.42
69.27
139.64
51.20
178.75
139.49
260.24
109.00
57.46
259.06
82.70
243.97
264.80
70.99
204.81
134.38
109.96
91.60
92.49
284.33
21.45
203.17
214.60
45.45
25.78
162.32
249.39
64.67
40.31
201.38
218.44
154.73
270.64
58.07
205.93
149.39
197.56
166.16
258.38
255.01
125.22
41.08
198.98
90.02
112.06
103.78
224.39
222.02
195.38
16.87
206.34
216.82
220.04
120.94
262.26
245.81
283.26
211.65
10.48
23.56
113.03
228.91
178.29
83.67
286.97
84.21
233.05
184.53
250.37
191.42
139.54
75.59
232.49
38.51
165.60
44.55
142.28
89.98
266.56
37.66
106.84
172.90
254.47
26.87
293.84
216.73
272.68
277.09
128.38
283.15
0.64
241.40
212.06
178.93
25.06
199.03
263.14
258.10
83.55
213.50
149.52
223.08
289.08
82.01
261.58
154.68
126.55
103.86
244.65
93.11
141.51
51.49
266.01
95.98
78.36
259.84
12.71
51.03
236.92
141.08
34.18
237.56
82.47
246.23
116.48
107.53
145.26
79.62
65.62
228.80
293.11
215.14
151.88
282.19
297.14
113.45
136.86
123.69
217.31
81.51
216.80
58.82
132.99
182.80
154.80
211.34
142.63
167.50
262.36
79.55
8.58
296.54
17.10
91.05
242.77
133.58
198.57
88.02
213.19
264.19
16.82
206.30
179.32
168.69
188.49
176.46
282.14
25.34
0.14
199.44
106.84
216.93
258.26
239.83
99.72
113.05
151.16
242.35
280.55
113.52
21.89
289.12
110.05
38.98
80.16
52.82
172.56
278.73
140.84
85.74
242.91
157.65
292.04
122.23
26.33
180.52
298.68
8.46
205.86
298.81
207.89
12.70
215.74
166.15
252.52
15.45
279.19
103.67
257.79
259.73
217.18
279.67
248.85
27.23
18.65
29.01
80.04
191.20
7.74
220.87
276.94
250.64
78.52
268.97
72.87
104.84
149.49
71.54
113.29
55.34
70.34
21.18
68.03
286.07
187.32
20.54
1.52
166.51
124.20
259.31
126.24
41.38
238.98
75.08
68.61
257.63
104.09
148.64
148.83
111.82
69.51
125.76
62.46
148.02
94.73
135.32
252.86
244.21
206.85
66.15
299.54
277.19
87.33
67.57
263.26
274.64
88.10
264.78
141.15
212.30
224.08
267.38
253.68
163.06
42.46
22.28
120.68
146.54
170.92
269.50
258.36
240.42
95.26
20.81
88.44
189.98
156.13
41.30
134.18
62.97
107.44
133.72
40.16
194.76
201.28
3.41
169.40
289.38
268.18
10.54
201.68
192.26
277.92
155.35
55.31
20.37
177.63
175.98
166.91
48.54
145.48
125.27
288.96
240.73
146.07
77.40
130.70
2.19
118.69
264.88
65.16
226.12
98.60
105.31
120.88
299.88
108.72
290.27
289.26
76.90
0.81
190.93
269.15
278.73
46.28
24.46
299.09
223.90
200.44
166.00
272.43
45.91
291.26
261.39
286.63
137.33
38.78
117.33
139.52
157.46
82.21
204.68
83.58
180.80
9.99
204.45
180.68
118.70
194.72
169.93
195.59
195.53
60.85
164.74
174.25
107.13
189.19
173.34
31.02
89.63
39.33
3.45
135.53
30.59
264.84
122.16
167.92
3.61
239.49
7.44
161.07
21.69
212.11
244.64
202.49
222.09
149.09
83.16
40.78
43.80
253.09
236.37
239.33
13.94
101.11
113.57
121.06
290.30
286.90
152.08
79.92
26.23
155.53
215.45
56.82
120.36
37.61
224.74
123.96
277.09
232.17
285.02
298.78
144.27
229.66
201.27
66.35
78.74
284.43
107.13
122.54
237.51
43.50
61.86
251.44
144.60
175.43
72.49
134.89
162.33
224.57
214.81
188.56
80.09
130.25
245.38
200.45
167.86
170.11
24.40
144.95
102.27
9.42
143.72
246.54
239.07
44.99
12.89
17.81
29.41
120.01
140.35
266.92
163.51
202.21
218.35
8.10
77.63
290.84
142.99
239.96
215.41
57.79
128.52
295.49
188.04
73.89
195.93
55.89
244.00
220.33
200.83
46.26
229.75
44.55
292.80
168.82
89.53
5.68
186.62
118.94
125.69
26.96
85.85
289.19
229.17
4.20
297.29
6.79
295.03
140.27
246.75
210.43
198.06
75.26
205.92
86.09
149.14
101.85
141.97
93.14
22.17
42.79
139.39
251.92
87.33
132.19
120.73
176.86
137.86
7.34
295.79
263.55
34.30
81.63
252.74
263.46
85.83
250.02
270.25
80.85
90.29
216.99
291.28
288.34
292.25
197.20
74.43
141.39
299.04
216.39
234.52
21.21
259.18
73.91
273.12
46.51
206.09
93.84
223.36
43.95
101.18
219.15
7.49
135.47
0.78
260.23
98.93
86.60
210.24
69.17
167.45
0.53
286.16
158.72
288.87
278.40
55.91
63.29
119.79
54.95
279.68
54.30
76.15
238.86
128.20
49.27
285.36
34.29
143.10
208.72
78.23
244.27
127.86
85.72
79.74
128.63
45.94
178.66
215.22
256.18
247.83
82.66
256.70
233.98
241.38
245.57
212.38
297.29
8.85
32.16
52.23
288.53
86.46
128.38
227.39
214.66
177.64
212.74
248.94
20.74
121.46
27.17
265.01
249.31
112.89
44.74
77.94
158.82
223.40
293.16
115.00
171.22
75.81
71.69
105.19
17.19
17.26
17.57
14.47
26.10
49.73
66.70
14.63
136.18
195.07
242.01
50.84
72.71
154.75
299.77
93.45
276.20
26.94
58.45
225.51
139.82
103.18
3.44
298.64
26.57
296.60
113.63
197.79
72.41
185.32
2.98
89.59
202.57
20.54
104.06
228.67
70.26
170.75
243.30
206.44
65.82
185.31
257.27
138.53
40.05
257.04
231.97
16.25
283.98
290.41
241.76
123.80
93.59
245.20
122.43
120.16
241.79
236.06
17.94
14.19
121.38
20.91
103.77
23.94
41.45
207.82
252.61
111.71
78.57
195.90
18.14
144.38
81.20
275.41
282.90
121.25
232.44
214.87
137.50
216.42
205.27
79.25
40.21
298.85
24.44
162.63
119.00
266.22
98.69
136.94
280.40
220.06
157.84
84.16
244.00
199.29
291.98
196.61
10.99
70.54
92.51
29.13
214.92
173.70
4.53
197.82
294.95
236.97
112.68
132.44
153.38
17.94
211.68
193.58
16.79
236.11
56.21
135.79
202.33
154.89
272.72
182.72
74.95
130.56
266.88
18.95
29.84
258.86
215.55
40.83
29.40
8.05
69.95
244.31
181.75
74.47
142.13
176.69
11.43
254.80
9.13
164.81
272.74
220.81
58.38
289.52
156.92
114.58
125.31
59.24
269.47
98.02
241.96
44.42
228.58
208.83
63.36
258.42
167.68
278.91
299.24
197.07
286.95
69.19
141.38
168.69
143.65
283.50
45.38
155.08
238.30
54.51
19.89
211.03
275.31
78.26
200.55
132.22
192.84
25.85
191.46
162.31
123.87
133.41
206.72
52.44
42.24
270.08
10.86
209.91
248.98
10.09
106.98
235.92
79.27
248.36
104.61
222.92
231.85
149.99
78.00
170.14
204.50
97.88
81.17
179.80
176.14
281.71
12.02
68.97
7.56
203.47
231.27
131.42
36.88
137.99
183.86
79.11
108.06
194.71
289.02
57.04
204.80
95.99
292.95
284.07
44.35
97.56
206.99
276.19
247.55
284.98
146.33
152.04
82.86
227.50
31.83
259.00
209.20
43.85
27.96
216.76
247.32
259.23
48.17
284.19
97.22
232.03
63.30
205.28
126.73
52.31
262.31
31.52
148.29
255.26
15.59
192.64
52.81
222.57
168.82
0.35
207.55
15.15
152.39
290.40
242.64
184.22
249.39
151.84
228.06
277.35
68.60
175.38
236.58
116.76
159.56
33.80
48.79
222.86
239.07
175.51
275.16
201.37
207.03
123.45
156.62
222.61
16.08
209.43
145.17
184.90
209.78
52.71
200.04
62.16
43.11
142.68
246.37
292.50
294.52
174.43
269.85
63.11
49.80
206.43
179.87
209.36
240.22
228.65
132.21
179.28
104.16
107.36
80.65
11.18
230.80
237.26
233.79
246.88
146.68
78.96
131.77
56.45
131.66
31.81
118.61
174.77
174.48
64.97
167.27
169.00
239.39
137.11
232.11
289.19
43.53
111.97
198.55
283.75
40.62
30.75
163.02
144.77
138.11
243.67
155.95
68.91
180.92
89.73
15.78
27.60
168.68
147.54
84.05
0.34
179.35
202.65
175.10
53.83
267.61
42.36
222.82
207.00
179.47
154.93
196.19
223.00
266.89
94.73
206.74
7.51
125.48
69.76
152.27
263.58
13.42
8.21
32.48
194.33
97.93
48.26
221.93
266.61
195.80
5.97
266.94
75.14
208.61
142.04
128.96
176.22
184.40
51.78
83.22
63.86
206.70
279.40
286.85
173.58
74.13
193.58
181.09
199.60
263.34
33.35
163.17
276.75
41.56
195.65
171.08
139.48
243.90
93.00
106.09
139.70
98.96
73.02
214.83
7.57
215.06
43.79
183.78
99.45
95.56
267.00
163.31
2.25
246.39
150.15
175.83
20.51
43.73
56.91
220.11
7.06
90.26
83.27
283.81
131.81
278.92
154.88
271.29
222.82
247.87
77.37
62.51
46.83
150.39
277.34
54.39
65.44
21.12
238.16
164.88
116.67
205.15
28.18
118.92
151.54
178.33
294.74
172.05
222.06
51.65
92.15
229.12
141.90
175.42
212.92
273.70
154.33
67.79
244.98
77.14
15.65
22.35
139.65
62.48
172.73
116.98
116.86
238.16
138.09
55.02
103.04
254.75
260.17
131.22
73.66
111.70
9.54
68.40
283.75
231.60
120.04
75.90
160.71
261.94
251.31
73.62
235.63
105.63
141.41
180.61
182.77
157.06
202.95
22.41
219.53
75.67
139.38
36.38
13.83
277.46
91.39
116.86
232.21
51.55
248.07
5.87
163.25
257.61
74.26
146.99
189.20
194.30
222.88
49.90
156.23
174.19
123.52
91.86
279.82
264.92
272.46
162.58
121.97
175.40
184.99
41.49
251.07
24.36
77.86
264.89
1.82
169.25
81.74
234.03
220.80
29.81
239.89
84.04
287.41
14.15
231.03
176.61
208.45
153.91
226.51
64.67
28.09
50.02
156.52
7.90
14.94
128.98
170.48
136.90
4.38
55.46
178.39
255.44
79.82
256.25
220.33
81.63
125.49
2.06
15.65
46.28
31.87
255.54
130.32
19.28
269.68
61.34
195.88
178.12
215.25
122.38
242.79
243.34
172.40
99.31
251.24
187.33
228.28
121.71
24.22
232.66
177.16
202.60
188.09
256.97
158.84
108.41
38.60
284.33
110.47
54.25
30.61
142.33
9.78
160.92
161.60
279.46
222.26
57.48
157.57
137.50
179.85
100.36
80.83
52.24
199.66
32.06
239.57
127.94
153.77
263.78
60.59
30.92
166.38
248.68
287.89
25.22
57.09
26.49
9.55
167.55
80.73
40.15
9.88
90.50
201.06
171.48
69.95
123.31
228.95
227.52
260.81
108.80
27.87
41.63
161.04
227.52
73.69
100.60
55.46
227.45
64.38
116.04
258.37
230.76
64.71
246.26
255.98
121.79
272.74
265.52
289.34
53.47
5.66
299.22
143.97
206.71
170.69
213.91
30.02
99.64
141.43
290.82
208.43
169.30
32.45
69.47
96.82
106.14
170.06
152.27
33.58
234.44
268.30
291.95
165.19
33.01
238.21
121.16
154.80
210.94
86.68
144.13
264.40
92.33
143.34
108.37
299.04
14.03
22.27
29.06
113.66
163.70
19.87
22.09
32.99
52.32
91.55
129.80
158.45
261.60
282.06
192.03
196.04
250.36
183.98
61.22
283.37
122.18
182.38
138.16
33.12
269.05
282.29
297.52
61.38
125.63
105.88
60.41
139.65
128.15
89.46
253.31
291.84
109.33
275.39
24.83
161.64
66.93
154.62
20.09
28.53
136.68
212.12
224.56
87.04
96.09
285.78
70.40
218.27
168.15
208.56
251.38
137.20
190.84
248.89
198.57
16.46
54.76
258.97
156.11
182.90
48.43
109.41
174.74
157.76
84.79
199.56
19.40
151.71
54.18
39.48
180.23
190.86
251.60
104.79
277.89
47.68
90.56
48.29
265.94
258.70
256.85
217.31
95.89
147.68
166.20
294.46
164.14
220.95
253.42
20.24
103.85
1.85
129.64
278.58
159.60
214.43
178.13
178.99
66.14
232.31
218.47
246.36
123.16
170.06
51.15
101.05
217.74
141.70
149.34
183.67
100.39
106.18
100.98
196.28
253.85
267.18
190.73
117.99
188.12
144.15
138.22
291.96
146.00
267.86
270.54
5.60
182.29
148.67
184.58
248.42
80.97
103.05
194.77
204.12
273.10
245.92
5.16
190.84
87.61
154.49
74.51
188.00
260.66
175.48
84.28
214.51
142.66
275.00
32.50
30.77
119.15
170.71
22.73
265.15
138.57
293.27
270.74
20.85
141.93
155.31
269.26
222.89
258.36
164.03
127.00
231.45
109.94
132.16
122.28
197.55
286.65
196.78
85.54
247.31
72.26
169.81
161.81
214.91
144.81
194.31
245.68
263.96
65.02
268.41
229.10
203.58
261.67
199.83
224.43
103.59
55.14
193.69
26.47
13.49
57.72
153.47
244.94
167.65
285.62
67.22
65.19
272.27
264.00
150.73
219.57
36.25
20.53
81.38
251.16
165.34
275.68
196.84
129.29
40.69
165.24
58.39
244.27
126.91
258.21
168.69
230.50
13.34
62.38
256.97
26.83
120.09
110.44
271.76
287.74
96.05
38.97
52.93
68.32
2.96
203.65
287.88
39.21
224.18
69.25
290.37
89.51
44.92
187.21
218.80
85.60
52.44
277.18
29.86
179.35
235.39
198.55
109.85
248.73
260.92
66.81
275.55
81.00
177.24
247.31
68.73
273.29
286.28
121.66
41.60
289.24
25.30
29.47
28.44
249.47
98.71
18.81
38.98
143.63
206.01
257.78
229.23
258.45
234.96
259.08
137.79
170.34
157.63
247.64
119.06
118.55
14.44
94.61
199.55
191.68
41.91
268.28
164.96
28.18
89.93
206.56
17.42
115.22
236.02
45.85
64.69
34.73
64.66
103.67
178.35
270.66
61.44
107.58
229.10
296.39
66.66
66.89
166.73
224.28
14.52
285.79
42.82
28.96
80.39
242.37
220.63
122.30
210.64
85.58
150.48
0.56
292.14
167.89
115.78
228.15
213.74
180.46
262.88
278.39
284.13
141.23
249.05
45.56
248.80
178.14
41.95
15.45
245.03
208.68
239.73
259.55
194.46
282.55
288.50
274.84
224.91
209.13
97.14
135.54
294.71
247.62
136.09
286.84
115.50
251.86
214.99
29.23
132.32
177.86
7.62
116.44
19.08
256.66
162.00
267.88
134.80
203.95
283.32
79.83
112.62
223.04
39.37
7.07
205.59
27.87
281.91
130.49
236.99
79.04
266.02
231.69
26.65
102.10
218.53
142.15
53.96
133.51
171.38
186.28
11.36
178.99
2.71
30.44
135.65
164.70
298.31
270.44
68.65
281.63
50.26
181.26
204.67
89.63
188.32
110.25
117.49
170.22
240.73
54.48
249.26
206.74
286.16
275.91
8.84
204.69
118.05
62.80
38.19
289.42
249.07
49.54
168.41
251.77
79.97
4.05
116.47
78.28
274.49
185.11
59.90
24.74
66.36
264.57
114.37
254.68
74.81
231.85
124.90
15.53
286.32
74.15
222.27
272.48
50.05
231.10
177.16
168.10
293.90
215.35
157.51
242.96
264.88
25.92
194.73
44.85
29.96
11.19
123.13
4.45
196.30
183.02
29.19
262.66
147.58
143.55
217.34
222.39
75.39
42.23
237.91
61.71
116.38
160.18
34.19
166.42
91.28
211.35
34.51
85.17
126.69
192.02
28.12
91.57
217.94
222.84
136.41
247.90
234.03
259.53
252.34
130.33
142.55
281.52
92.99
290.13
125.06
10.32
212.51
200.45
52.54
150.42
262.16
168.91
10.60
296.34
35.33
101.87
207.68
69.84
187.03
34.37
261.86
215.14
125.93
179.79
137.98
262.33
127.68
72.00
221.86
80.02
202.33
64.41
61.53
295.31
54.54
186.59
5.63
267.05
87.04
58.17
117.46
49.19
227.08
128.05
45.53
262.41
229.92
253.21
32.24
116.94
287.57
294.10
32.07
113.49
173.89
170.05
75.82
1.56
242.05
297.68
81.58
144.37
62.08
143.10
139.68
116.61
29.69
145.30
83.66
116.72
203.46
201.12
165.91
130.54
29.16
211.43
92.94
259.08
164.63
125.18
76.01
152.19
119.27
108.08
265.67
293.15
278.12
41.49
294.71
220.16
39.16
76.28
64.53
101.24
219.38
204.20
217.84
249.06
49.50
1.49
65.78
252.96
202.60
231.68
83.49
231.76
143.11
176.42
190.84
7.73
1.59
266.84
159.91
120.86
74.91
125.58
114.00
53.02
167.07
108.70
273.18
206.22
184.97
37.70
7.45
104.35
241.90
225.29
53.40
291.39
226.78
119.18
244.34
129.38
50.86
27.83
61.14
193.96
204.24
251.97
201.68
205.83
218.80
61.59
26.68
293.71
187.17
140.68
46.73
54.23
249.37
19.90
260.44
134.34
57.59
267.89
238.68
299.48
193.17
292.08
290.87
119.94
111.26
235.20
249.32
162.11
263.02
10.45
56.06
167.26
262.42
257.74
73.09
181.21
19.32
99.77
174.92
206.48
240.44
221.64
260.70
189.80
241.53
221.14
24.14
299.12
189.02
262.81
298.60
82.18
254.89
289.46
202.12
66.14
224.66
151.44
228.24
187.68
161.88
284.30
54.93
124.29
242.03
128.02
5.50
261.35
227.78
180.42
167.82
168.21
102.05
128.52
58.01
43.57
49.65
82.14
42.69
238.67
44.95
41.28
20.84
299.83
30.73
222.96
65.97
255.39
74.39
294.21
143.06
236.27
278.50
197.99
60.56
220.53
26.00
66.06
181.87
253.78
246.47
49.69
121.99
48.51
178.20
179.99
92.08
227.85
262.13
134.76
166.51
7.07
176.03
187.35
6.90
206.76
110.31
72.87
162.15
184.69
67.07
5.20
120.96
45.56
203.19
181.51
266.08
229.19
247.57
147.95
182.96
194.03
197.63
4.94
242.54
75.82
184.92
34.61
3.67
147.05
169.36
170.17
154.12
45.39
57.52
161.02
252.15
167.82
233.88
114.29
52.51
0.94
119.49
173.47
46.50
22.67
54.97
12.58
251.85
2.53
160.52
134.81
196.56
58.14
139.74
139.09
133.95
24.66
173.69
137.62
171.70
43.05
7.79
25.82
88.44
65.30
186.83
40.59
233.12
120.70
154.88
285.63
121.64
274.37
159.09
168.13
297.03
214.06
180.70
248.88
216.59
41.21
83.69
113.14
99.35
223.42
252.23
233.30
248.08
125.92
70.91
119.78
168.97
78.69
145.59
257.40
143.99
32.41
297.99
77.11
153.11
152.86
62.73
274.74
127.22
221.82
142.87
124.25
135.87
23.56
73.13
52.46
64.77
156.81
165.59
164.12
80.23
117.82
97.41
28.30
243.73
168.31
148.08
112.69
247.00
293.66
70.09
90.98
26.07
68.07
168.09
179.18
220.93
230.81
153.91
48.15
152.63
296.78
172.40
288.49
20.33
245.52
40.95
85.10
102.33
206.54
249.21
182.55
24.35
46.62
210.85
268.07
214.93
58.92
80.75
161.92
52.58
150.84
252.90
78.65
218.91
120.98
257.82
139.83
51.79
111.73
187.98
204.41
108.50
60.37
192.90
128.83
5.89
233.84
213.93
108.22
140.37
163.14
290.76
164.72
209.75
201.61
132.78
124.67
260.53
213.53
286.59
13.10
64.36
239.49
91.75
283.27
60.47
49.57
123.09
112.25
161.29
11.07
16.66
269.79
71.44
209.56
98.61
77.32
143.40
12.54
185.53
283.77
175.67
176.29
148.48
85.42
77.90
281.26
210.09
38.42
194.78
196.68
51.52
259.14
136.16
143.26
242.41
196.62
192.82
65.50
8.87
54.11
76.56
25.53
23.89
147.99
235.09
122.50
225.31
78.48
135.04
110.84
62.25
10.70
287.13
210.72
96.12
65.02
191.98
6.20
103.43
86.76
202.87
154.94
45.90
39.03
298.19
288.30
235.65
191.01
53.79
244.52
245.11
130.34
270.04
269.00
278.33
205.13
91.50
203.63
283.60
226.53
14.47
45.85
237.23
1.59
256.56
33.34
66.60
148.53
39.53
170.02
235.29
242.40
24.95
281.18
281.42
23.14
269.47
217.07
214.14
23.25
161.58
159.25
153.59
131.62
128.25
131.91
36.74
219.74
35.54
20.34
146.26
50.00
66.18
83.48
51.58
22.74
116.81
118.17
171.27
156.34
288.18
106.55
98.74
13.13
87.72
80.16
36.26
57.18
297.22
250.40
80.43
158.79
109.64
234.01
290.40
237.88
65.92
27.14
157.62
101.45
47.47
3.87
151.44
113.65
87.35
203.01
136.38
204.16
21.18
7.64
60.49
9.35
114.19
159.23
22.47
201.90
239.38
58.73
259.08
236.59
9.12
39.51
95.37
118.76
273.51
85.77
56.63
39.43
112.90
214.24
140.87
160.37
218.11
292.31
274.01
5.45
195.31
110.38
209.61
216.48
118.02
270.10
225.83
232.20
129.32
248.30
134.10
68.69
7.02
93.17
5.27
16.14
132.68
100.64
134.89
106.19
186.40
191.52
145.61
299.30
105.76
286.47
159.67
23.87
278.77
133.67
29.32
174.08
244.05
238.92
90.56
62.07
209.01
16.39
294.27
38.32
264.68
128.36
107.00
271.70
221.53
112.26
287.83
54.20
212.90
122.72
160.38
99.29
14.24
5.98
98.59
119.99
292.45
258.26
143.86
271.22
91.93
173.17
145.29
35.98
112.08
235.85
98.04
21.08
252.23
92.30
59.40
216.91
220.65
166.39
188.60
142.18
278.65
176.43
196.37
191.54
299.15
56.74
290.83
13.38
62.72
89.42
133.37
55.16
47.67
277.22
26.38
139.59
150.38
171.67
175.56
262.46
107.51
273.60
283.54
59.74
65.89
42.93
276.65
286.54
209.32
165.24
128.71
187.96
41.67
25.08
79.50
40.82
81.82
70.32
54.20
144.53
159.73
187.56
199.69
207.40
164.78
226.06
46.98
15.16
97.73
222.54
277.61
205.23
196.13
261.14
264.97
262.02
4.07
241.61
248.55
213.38
106.85
77.26
101.33
148.52
102.33
180.82
189.33
184.14
251.14
243.52
28.67
110.86
131.08
228.35
18.26
295.85
154.41
65.24
11.00
252.13
287.77
288.61
157.36
183.89
249.74
122.33
145.91
253.80
63.93
94.45
167.17
170.78
171.70
268.50
19.29
274.03
149.32
208.62
158.17
100.45
152.14
186.83
211.30
283.21
115.18
229.56
279.06
269.58
294.79
290.06
221.71
282.55
278.66
79.07
166.44
228.40
201.39
12.34
182.20
265.32
106.79
49.37
136.10
278.49
17.86
155.39
252.51
167.17
64.00
110.67
267.61
216.14
297.50
178.91
199.35
112.67
108.46
178.40
82.25
103.25
168.46
3.95
85.79
147.11
83.02
252.23
75.50
284.41
264.57
257.70
249.72
71.35
7.06
85.82
49.84
24.91
241.20
2.34
192.08
5.20
113.01
159.69
221.33
110.50
38.60
120.67
223.17
147.05
299.07
5.41
250.30
167.52
9.36
36.08
14.63
92.37
288.31
90.13
