16
255 171
86 234
213 290
488 64
212 107
29 252
309 441
223 379
215 329
99 146
331 316
170 192
445 100
470 223
366 400
293 121
16
379 355
284 168
343 349
381 450
378 132
258 319
356 137
33 185
236 180
15 52
351 208
497 451
177 220
317 77
12 438
148 392
60
433 60
135 282
441 84
159 73
343 478
429 481
11 113
217 191
129 269
42 337
265 494
14 486
311 92
498 248
241 390
41 174
450 177
456 390
262 114
464 105
92 392
85 104
5 302
296 135
70 338
473 336
331 487
321 141
79 319
390 320
208 431
494 157
108 449
47 370
63 10
475 155
403 59
260 409
362 55
43 432
393 15
268 223
2 88
365 81
407 254
401 114
185 394
272 293
343 319
162 406
330 137
61 232
196 321
141 58
376 184
490 269
200 258
493 202
346 357
284 253
24
184 368
296 78
139 88
421 459
251 327
288 388
388 20
84 208
161 142
84 346
132 353
46 390
345 248
236 201
32 489
312 217
356 107
295 496
196 216
454 448
43 242
336 431
263 421
139 425
15
223 270
195 76
316 85
422 64
321 122
96 309
435 313
165 42
108 160
239 325
114 186
368 357
22 299
119 443
438 43
4
161 314
200 237
130 285
159 194
23
281 291
416 216
104 80
259 213
241 498
37 356
184 406
212 206
204 331
149 142
374 154
303 188
354 40
318 139
199 12
245 481
304 160
196 408
241 455
121 483
453 159
338 136
64 49
70
269 381
492 411
255 145
214 443
500 254
260 138
454 273
384 434
76 44
130 485
285 85
105 267
38 264
105 174
329 155
17 98
35 8
8 290
154 222
233 154
477 493
293 431
265 176
365 342
220 495
326 5
80 431
273 118
195 378
293 24
32 311
122 68
320 131
358 474
353 91
127 330
83 420
260 349
96 124
191 317
119 16
322 200
448 94
319 142
473 111
167 5
423 289
73 242
420 432
216 273
22 343
103 106
263 364
456 360
489 146
176 107
163 499
308 110
92 126
253 65
238 420
70 160
209 144
402 129
75 117
402 98
461 5
205 224
369 160
84 357
63
260 465
470 258
272 80
351 398
333 416
135 253
487 296
463 130
198 91
206 315
494 305
276 499
9 0
367 170
84 223
477 345
187 447
102 459
26 454
357 360
369 493
113 356
288 75
486 486
166 192
301 160
497 77
158 6
78 24
176 162
248 152
7 436
99 109
394 126
62 251
486 432
243 99
287 31
174 273
17 341
466 318
0 463
396 158
469 474
183 144
136 431
297 143
366 396
253 260
22 316
11 7
248 255
106 34
286 281
308 303
122 274
121 122
236 16
281 204
491 465
348 126
395 145
270 261
11
22 21
63 338
32 70
85 287
177 120
73 459
429 376
80 202
498 203
438 13
485 142
3
449 490
130 344
135 400
23
176 422
126 239
260 159
310 346
447 488
467 19
446 395
396 26
97 393
230 35
407 214
177 410
162 167
40 6
302 440
111 479
362 237
217 121
397 26
468 343
14 434
363 460
329 259
98
427 151
216 462
58 431
139 468
92 306
7 99
108 448
210 86
309 447
304 431
344 330
398 186
345 332
49 304
161 308
291 87
460 7
49 17
438 188
486 30
495 494
129 102
441 339
189 250
286 493
180 129
323 78
316 167
411 365
472 71
173 262
159 133
269 208
150 206
397 136
236 391
129 366
493 70
204 181
321 490
174 0
118 497
79 434
163 490
299 134
61 472
396 221
104 165
430 255
372 326
391 108
216 20
474 209
91 177
391 412
167 64
413 285
60 493
219 223
483 17
358 43
490 254
265 93
419 194
349 291
19 240
399 236
260 373
445 352
49 336
264 217
400 176
1 461
168 221
184 150
238 41
194 228
295 459
322 214
153 170
4 173
410 403
409 170
276 354
21 325
189 285
42 89
462 43
49 130
265 234
281 3
275 475
231 69
434 52
283 87
223 288
260 132
191 169
62
467 22
324 292
212 109
334 302
71 378
352 201
142 85
482 145
360 457
376 430
391 429
213 478
151 0
237 284
192 407
86 158
429 411
450 141
20 284
444 91
161 295
293 303
381 275
449 240
231 325
170 121
253 384
99 405
385 337
188 76
243 274
234 172
184 184
313 204
468 257
296 129
51 88
432 432
363 380
172 94
204 343
215 458
226 315
362 110
151 49
187 395
324 421
66 8
105 380
212 73
136 8
202 188
96 133
120 459
13 293
52 218
135 268
175 362
83 37
473 235
87 159
129 411
18
196 419
185 76
131 258
212 139
460 401
235 93
20 194
107 314
247 325
449 15
0 311
98 38
283 334
125 442
463 35
21 159
455 206
235 85
93
448 225
424 348
461 17
369 155
125 182
402 450
131 418
451 442
16 489
224 350
113 165
313 149
186 472
104 393
207 190
357 154
415 281
2 375
299 371
30 424
53 432
374 184
350 324
126 366
313 350
216 427
15 28
75 202
0 180
94 207
370 451
361 285
232 363
160 30
234 190
454 288
121 327
472 472
151 98
337 464
448 52
391 464
81 466
165 81
146 260
289 15
211 149
300 443
12 460
473 247
149 427
34 271
253 6
242 405
104 79
369 52
131 259
15 213
225 181
294 371
441 82
386 151
232 186
93 245
146 66
493 296
493 26
66 246
32 309
150 137
388 18
189 19
277 204
232 1
386 26
373 326
109 259
477 342
445 70
86 91
136 78
387 129
105 454
375 138
262 25
275 150
44 465
169 322
169 402
324 54
429 196
380 37
455 357
77
400 427
466 491
63 44
377 193
150 330
67 288
91 93
63 242
137 27
411 460
196 313
283 251
241 479
131 279
433 488
158 332
415 123
322 479
168 199
171 318
28 239
105 120
333 169
362 470
196 273
429 393
85 212
144 327
190 275
105 123
262 263
455 177
387 277
155 54
476 327
373 3
65 478
124 398
147 486
368 344
258 297
237 344
8 381
170 199
155 276
322 418
39 276
94 426
53 250
481 28
77 353
32 142
331 156
40 479
142 409
322 401
206 58
244 214
439 415
414 94
190 235
11 229
11 106
155 64
357 136
93 434
490 126
76 321
282 116
299 425
25 121
325 231
179 68
446 118
484 359
212 173
94 224
81
105 331
58 169
187 194
263 121
184 389
197 5
171 314
304 95
339 425
420 70
104 489
16 222
473 375
435 145
470 158
48 74
489 106
244 176
301 6
297 485
395 495
491 65
308 294
161 147
219 81
218 324
70 234
46 42
109 481
187 78
138 235
153 127
342 397
304 142
403 100
127 298
95 118
363 404
412 23
51 131
104 269
456 174
3 1
216 112
482 404
191 120
139 344
248 482
240 51
124 143
152 252
441 247
370 304
150 282
327 201
413 432
471 369
106 474
370 323
86 351
227 277
472 367
121 219
348 362
270 472
4 423
223 445
169 92
248 320
374 75
21 287
7 492
156 114
466 25
437 51
377 164
329 348
30 450
67 378
312 338
349 316
-1
72 261
430 165
8 249
39 84
271 326
91 263
483 205
228 7
142 280
384 306
109 232
336 59
299 214
371 136
62 186
396 135
447 326
300 456
74 339
39 346
165 131
108 147
337 336
155 480
116 38
285 225
271 121
284 69
335 154
206 398
340 102
32 287
428 333
242 2
171 282
348 337
413 456
485 250
292 139
229 408
177 14
133 449
136 418
18 471
71 224
369 412
327 402
199 254
234 441
256 406
223 104
243 135
