76
294 351
220 143
397 310
403 488
91 385
193 253
253 126
320 211
86 75
177 430
186 379
470 234
63 490
427 232
206 324
109 0
175 330
144 72
139 46
59 231
432 252
484 184
379 304
395 466
379 71
395 65
451 365
299 13
354 226
245 59
50 355
59 225
185 203
297 325
250 357
55 181
109 39
366 489
344 261
454 222
333 349
288 283
213 87
296 67
313 41
126 363
397 186
88 81
390 386
407 140
243 463
321 353
2 187
342 346
448 296
68 280
144 356
62 358
444 358
425 256
399 51
119 295
238 208
377 127
94 284
268 337
246 88
190 248
275 31
94 223
327 162
2 472
18 64
330 462
423 254
218 321
62
337 116
43 45
494 171
139 277
439 477
23 27
166 272
303 198
366 25
25 28
27 497
46 91
326 7
14 80
225 335
386 62
452 429
107 446
99 246
223 37
222 247
65 389
18 368
86 385
393 112
413 420
108 460
11 435
468 25
15 193
361 401
255 313
330 363
258 430
109 482
468 332
228 32
220 246
400 307
130 292
420 43
211 28
2 223
463 471
248 478
163 109
379 419
422 209
281 180
138 390
161 105
222 389
138 443
135 37
249 266
329 168
309 40
196 312
264 159
282 12
137 446
121 16
74
43 225
144 223
363 34
384 469
256 273
106 198
408 143
448 173
473 116
483 13
313 295
277 473
76 289
110 22
410 126
386 453
352 30
176 214
65 60
183 322
333 289
20 241
433 468
415 406
84 397
419 398
191 195
370 268
485 480
290 394
106 176
347 458
206 23
172 272
83 355
93 417
144 113
158 77
80 72
483 165
469 402
62 160
97 433
428 81
412 218
476 18
394 323
476 100
346 147
372 430
2 466
346 147
78 3
224 159
75 207
324 44
108 387
204 205
319 132
287 231
351 262
249 245
84 225
345 431
373 217
360 376
182 206
22 260
209 246
420 285
454 243
330 61
129 34
267 449
35
53 179
16 316
429 261
401 153
106 331
26 324
190 402
5 396
424 266
105 170
185 390
123 429
220 185
58 254
453 6
420 6
186 437
322 114
198 222
268 305
53 294
128 243
196 134
139 119
400 244
290 85
134 414
13 354
99 72
107 51
79 27
57 265
465 380
380 163
102 148
94
155 443
95 399
138 229
37 258
129 281
47 215
415 462
229 269
60 301
376 111
380 404
169 145
369 49
25 31
152 173
499 307
115 94
205 254
324 243
11 453
23 59
168 439
20 397
207 81
197 83
192 77
487 362
222 356
412 247
387 63
421 385
370 36
480 75
290 303
319 302
256 342
362 424
281 383
320 488
464 16
70 156
94 57
18 316
413 430
63 300
493 485
184 363
20 163
439 311
467 257
113 222
99 475
145 380
358 465
368 321
482 439
478 75
497 496
392 410
425 456
209 418
440 394
280 461
57 218
271 23
476 385
245 74
360 390
455 217
355 322
38 336
260 16
411 256
11 303
165 437
258 374
354 197
267 133
158 324
352 430
348 327
314 92
402 173
483 356
391 337
177 430
173 437
446 83
193 458
386 358
394 144
232 247
341 499
381 500
66
232 429
170 59
243 263
461 417
246 316
307 82
493 237
255 430
182 339
122 139
225 480
32 369
211 280
210 210
160 209
33 393
138 204
452 381
467 413
297 212
228 104
295 221
341 50
150 23
390 273
163 114
253 195
484 464
476 193
174 136
403 207
28 40
411 481
422 378
393 219
90 121
324 386
342 165
437 493
188 326
265 351
441 17
46 424
482 22
116 155
158 19
363 187
59 274
168 482
152 61
200 243
182 23
128 24
189 64
16 377
391 281
228 331
299 275
254 280
297 371
436 456
391 299
143 451
72 311
432 225
373 132
94
54 156
95 78
345 160
95 221
51 377
450 382
175 224
136 456
21 7
391 477
398 189
120 348
262 432
279 487
304 412
454 358
67 49
437 412
210 32
133 261
409 82
142 83
307 279
39 328
286 431
305 184
119 426
31 382
357 311
369 160
222 323
17 289
372 455
201 82
487 334
343 395
416 486
479 222
264 18
50 50
449 356
235 67
281 266
450 137
77 318
297 300
140 315
89 12
270 290
94 256
123 438
151 39
423 130
262 187
148 313
238 96
168 473
164 450
239 114
87 316
432 385
116 72
199 205
85 470
495 179
225 118
116 377
157 39
7 419
226 155
232 464
252 400
436 416
350 174
29 437
491 462
321 106
33 20
312 119
490 307
298 215
425 415
91 82
454 98
1 180
254 233
143 5
132 79
421 482
254 451
419 245
412 239
351 446
259 163
15
248 470
363 463
394 278
54 476
231 152
478 411
407 210
54 412
343 133
333 324
388 283
243 132
195 482
484 141
240 146
43
489 115
69 451
9 347
5 486
77 157
463 489
63 172
42 476
14 176
308 339
64 91
81 196
287 63
180 428
303 326
134 292
442 203
243 452
49 248
437 127
406 399
115 470
71 157
445 86
334 253
425 398
344 6
94 131
69 274
58 373
99 193
164 41
396 407
493 445
155 429
71 60
328 187
29 400
345 475
486 178
227 410
76 71
417 170
42
486 444
261 358
43 454
22 84
350 430
77 295
84 6
367 145
334 53
174 234
398 148
219 76
376 129
152 447
45 323
148 31
266 409
390 310
363 412
394 212
342 472
6 427
478 373
71 312
426 246
45 324
395 264
400 270
394 52
216 440
375 365
471 140
273 360
451 136
272 345
348 114
316 355
40 293
227 111
105 153
358 150
478 252
84
377 21
308 430
237 247
304 101
218 445
375 77
395 11
350 239
359 464
54 214
3 348
442 115
453 94
473 103
72 224
17 449
246 326
378 484
72 182
85 290
126 461
368 21
472 217
260 331
180 315
44 184
163 486
299 116
80 272
219 152
497 236
101 242
62 480
226 134
161 311
425 288
271 293
309 242
10 68
73 190
384 117
375 46
103 174
163 183
446 382
336 443
118 438
185 180
417 411
315 78
222 239
366 493
32 174
235 42
243 308
233 127
426 107
174 28
281 337
212 227
218 48
170 336
486 355
15 402
266 330
481 488
69 346
480 101
20 215
144 264
22 377
391 449
484 64
477 265
402 189
493 119
237 162
456 222
16 472
124 282
302 104
269 372
451 249
474 471
93
117 234
487 494
125 436
478 190
412 243
91 101
235 211
338 397
167 60
413 138
185 195
441 289
464 312
240 213
285 210
177 402
445 164
396 69
99 374
260 11
116 351
112 351
62 451
247 229
10 160
368 195
355 308
485 319
119 224
32 404
435 209
306 380
373 202
449 472
75 208
483 191
59 95
42 121
45 290
351 55
450 218
251 305
25 236
123 144
461 156
48 396
365 354
275 237
56 224
209 131
433 192
323 492
287 365
113 332
155 464
388 104
181 139
410 206
375 33
351 336
189 399
232 53
253 6
291 309
230 500
440 163
191 263
155 478
128 268
310 283
232 197
387 413
336 297
119 211
330 470
46 18
369 278
71 121
285 363
430 15
362 370
178 53
132 333
31 260
101 341
42 333
37 430
246 374
226 365
84 56
335 131
74 203
409 146
66
194 8
254 209
371 123
387 425
256 220
457 15
321 297
58 153
335 489
400 209
215 264
293 271
99 424
346 302
333 492
126 26
0 381
235 372
3 122
296 260
343 252
275 163
49 334
317 385
323 216
93 37
481 386
309 80
310 154
383 142
146 9
169 146
390 405
17 394
26 314
153 369
66 429
32 116
262 350
0 84
66 94
122 47
480 431
127 290
85 9
432 231
18 101
377 408
5 395
301 32
209 455
401 275
383 434
391 145
284 392
229 350
486 352
397 466
283 23
255 368
33 187
98 51
288 476
460 293
371 261
325 79
45
226 355
97 160
245 242
444 136
472 293
121 324
190 87
106 214
342 475
247 29
73 299
317 49
258 110
420 18
436 500
234 161
354 332
322 98
73 265
235 45
58 357
369 249
444 475
463 286
450 209
315 22
7 131
71 266
242 491
285 177
490 18
339 344
350 160
442 424
426 177
469 485
33 337
233 478
312 196
263 261
405 78
284 413
210 355
178 452
346 463
28
336 482
468 179
331 128
120 254
54 298
223 39
332 60
273 309
372 469
72 133
374 150
417 286
360 272
464 312
117 427
441 453
408 408
131 239
35 252
494 90
49 216
129 381
277 402
190 148
371 263
282 244
413 199
29 273
95
494 84
87 420
24 39
328 433
171 67
469 423
60 58
473 277
188 353
53 89
43 202
460 306
485 203
219 183
233 493
153 226
77 241
146 102
281 475
34 452
41 2
374 102
61 347
380 249
200 433
339 243
135 298
49 119
1 269
303 235
261 457
462 338
197 108
440 478
82 475
430 124
478 304
227 38
150 106
287 350
39 125
92 175
424 142
294 426
411 97
160 171
53 122
9 250
230 450
228 312
425 157
437 402
461 163
440 110
270 226
461 309
352 52
484 276
195 278
201 105
375 362
277 428
484 287
178 214
236 406
26 160
63 463
61 24
126 1
134 396
228 94
205 79
147 189
355 342
468 56
448 343
419 224
271 403
10 449
116 247
355 142
408 418
104 470
442 231
471 76
126 198
171 332
278 319
20 133
161 488
190 108
330 108
333 100
10 344
49 127
-1
404 269
499 322
374 468
264 104
438 341
230 136
12 62
415 331
82 47
493 70
237 101
401 346
434 1
357 277
50 484
368 455
252 366
277 126
