54
395 323
309 174
230 302
102 424
461 325
51 48
54 362
196 418
22 232
442 464
335 46
275 478
7 399
442 97
60 339
361 456
162 169
130 392
472 233
315 433
57 366
482 111
228 177
28 250
409 471
213 243
17 489
221 24
387 162
121 448
1 483
403 163
151 32
54 123
265 370
55 323
235 36
435 463
214 464
213 123
434 427
367 452
416 87
476 303
250 97
250 251
79 152
415 231
185 470
355 451
340 411
273 75
448 207
37 161
36
251 284
104 178
150 55
93 238
31 397
488 128
146 239
208 299
153 440
484 123
294 434
463 204
206 37
151 414
75 313
83 327
97 187
4 248
243 98
486 274
495 473
403 141
211 111
440 365
50 424
489 344
357 451
48 63
489 200
477 64
12 60
391 109
248 396
357 491
494 343
264 489
64
167 129
26 278
68 392
328 492
380 172
349 331
220 412
319 421
389 383
433 450
274 42
197 169
400 187
163 242
452 151
57 118
280 84
396 348
476 223
340 355
396 188
186 115
100 4
35 490
388 469
439 161
11 135
331 412
323 494
153 274
144 211
392 424
295 288
272 271
10 112
126 406
300 312
21 401
317 57
391 204
26 329
366 37
465 196
449 287
189 102
60 333
314 453
257 109
240 28
380 251
140 5
157 441
318 179
342 134
236 232
339 262
61 204
300 25
400 249
312 89
351 373
422 165
325 179
274 65
43
153 316
349 159
473 289
478 151
131 111
388 363
450 150
424 153
450 450
53 198
261 142
49 133
64 214
459 243
488 23
451 141
339 299
301 312
88 278
464 219
390 351
82 340
0 6
494 451
456 46
148 217
189 198
350 253
412 309
497 400
333 448
41 172
246 343
484 335
121 448
54 10
298 136
351 299
143 344
249 98
391 398
315 80
95 165
68
7 475
330 408
307 277
449 479
23 292
463 358
413 410
413 424
208 48
274 6
192 118
255 290
8 152
105 89
247 271
423 255
245 252
162 51
29 111
30 53
403 494
411 316
403 323
239 110
372 13
117 64
131 372
355 140
23 460
229 271
230 151
26 476
404 188
27 433
300 58
486 202
51 397
18 455
220 257
65 92
270 182
156 402
53 10
41 77
471 270
348 201
422 374
176 325
62 203
258 362
262 243
64 313
140 83
267 361
340 332
453 110
13 109
11 67
120 52
144 90
323 493
292 244
367 468
68 429
171 326
291 433
69 356
246 210
89
12 70
279 345
23 389
359 133
400 426
253 453
69 344
275 62
135 18
429 103
87 358
275 414
149 208
484 4
454 193
444 467
264 223
311 287
111 170
421 11
95 173
465 165
17 239
227 153
258 155
257 346
12 31
259 161
240 242
166 194
436 110
160 199
333 472
487 445
141 407
457 237
80 421
402 97
160 128
250 418
283 6
264 296
38 22
458 279
264 123
473 200
234 132
399 66
104 385
11 246
292 469
483 372
389 384
469 49
11 219
468 295
226 231
91 265
253 48
43 17
172 15
217 406
148 115
473 252
0 485
498 292
453 480
163 342
364 132
391 376
351 358
170 77
88 262
342 341
310 385
359 483
400 75
389 47
191 362
300 192
347 297
484 299
277 147
140 140
279 31
15 130
389 186
207 477
448 48
65
258 434
176 241
333 252
129 381
443 492
180 134
338 478
118 136
254 265
277 395
44 308
411 175
196 96
382 173
44 431
491 303
364 167
43 197
419 172
77 362
164 257
497 1
235 114
138 489
380 415
384 425
223 294
99 420
391 482
92 436
412 83
238 276
251 281
473 170
454 49
31 117
307 27
119 41
142 257
30 21
172 414
447 395
208 45
314 98
26 407
33 439
491 271
214 241
52 186
412 5
236 443
123 42
470 242
83 112
499 113
133 170
27 80
65 235
125 379
334 152
286 368
91 277
138 306
18 191
493 430
41
228 372
319 270
342 61
354 454
59 468
87 230
495 167
295 230
293 174
63 446
461 431
36 237
69 342
255 260
335 184
457 62
56 276
333 399
337 187
352 397
154 440
126 149
106 421
379 400
95 443
345 55
373 382
292 443
224 47
203 58
231 159
120 288
436 454
186 272
140 38
169 294
478 295
444 84
216 322
484 311
265 329
74
138 210
158 80
435 205
283 493
437 443
113 225
378 66
411 150
206 449
319 0
427 114
445 11
330 267
495 141
31 324
8 169
34 166
249 469
372 32
461 309
475 74
34 353
140 445
2 347
394 322
348 321
436 292
332 266
58 327
408 89
151 416
258 185
82 7
153 455
40 114
263 15
189 298
368 329
243 371
176 137
192 23
458 128
315 290
394 374
116 301
463 267
216 221
453 298
229 105
252 270
220 15
285 410
313 153
238 55
23 415
193 216
438 150
344 253
440 238
127 56
39 90
323 256
311 275
54 40
381 307
310 101
322 95
10 135
248 249
191 272
164 384
488 101
34 332
355 475
16
483 30
109 72
354 365
384 128
419 424
9 225
234 111
47 329
122 183
76 371
375 348
34 259
336 136
293 168
492 267
239 474
61
349 45
151 213
429 280
132 353
289 358
86 401
406 416
22 89
493 394
464 341
429 223
176 64
16 345
56 283
84 30
80 433
76 232
146 5
11 279
358 300
136 445
200 42
360 223
131 353
116 95
193 44
318 369
109 335
214 165
117 299
195 198
231 272
430 377
277 442
155 134
241 292
79 442
335 440
164 467
292 281
61 485
325 380
354 434
214 68
99 332
367 294
30 98
66 461
475 343
402 130
478 143
423 56
84 257
497 249
223 289
29 285
273 355
165 127
288 380
196 387
211 62
38
242 160
247 202
135 90
103 266
67 246
189 124
331 447
120 80
170 410
110 455
183 465
120 310
253 500
5 140
211 68
322 453
229 68
154 365
158 258
131 226
4 320
350 335
266 471
416 437
380 25
392 62
491 11
373 243
10 379
384 221
447 205
174 176
274 328
40 432
86 171
158 90
492 7
426 258
96
341 194
358 367
85 421
357 96
293 100
107 171
485 329
117 189
2 294
463 331
334 395
417 5
52 6
498 60
432 255
38 273
449 397
139 33
317 497
130 109
97 237
280 81
66 398
270 69
191 232
400 25
126 316
31 179
323 28
239 255
283 278
27 232
174 166
265 491
163 396
99 260
132 380
342 199
278 111
268 470
344 167
495 471
484 26
149 307
54 389
61 338
166 88
69 341
255 335
331 419
230 431
178 362
311 20
61 88
131 329
57 476
497 52
446 481
78 95
287 133
485 349
472 151
437 40
492 192
375 322
110 104
253 289
467 63
309 27
151 441
357 209
416 353
261 362
334 340
458 120
474 442
469 445
93 406
486 84
98 360
407 208
464 159
498 431
222 307
459 374
247 315
82 163
168 344
24 1
184 483
122 157
425 90
102 17
497 87
101 94
448 7
62
411 167
301 342
390 107
300 263
355 114
345 17
283 189
42 284
373 24
406 30
449 497
133 466
494 221
67 87
168 75
391 79
242 192
421 131
299 220
395 153
335 240
171 117
429 213
402 302
238 308
332 186
304 466
152 297
186 219
385 354
294 276
433 36
468 354
168 267
74 62
420 409
302 90
26 231
304 429
32 41
236 365
228 39
330 380
337 16
99 222
371 394
498 303
430 466
157 98
232 231
161 151
140 463
242 167
194 46
95 226
87 331
91 315
370 422
195 207
438 294
429 308
187 427
24
116 392
269 215
123 500
376 275
140 339
17 307
32 63
402 259
151 232
350 467
102 272
161 310
209 455
239 17
141 165
129 258
57 398
473 181
398 348
457 37
186 474
345 219
37 247
478 189
96
328 155
81 99
316 392
309 270
130 327
412 295
456 169
353 354
142 33
252 490
490 290
176 464
134 395
0 381
372 190
360 199
345 442
299 161
333 107
432 464
434 343
258 389
12 111
243 154
144 495
144 133
284 320
97 418
215 97
299 87
288 158
286 132
100 84
294 433
192 225
396 125
68 154
14 80
266 257
235 410
252 379
43 35
199 140
454 414
238 253
0 25
412 287
158 11
372 452
445 63
176 341
188 244
496 203
325 261
460 59
170 212
438 214
248 137
354 202
50 92
455 50
117 366
338 276
377 209
227 322
272 404
162 461
147 157
163 473
419 123
31 89
335 470
303 82
106 157
285 157
249 239
207 367
104 45
142 482
254 369
304 26
272 466
487 420
123 150
393 41
273 424
130 108
394 434
191 0
90 476
157 340
214 365
206 319
410 349
301 163
218 104
-1
491 70
176 411
193 326
303 235
99 227
366 207
121 299
398 121
390 374
278 229
88 142
436 407
52 285
208 215
2 312
405 494
382 80
404 75
407 207
310 5
434 176
212 54
475 110
176 365
484 454
94 71
96 30
479 148
315 186
364 318
499 269
311 381
350 215
456 256
422 266
261 356
443 474
410 417
