11
308 64
492 70
441 178
327 322
435 225
19 173
417 462
450 37
297 47
439 15
477 235
82
44 232
443 91
215 399
473 260
206 36
251 276
477 430
103 299
364 329
318 36
245 280
487 282
77 33
221 92
9 456
499 54
188 441
145 404
339 117
164 44
154 416
321 131
345 424
430 209
253 248
246 498
28 232
280 105
265 0
198 275
457 197
329 145
137 474
48 477
91 213
21 245
128 343
376 474
267 305
182 19
53 429
16 81
160 297
186 426
297 385
200 253
81 28
398 219
2 447
195 94
159 217
339 288
59 215
261 326
20 443
345 73
372 362
154 31
158 341
458 455
225 158
208 307
187 106
25 189
53 221
284 212
439 123
500 498
338 261
323 359
203 168
432 74
29 86
106 187
428 64
142 153
222 350
460 409
457 486
98 9
207 382
222 145
3
222 142
343 483
466 201
39
134 133
261 163
219 367
351 146
431 493
299 153
343 259
61 300
245 159
309 452
40 31
96 45
253 239
388 235
205 88
422 339
221 182
2 441
49 353
87 480
346 387
133 189
146 194
489 391
353 298
342 394
329 439
439 81
178 327
317 383
415 238
222 136
420 225
77 469
78 165
449 424
52 81
112 198
276 100
20
129 398
431 23
226 369
463 308
47 289
125 430
204 364
152 341
283 378
418 252
456 83
201 379
135 283
492 333
58 91
422 188
490 352
211 216
221 173
24 268
93
149 198
165 13
351 6
296 228
425 48
183 7
250 62
142 32
53 476
91 145
397 279
134 249
490 351
470 163
376 237
124 25
435 290
38 286
297 334
13 221
383 196
228 132
258 370
165 311
346 256
457 242
35 91
492 25
442 461
188 317
198 313
342 133
103 380
419 400
214 432
120 97
127 349
230 386
219 395
197 64
151 153
307 186
244 298
211 186
258 400
3 456
213 346
89 316
225 7
216 440
439 336
37 66
185 267
453 404
161 149
468 313
303 274
499 47
71 210
233 330
110 236
286 323
81 375
139 307
383 355
247 322
191 284
389 376
50 341
279 212
491 246
25 294
20 24
341 92
235 73
423 345
310 209
168 391
83 307
198 467
161 445
288 352
228 177
227 279
17 6
492 8
253 17
302 273
41 142
366 276
216 288
121 25
497 289
84
80 95
114 47
257 58
335 108
287 12
336 66
29 342
58 38
94 75
341 368
116 483
233 393
199 21
14 224
17 303
140 98
399 254
145 155
313 481
264 99
493 99
165 22
441 224
61 35
299 402
403 416
384 135
309 83
156 323
307 174
126 447
273 24
201 419
180 13
400 444
112 392
42 278
415 484
1 476
18 301
377 422
216 261
56 25
344 213
348 151
388 474
98 160
499 299
78 178
312 478
122 425
370 165
203 285
148 205
260 167
5 137
88 222
399 145
247 243
358 94
394 245
68 492
406 66
291 485
245 103
462 367
28 332
31 231
116 180
436 377
348 442
14 436
163 413
81 410
156 440
4 49
184 73
41 90
139 332
74 385
436 36
252 464
368 283
195 485
93
130 361
311 72
376 247
235 288
328 145
444 267
149 494
452 222
35 41
362 367
116 247
303 152
499 266
20 282
461 4
245 91
366 55
163 241
302 399
29 130
43 474
397 193
467 348
416 1
390 278
369 5
24 172
157 23
438 177
305 399
182 49
491 47
104 154
289 407
52 318
36 96
292 434
290 258
282 205
260 171
484 129
177 8
301 335
31 239
12 336
138 194
386 129
242 491
283 30
397 336
349 434
433 140
367 222
399 149
428 159
320 412
288 498
420 89
332 451
329 344
287 468
37 172
96 279
162 380
310 59
215 158
494 148
298 361
371 197
9 298
356 330
210 144
327 129
234 158
80 62
2 368
30 40
39 126
319 202
5 129
262 221
287 256
370 85
116 240
282 125
38 138
455 248
282 282
378 15
441 458
78 443
326 108
483 365
48
302 67
241 431
330 462
218 85
332 304
201 71
86 327
110 224
282 359
5 63
236 21
3 194
99 446
19 207
429 385
442 230
453 182
161 282
144 379
368 477
183 69
48 269
396 158
493 178
16 499
241 252
19 245
447 119
191 466
326 119
350 268
350 302
451 10
84 95
389 452
72 71
21 120
341 418
278 334
95 295
332 337
46 352
81 494
471 273
459 297
392 309
65 241
111 16
52
195 112
140 147
184 212
169 304
53 86
82 387
181 377
218 17
424 70
99 417
40 373
375 338
265 184
403 5
295 419
258 491
30 399
137 215
110 306
18 163
392 100
50 73
477 268
91 400
339 191
316 379
63 191
216 328
375 119
334 170
38 91
160 69
490 298
284 100
103 303
264 496
403 314
69 380
82 160
280 421
352 96
300 415
288 16
242 162
135 75
333 174
167 493
243 156
290 27
257 394
330 20
390 233
68
459 113
417 119
393 337
471 490
137 386
277 153
127 440
289 203
272 463
371 264
206 26
54 233
284 448
63 304
337 297
138 296
410 54
416 303
392 387
292 28
272 68
182 400
8 471
102 280
433 474
44 139
0 98
373 284
45 437
87 383
233 226
179 143
281 94
446 173
481 238
201 252
307 384
151 315
354 254
94 287
228 138
426 228
237 299
11 282
235 99
165 468
325 344
111 105
439 57
278 420
295 480
172 102
363 324
417 217
77 11
4 305
150 431
32 387
229 44
169 464
143 335
431 468
179 41
73 117
98 352
36 394
332 208
496 194
9
413 412
109 425
416 415
75 346
448 462
74 492
131 38
134 466
470 102
31
11 176
262 110
27 298
3 359
6 500
53 38
413 466
147 337
381 61
412 227
9 374
302 0
5 340
135 472
309 238
115 320
414 378
430 442
176 434
300 182
434 354
220 346
319 368
183 200
430 94
427 439
469 229
440 474
68 75
445 378
313 60
41
227 438
128 169
114 61
470 296
496 323
16 341
141 384
23 341
313 118
268 252
86 497
191 60
65 266
4 443
79 65
141 307
3 269
476 117
331 445
414 326
268 430
167 409
314 190
250 126
308 17
379 395
14 69
455 79
336 460
22 415
25 163
222 28
432 197
145 263
142 59
89 410
489 256
319 303
446 68
430 254
86 308
32
100 377
103 180
212 63
202 127
88 365
349 116
297 46
262 60
189 321
149 99
310 405
418 112
351 487
41 104
73 349
253 174
226 357
354 439
420 55
65 7
421 415
124 218
461 386
278 150
207 427
249 16
332 167
129 182
153 171
287 227
19 40
401 246
80
254 184
316 310
250 324
230 164
448 449
125 333
226 275
40 152
24 56
484 191
186 166
345 357
453 71
377 493
472 122
390 226
307 205
35 56
29 266
220 477
214 346
310 441
120 350
93 144
407 77
336 93
243 180
450 196
251 327
188 223
449 77
449 256
283 485
312 313
251 32
290 466
378 99
406 499
450 499
143 357
75 479
450 319
158 400
14 410
226 203
132 174
281 80
431 64
65 243
377 316
275 166
281 153
266 187
152 216
186 295
72 262
274 22
80 433
422 95
342 147
298 474
322 79
54 252
143 119
496 20
435 270
187 216
424 454
404 75
169 89
371 242
351 144
265 432
77 186
27 419
334 326
392 155
405 446
408 48
65 403
-1
0 173
256 216
97 210
119 173
380 209
43 121
60 188
387 492
265 72
18 183
407 345
75 62
249 21
