52
425 406
273 424
482 354
323 161
87 174
347 109
442 292
102 490
215 107
156 309
472 182
273 17
290 386
173 252
131 390
4 56
295 277
480 276
131 302
438 219
477 284
328 418
76 430
407 291
37 62
99 8
245 373
26 35
258 200
287 390
89 292
446 385
68 425
161 200
227 98
419 204
383 247
121 459
176 28
250 214
91 350
223 337
222 250
372 481
450 158
370 39
450 315
424 18
240 85
218 468
183 137
171 66
78
293 24
60 321
275 274
412 124
497 249
347 247
120 327
197 278
196 236
228 11
160 246
251 245
465 219
429 101
390 496
485 182
19 44
3 295
319 415
420 316
164 266
62 284
93 259
61 290
496 289
301 155
35 52
401 500
271 330
100 161
325 85
343 345
130 346
140 449
261 59
264 425
326 327
208 420
85 270
209 81
59 10
237 94
62 138
93 334
468 194
495 293
279 338
137 409
183 278
357 445
337 121
370 163
448 77
82 33
348 291
114 407
301 352
0 364
490 94
198 457
288 193
250 66
30 388
476 214
165 332
159 2
454 28
165 402
106 247
435 454
38 49
361 340
402 361
203 391
455 402
348 243
94 97
309 125
98
284 339
150 116
498 152
70 25
317 472
132 63
407 85
101 457
446 441
358 307
144 248
262 46
95 4
140 193
314 265
178 98
104 328
214 101
480 285
127 296
256 259
360 163
345 462
119 291
403 478
97 46
225 359
93 321
364 233
14 177
499 192
275 102
19 490
204 499
274 332
295 30
91 154
193 437
115 313
227 17
290 324
64 15
183 157
336 46
391 350
223 390
42 499
493 61
489 197
60 262
28 355
293 120
8 487
56 124
299 283
142 88
107 206
103 290
364 440
337 255
290 60
144 332
58 136
393 46
333 454
309 362
308 101
483 316
88 38
441 387
322 82
475 430
288 78
220 152
17 56
407 307
117 51
139 175
187 31
222 20
486 31
383 293
133 365
109 221
404 49
107 226
131 82
155 420
160 376
71 177
433 479
485 49
29 123
225 216
155 447
237 140
478 119
433 110
97
41 331
387 90
439 112
222 20
268 141
180 144
212 358
76 190
342 125
219 465
351 436
120 297
172 260
275 292
193 386
275 235
217 162
326 155
275 47
176 42
188 356
187 401
213 263
91 55
389 311
20 239
246 140
36 419
401 312
210 93
197 486
328 415
147 153
70 423
200 246
465 389
102 151
289 316
415 380
371 303
191 391
42 437
31 78
356 432
390 66
25 87
52 353
2 200
6 72
122 207
319 87
95 421
239 385
236 153
265 107
457 456
499 499
393 29
77 249
462 467
315 487
54 368
340 56
67 346
129 189
52 448
276 148
369 15
32 105
168 298
212 125
253 211
123 145
240 200
395 202
167 210
188 222
77 27
278 144
374 408
334 426
355 110
73 223
125 106
328 294
404 40
419 157
251 42
303 492
243 197
194 411
407 382
132 484
410 411
128 283
318 462
209 172
17
283 396
197 390
224 491
294 264
410 451
15 453
254 7
195 451
201 105
358 83
238 341
493 148
470 276
466 432
486 138
3 268
34 200
33
258 191
452 22
100 402
38 52
155 45
248 106
246 354
464 329
91 305
322 239
274 98
205 206
83 344
209 352
379 409
10 136
99 462
159 200
364 197
253 19
243 1
125 490
355 89
319 446
395 141
185 169
239 390
375 323
234 83
175 112
493 185
249 92
146 409
60
10 106
45 29
349 46
155 339
401 245
157 347
139 298
31 309
36 422
183 360
155 266
34 268
258 219
16 351
366 426
142 376
31 188
406 380
235 61
218 136
306 376
483 446
173 13
254 210
435 437
70 90
203 104
358 462
324 375
312 190
300 455
66 331
143 472
211 378
33 430
13 339
305 496
284 479
8 38
189 444
475 259
33 178
364 391
140 187
265 452
378 65
407 444
396 49
416 106
427 449
36 440
287 341
436 71
320 445
109 8
388 84
267 421
263 130
312 403
318 77
72
195 142
260 138
37 310
53 144
236 2
181 176
289 21
111 361
342 55
471 350
443 55
117 364
318 248
175 220
65 253
74 261
395 335
400 433
144 454
77 380
456 258
56 245
280 167
105 121
223 76
471 166
131 88
29 449
336 205
169 402
458 243
163 352
77 63
285 221
16 362
101 473
119 157
217 400
325 323
20 47
399 492
214 29
79 244
479 416
449 147
318 407
390 481
259 468
43 43
188 60
406 290
32 25
448 250
425 272
72 445
320 472
437 34
0 15
278 479
432 226
126 249
133 15
230 392
483 274
436 171
334 341
462 366
366 409
116 290
181 188
234 1
159 170
9
160 186
314 139
118 40
265 367
173 280
97 64
263 371
500 435
204 340
-1
70 206
304 186
496 486
375 230
487 34
401 22
194 87
336 333
205 376
98 72
49 378
169 114
141 39
113 75
244 454
471 315
159 275
1 155
261 376
385 248
410 286
270 104
373 106
437 77
483 34
149 31
413 319
145 54
359 259
129 103
213 100
418 373
376 419
27 136
295 413
384 204
198 153
309 71
260 245
149 243
280 299
274 193
117 420
247 476
179 377
78 393
477 497
265 352
416 293
488 210
205 371
415 404
24 223
476 285
469 124
27 248
423 302
442 39
222 188
15 401
65 94
293 41
90 58
394 5
351 382
216 56
252 130
460 277
353 435
62 321
58 89
69 482
391 10
20 113
199 36
13 264
130 307
306 221
365 199
