63
-122 -24 -95 -39 124 69 -15 -43 22 94 102 47 1 95 27 114 -108 89 -46 -127 76 34 -76 -84 -1 -43 68 -81 109 -64 79 115 40 111 -52 37 52 60 121 -54 27 95 121 -100 63 20 -113 82 -19 -31 83 -70 -125 -121 -27 2 -36 -87 48 -54 -23 -1 -67 
-111 -18 8 53 -93 -59 46 -20 96 14 -27 124 -51 121 -117 -96 -26 -21 114 31 -18 121 -123 111 -43 -82 32 31 22 -97 91 39 13 -28 -36 47 41 -117 -101 9 25 0 5 102 -7 16 -121 95 122 120 -1 -23 113 3 -39 -57 49 120 101 -57 -105 65 109 
35 -90 -54 -45 78 -43 -18 -41 110 109 91 85 -25 -21 91 -58 -26 83 69 78 69 -55 -89 -115 121 -96 114 -63 -74 52 -81 89 89 -7 -83 39 77 26 125 60 8 89 17 110 -59 -20 -75 43 -64 121 -6 -122 -62 32 -109 -68 64 -122 -4 117 57 42 79 
18 -93 123 -70 112 22 -73 45 -98 -111 -66 -116 -42 42 -64 -127 106 -70 -6 112 -5 -101 -125 54 90 -119 -77 80 65 92 31 -44 127 27 13 112 -79 68 29 -50 84 91 -39 -85 5 25 -85 -16 82 36 -32 -50 63 -29 -123 25 -20 -73 -23 -83 -108 -119 0 
-109 35 -114 -124 84 81 32 -94 38 -5 -5 80 -127 -108 123 -15 102 31 81 -76 -34 -75 -72 119 32 -18 -32 76 2 -23 -51 21 -115 -38 24 96 -84 -72 -126 81 51 -3 34 51 17 29 -91 -9 -68 117 43 26 -86 99 18 73 -46 114 21 83 -37 98 -24 
-25 -68 127 -57 -25 -72 -55 -71 106 70 90 30 -41 -9 66 78 51 55 -7 -50 96 -35 95 42 46 81 -65 1 -84 -94 104 19 -34 104 90 69 -96 -92 125 -118 105 88 40 -64 -49 -22 -113 -126 -94 8 -48 -126 100 -81 43 18 127 106 -109 -84 -115 123 63 
-22 100 25 -81 -124 61 -83 -114 38 -123 53 102 -44 -96 116 -42 -63 -4 37 -61 -32 84 110 114 84 89 -122 -127 101 -127 63 -48 100 -39 -1 104 -106 44 117 59 48 43 34 -123 74 22 -37 -116 -109 127 -50 -14 83 -67 -27 39 -106 -22 39 123 -22 -25 -53 
-49 63 74 -73 85 -10 -83 17 -89 87 -77 -85 34 72 5 45 90 5 123 -51 -39 -72 49 -127 -50 -101 40 -54 5 -113 20 84 78 -33 -117 36 84 -72 -75 122 -113 -25 -90 49 -80 43 -33 -117 -79 -38 -40 9 18 -119 10 96 -92 -78 -86 41 -63 62 -3 
-112 -99 8 51 113 63 104 108 78 -48 -110 -1 -1 61 93 10 109 -72 97 -9 73 106 -126 42 -113 -77 83 55 -12 17 -75 3 46 60 -73 31 -4 -96 11 -54 -17 29 73 110 -37 38 -8 -55 94 -38 63 40 -60 64 -46 -45 115 -91 -118 -24 54 -65 107 
-28 122 -94 -124 -9 -62 15 64 48 -84 10 30 6 -79 -105 78 -113 -16 14 54 52 -49 -120 -121 -61 -83 -111 42 99 -49 21 -56 -54 55 -53 64 120 89 1 41 -123 -116 -56 11 -68 -34 -38 -54 78 103 -127 3 -73 -119 10 -7 -75 26 -92 -104 105 57 -33 
-77 -16 42 115 -23 3 -11 -110 8 1 -39 -108 60 54 -19 -121 5 -43 -121 -119 12 -113 18 -122 -60 -84 -87 -36 -106 97 58 -56 -46 -27 -68 58 103 49 75 -16 -78 -92 4 110 90 112 116 -32 -58 122 -24 81 -118 121 87 -51 -90 127 40 -69 97 -29 3 
-76 72 63 109 48 -15 57 -96 34 93 35 17 55 20 5 -104 90 0 -1 43 10 -7 3 87 31 2 0 89 -28 98 -35 23 43 -100 5 -37 12 -66 -6 -81 -101 -98 63 82 50 -59 105 12 69 -23 -72 -49 98 58 -90 1 -67 37 -37 33 8 55 -71 
-77 83 61 13 -32 123 -120 14 -106 -90 -50 104 88 19 82 -28 -40 -68 28 38 -98 -41 75 31 20 -16 122 -74 120 49 -18 -85 5 -85 55 100 -90 63 -13 -68 100 65 -92 60 -44 118 -95 43 -78 61 -47 -48 -107 -99 110 40 13 104 93 5 26 -52 47 
-96 -10 -25 -124 28 -90 -9 87 -117 -72 123 70 11 113 103 -73 -92 36 8 -13 57 36 -30 -30 -79 -53 -65 54 100 11 -26 -123 -127 76 -120 28 114 -1 -12 124 54 -16 67 -62 -30 43 -8 5 -49 -127 120 -119 36 -38 -22 85 36 41 11 9 -76 112 13 
-76 61 21 80 47 -108 -59 44 74 52 -17 -115 -105 -102 4 27 -23 4 19 -15 -87 108 91 126 17 4 9 -102 55 -6 39 107 -73 -68 60 102 -48 -127 18 -102 53 -126 -89 75 -100 42 -25 5 -81 121 118 -40 102 81 -42 -8 -43 95 17 -115 -39 -71 119 
16 -12 51 -9 68 52 -119 94 -23 -117 -123 -75 -90 47 27 43 94 21 33 -74 -5 -13 12 115 72 -21 4 84 68 61 76 -43 -79 0 75 117 -76 84 83 29 94 87 81 -123 6 -19 47 -28 -126 -47 26 -3 67 -90 -16 12 17 116 -32 -42 49 -83 42 
98 44 -11 87 96 -55 43 -2 -88 2 -48 -83 -119 60 92 -19 62 -83 -120 -69 112 -82 43 -3 62 31 92 -108 -47 -118 62 -77 54 -77 -117 22 -4 53 -107 36 -72 -28 80 -63 -96 44 45 93 89 52 -103 74 97 67 -57 32 -29 -92 52 51 -83 -14 102 
99 37 113 -7 -95 38 13 69 94 113 22 -97 -111 -61 75 110 -100 0 -120 102 -30 74 -83 -126 -83 -47 53 96 -2 -88 71 -31 76 56 89 109 -34 -25 50 -67 -40 -56 -37 -23 10 -89 -40 38 39 -33 12 -119 -86 57 -117 -41 -118 64 -72 7 103 126 103 
51 54 65 32 -107 -87 -46 -47 1 26 43 105 -91 82 -62 74 -7 33 -42 2 75 -112 12 -94 -103 -51 -38 32 -76 -40 7 102 -114 -56 7 -94 -15 89 -14 113 -13 -98 91 24 111 -99 -30 -23 62 56 106 9 71 -9 43 96 67 -123 0 118 -36 -121 93 
-22 -49 -27 12 63 -66 126 48 49 -100 12 -55 -116 40 43 -11 -25 -29 -33 112 -85 86 27 -117 25 32 10 16 124 17 -18 -26 95 82 114 31 -111 112 -48 65 -116 91 -117 -104 4 53 12 106 -104 107 90 -62 65 -10 -52 -37 -105 86 106 -109 -25 -39 -7 
-57 -85 -21 102 -68 -37 -74 124 -25 -110 -120 -1 21 60 -116 0 84 119 -37 -106 57 81 -30 -108 103 -71 126 121 31 -41 -14 102 2 93 76 61 -71 -125 58 31 -108 65 -97 41 -2 -86 -86 -46 -94 4 -25 90 -43 73 110 -68 -126 108 -74 33 -60 40 8 
70 5 -44 4 61 -42 -65 -35 -22 127 -4 -108 -3 38 -67 78 71 65 -74 33 -105 127 15 -45 -126 -4 8 35 64 -79 -85 7 53 -1 -116 -13 84 -54 80 -65 -54 -51 -46 71 114 15 22 57 -47 76 -37 -25 75 106 58 77 -25 -61 -16 -88 -13 27 46 
-87 -102 57 28 110 -124 -20 -83 -51 57 -1 -108 43 -113 41 -27 -33 -11 63 70 -63 41 0 -113 -111 67 -1 -72 -74 -102 101 -34 -76 31 121 -94 35 -26 -49 111 -97 78 -124 74 93 45 -81 -68 -93 109 -125 -29 23 3 -14 39 -58 112 95 -5 -117 69 89 
-66 -28 82 -33 -121 -72 46 118 -41 -4 121 -95 -39 38 -49 21 72 -67 24 -84 84 -100 29 -4 -31 14 -37 92 24 -96 53 85 4 8 -75 11 64 98 2 -105 -33 -4 -72 56 -94 7 -50 106 67 101 -105 24 -126 52 -108 -30 -62 -18 -65 89 14 116 46 
-109 -4 98 30 -68 69 -96 -45 -91 27 11 92 61 -110 -86 40 84 -112 62 -20 -111 -14 0 -13 51 110 50 12 -4 38 -69 15 -93 -98 -83 -33 98 -51 49 -121 103 -68 99 37 -50 -114 -51 -94 -99 -117 14 -82 -3 -114 33 -80 124 -44 60 -7 121 118 -120 
-100 -107 -75 -6 118 1 -84 125 -23 -24 96 -113 53 109 -37 87 -117 -26 -26 -71 99 -12 90 -109 -16 -82 79 104 -88 70 112 -61 90 -91 61 81 38 105 78 -112 -47 47 -98 -122 28 -7 93 39 95 -61 95 66 54 57 85 -90 103 36 -113 -113 -21 126 -46 
-58 -92 -113 -105 73 119 101 89 -55 20 119 -49 -80 -16 -84 87 -49 -17 54 -110 -91 -16 102 -53 -41 11 -39 -26 117 -40 55 -69 -5 70 -47 -59 61 -74 -98 -121 74 -107 -43 122 5 1 81 84 111 7 101 -108 119 75 -33 -49 -42 55 52 -52 -113 -21 6 
10 -79 87 78 110 -114 107 116 87 -127 -54 81 5 74 34 -39 57 -86 -65 77 -94 -117 -84 -16 -32 99 -92 44 114 15 -78 -4 64 -118 -54 47 -105 -74 36 110 -73 109 64 59 56 -29 -107 -15 13 -44 -65 46 -34 -22 -98 62 -51 -62 -22 -64 81 27 59 
17 37 -122 -64 60 -68 99 43 -14 81 -21 -83 9 78 -62 121 -37 21 -71 -118 114 34 -88 49 111 -23 -101 -81 -69 54 106 75 -37 111 -116 -105 -84 111 65 29 64 -83 73 -55 122 -116 -61 -42 33 -5 -33 20 -98 6 -59 -115 111 -33 -68 -85 -107 -89 117 
-17 -105 -126 6 -62 112 -57 94 48 -12 40 121 -18 51 -68 68 -43 55 -93 104 84 41 -83 97 25 11 -98 67 32 -60 57 -113 -37 58 20 28 43 91 -5 -37 -49 -93 -43 61 86 17 1 -85 -56 36 -109 -99 -51 -64 125 102 75 -100 42 -21 -32 -29 -7 
58 -98 -114 -41 72 105 81 -92 -72 116 -8 117 74 -119 -10 117 -47 -102 -119 -19 -25 -56 -21 -50 -108 6 119 -2 102 -38 119 33 -9 -122 119 -64 110 73 -29 -89 61 91 -100 8 99 18 -2 -75 44 6 33 -109 78 -115 -32 97 18 -40 -32 -7 49 -41 -102 
-87 -36 -110 -23 -53 90 75 -15 24 38 13 -95 10 -97 30 62 74 -91 -32 93 115 -20 -66 85 126 21 -75 -9 -57 12 17 -17 103 34 88 -78 -3 35 35 -107 -54 -80 -74 84 -49 84 18 -102 120 114 119 108 -34 -75 65 -35 73 118 83 -112 2 -27 -1 
-22 -121 -41 28 3 122 -65 24 -59 -17 78 -103 62 34 43 87 27 29 78 7 122 -124 -55 -41 76 -64 -85 92 65 15 -36 -85 22 51 71 -102 46 -122 50 114 -12 0 -117 -77 -94 53 -118 60 -45 88 -60 -51 91 12 36 40 76 79 5 13 -33 97 56 
116 20 -1 -114 -61 5 64 -75 121 -64 -64 -84 -31 117 -74 -98 -56 -114 -31 21 105 109 -70 18 57 -119 -105 -57 -25 120 127 -37 13 -2 -23 79 -124 -87 -123 124 -23 -60 -88 74 -70 -35 103 2 -21 -55 -105 -43 -73 -48 102 111 -39 125 -73 63 117 -74 -101 
2 52 4 -46 55 45 -42 52 -106 26 92 95 84 -71 71 -42 36 -112 -19 121 -57 61 96 -74 -106 93 -19 84 83 34 111 -42 -41 -13 40 -113 -96 125 66 -74 24 30 -106 -20 87 92 65 -4 108 -81 -11 -77 107 -43 -23 -127 -77 85 85 -121 -8 69 -36 
78 -72 -123 92 -40 -126 31 14 26 -67 35 -122 -108 -1 71 16 -20 117 -123 30 96 -39 -121 97 12 92 55 18 -44 -4 110 -93 52 114 127 -115 116 30 26 14 91 -67 20 111 60 -37 -1 -88 -47 3 70 -78 92 77 -109 -23 41 73 122 125 -58 105 -95 
121 91 -96 -122 80 62 31 -33 25 92 114 9 24 -51 -120 64 29 11 6 79 -24 -44 97 80 124 43 75 122 112 52 -101 105 16 -69 111 -31 121 14 63 18 -21 49 -100 -125 126 -93 67 28 46 -54 -21 -106 29 -52 102 26 119 50 20 104 -25 47 81 
119 106 65 -40 99 -48 -104 -10 58 72 17 61 70 52 0 -29 -30 73 77 -8 -25 -102 -33 -127 -111 -111 21 120 -9 -60 74 -17 -81 12 70 -110 91 93 7 21 38 -103 -46 -19 76 81 79 -81 27 28 38 -126 54 -122 -126 71 -106 22 63 13 90 10 123 
-119 -106 66 -101 112 32 33 6 -58 58 87 51 7 40 2 53 -60 -97 -36 -59 84 -31 -57 27 -10 92 -37 -124 55 101 126 63 123 64 89 108 -31 -5 -14 38 -74 -55 -39 60 113 91 -15 -75 121 76 -7 78 -82 64 -22 36 28 69 39 -44 42 38 -108 
38 -25 109 18 71 -23 -124 -19 30 -52 70 -38 -67 34 75 -14 28 23 107 -22 69 43 84 -23 -56 25 -112 27 -60 53 46 106 -99 28 -4 99 -123 -1 -47 34 75 -105 124 -119 57 71 -5 -43 -33 -26 63 -92 -111 19 13 -40 -83 28 115 -15 -46 34 -37 
-18 -66 87 -46 -61 -41 34 100 -94 57 97 -85 -14 40 37 70 -120 -117 5 -84 -100 -103 56 -12 -59 -43 -25 54 38 -119 -111 -107 -57 103 -26 9 -66 -119 -18 -32 65 -49 11 -77 119 -79 121 127 -68 -1 -85 -41 23 98 74 91 -72 -78 18 93 -69 34 114 
1 10 -39 -118 72 -31 -9 -87 -94 70 51 -43 62 99 -49 61 -96 77 103 -10 -28 74 -63 -64 -126 -14 81 95 44 -12 82 -82 125 -85 -73 70 11 46 110 45 -11 34 -126 -77 5 -48 111 36 -99 87 -101 1 34 -36 64 36 77 18 4 -6 -122 -42 39 
-125 1 94 72 -116 13 54 57 -126 -40 58 -75 93 -117 -91 2 -88 124 29 41 30 120 -23 -61 70 122 70 -64 127 -99 103 -125 29 70 75 40 -45 2 -31 -43 90 -100 9 56 -89 46 -70 -49 42 87 119 -56 79 -31 11 21 -36 -47 85 -36 -19 61 -34 
-118 4 -86 50 87 43 -108 -83 5 -80 54 -67 -41 -28 -9 37 -114 -50 29 -42 -98 125 96 51 -38 -78 9 53 31 -57 -108 41 74 -67 -36 33 103 -16 77 -19 31 3 42 118 103 -95 28 116 -17 -71 -53 12 -73 -85 -65 16 -35 72 -58 123 -113 -39 36 
88 22 127 -6 -3 -17 -56 106 -113 75 20 -123 50 53 33 38 -92 89 113 48 -111 -100 111 33 -8 55 102 -12 69 -65 -103 30 84 -104 -103 -46 7 -31 -67 22 -84 80 27 93 5 -68 4 41 -106 -11 -39 -89 17 -56 71 -118 126 45 -2 68 108 22 -29 
65 46 -5 -109 -74 91 -48 75 -120 -96 -25 101 37 34 -22 -49 56 95 39 94 -16 110 37 -6 109 -45 119 50 -65 13 -107 -127 -68 16 -109 -15 -20 -29 -68 -12 2 34 -39 -88 -59 66 -10 124 33 -98 91 -110 -115 0 11 122 83 3 44 -110 -111 65 -110 
-52 -46 -91 60 62 8 119 -78 -117 26 11 -78 94 -50 40 91 110 69 54 -127 82 -73 12 76 -118 -113 -8 -100 -96 -70 -82 -21 12 -45 -89 -54 90 -97 -4 100 57 -121 -105 24 -43 63 -13 -60 5 -86 -60 -41 -31 79 -93 -22 94 27 6 125 84 52 -23 
-31 -120 16 42 98 47 -89 70 -24 -83 93 -127 2 28 -12 69 -95 29 -119 -8 125 88 26 -24 54 -74 110 52 -117 35 -98 -21 42 45 -107 12 -36 -69 -45 68 -24 -80 68 105 76 -72 46 109 85 55 -27 83 15 127 -68 -58 -75 -86 122 -65 76 -104 41 
-9 69 62 -125 -94 120 -43 102 -31 5 42 -53 -47 98 120 -65 56 47 35 12 -65 35 71 5 87 113 -1 -105 62 23 63 -75 -36 -3 -72 -3 -10 12 -29 86 -110 -114 -94 -29 112 -102 33 41 73 -59 -75 -119 103 123 13 63 109 -116 85 43 34 20 95 
126 -110 -105 -5 8 35 94 -33 53 108 0 -104 92 25 56 5 -29 125 58 -21 101 53 120 36 34 -124 -7 -50 38 -114 -82 37 -96 -59 -96 39 104 126 -122 29 106 5 52 71 -97 -19 -52 1 -22 -122 108 -49 59 100 115 -34 104 -19 44 15 -5 89 -76 
26 -98 -44 -62 -122 -46 -57 34 -67 76 -41 -124 106 67 -48 -20 -83 -42 -39 -4 -111 -66 -17 -17 -89 92 -100 53 -41 116 105 113 -109 -66 -77 -104 16 -6 58 76 -58 -111 79 -79 84 -97 28 -127 -12 117 -3 5 -77 108 116 -39 72 -112 -113 -96 -123 120 -111 
-105 -74 -61 -81 69 60 105 17 -125 122 -31 -77 78 0 78 79 116 67 -52 -6 118 -71 -18 -48 -126 -2 -34 -95 3 -42 -79 25 12 -12 72 -47 -79 49 98 -77 44 -61 -27 -6 66 -76 -55 55 119 21 -79 109 78 31 -67 79 -98 27 112 32 112 -95 -70 
-3 21 -126 77 69 51 48 119 -33 114 -36 88 53 15 -94 -19 6 55 29 -13 5 -68 48 -44 -39 -53 -60 120 -68 -27 -78 56 121 -76 6 63 102 -74 54 -59 -87 -110 -98 94 33 -65 -53 -89 117 103 26 -5 -92 -53 79 -3 21 -108 -11 81 -7 39 9 
-14 91 -112 -78 65 -58 103 -121 -18 121 -92 -51 26 -29 23 65 -39 -1 -36 83 35 38 34 -96 -68 54 21 -114 -81 -67 23 33 -104 38 82 88 107 57 94 -38 51 -125 38 -51 -27 -66 -113 62 60 -21 17 -32 -110 -76 -1 -50 105 -108 -37 -103 -48 113 57 
-25 23 11 -64 3 -59 -97 92 119 -94 3 -59 6 64 -44 -59 -3 62 85 92 80 -118 -36 -98 115 -17 -8 -116 63 -23 69 -89 -127 -47 -26 4 21 5 -31 13 38 99 82 -83 35 -90 -15 -95 100 -57 125 52 -48 -39 81 -60 71 -54 -48 7 51 -107 45 
52 -27 -108 -72 122 24 24 8 -65 -4 -38 -21 -97 0 92 -64 -28 -93 -67 -103 -13 21 106 55 -35 -75 -121 99 103 -100 16 27 0 35 83 -5 -68 -20 -125 -6 103 -36 101 -121 92 65 -58 -63 100 2 -38 -40 -104 -60 -113 -12 -7 -106 -41 -32 -79 102 123 
49 10 79 -84 69 -69 -81 -64 -94 11 -90 -87 -25 103 -18 39 75 112 -127 -92 -120 -59 -78 -5 61 -56 82 -98 -8 56 -102 -86 -61 104 -42 -119 -92 4 -56 -59 -113 -18 -18 -10 -43 91 -98 -96 76 -97 -60 84 -29 -10 -49 -95 61 -95 -66 -74 89 -40 -33 
-100 -64 52 -92 -29 -72 -20 40 -57 89 -106 61 -82 113 90 -50 61 120 18 17 -36 -120 96 -3 68 -126 59 121 91 -109 -39 118 -46 -115 -101 53 -59 7 -35 12 -31 -13 -55 14 -28 -93 92 -94 -100 -18 51 -8 -10 19 116 -70 21 47 -76 -16 66 12 -25 
-108 24 1 72 93 -119 -90 -23 -23 24 50 119 123 84 84 -98 112 -62 80 -23 56 -28 -35 113 120 -115 -90 -24 78 49 78 98 -54 -48 42 -88 -40 80 16 64 -24 -62 55 -28 -105 11 1 -120 77 -46 -16 5 53 77 -9 45 89 29 -107 40 -50 99 10 
24 -77 -75 63 10 -123 -48 -53 -19 18 -126 80 41 13 -46 48 -37 35 -95 95 -40 109 -41 -122 70 115 -101 -18 -62 125 120 90 -79 -83 25 58 -79 105 -122 29 -4 -121 -18 -91 20 64 85 110 -29 117 78 59 98 -91 64 41 -104 91 -104 -38 88 -112 -76 
-119 -68 77 67 -19 54 72 -117 -78 79 -7 -41 -29 -71 -84 -47 28 -94 -97 -40 -124 -60 -103 45 -36 115 68 53 75 83 105 84 -112 54 23 -3 -19 -32 7 31 -81 127 117 18 -71 -94 99 84 -61 -125 -84 -58 -58 -60 114 34 -72 55 -41 -125 11 -64 87 
26 118 -17 -105 -29 78 30 -126 125 29 118 16 86 -104 -13 42 -37 -11 86 32 59 -101 19 -35 -46 -53 52 -43 85 116 -83 -16 106 27 6 -51 -22 -91 -50 -24 66 -59 119 24 -36 -22 -61 55 95 -102 -41 26 -76 106 119 6 -74 43 91 -117 31 -120 -6 
9 35 -127 85 -114 -91 -92 -11 102 -24 -20 -1 68 86 65 -5 53 90 82 -48 -113 60 -56 21 114 114 -16 124 18 -8 -9 -101 -100 -8 112 -87 28 -107 29 3 -4 -118 -125 -64 95 67 58 21 30 12 101 45 -55 -83 -62 -69 -97 50 -72 49 -85 47 76 
