25
49 48 87 -99 30 12 -42 -105 -57 -88 -74 -23 127 -69 55 -27 -20 123 9 126 127 -82 -27 -41 -58 
69 120 104 105 -61 -89 27 114 125 55 17 10 -115 39 81 -75 92 -69 -76 -104 113 25 3 109 -93 
2 108 -47 103 -60 22 44 -68 -1 21 -1 37 -80 -15 35 102 -125 -82 115 42 126 -87 7 -71 -35 
31 -85 118 -94 -104 -103 36 -123 -22 11 -56 127 -73 4 -2 76 -125 -92 124 -12 70 99 -10 115 87 
-96 114 127 38 -84 -35 -59 -42 -45 -25 -18 -20 -117 -14 85 22 57 84 76 -67 -45 25 -64 -10 21 
51 -67 -8 -87 -80 -49 -55 -94 -49 111 -51 43 -75 35 126 27 -111 -22 38 2 -65 -68 -69 -108 -119 
-8 -25 34 55 92 -73 -21 -103 47 19 -55 126 91 -22 -50 75 55 120 127 -38 119 26 -21 -31 -63 
108 31 -3 -88 51 6 32 -102 -88 -41 118 -33 65 -113 -113 -43 -40 -114 -79 66 -37 123 -7 -44 122 
83 -53 21 -66 44 86 -85 -52 -44 -46 126 89 113 -103 -126 -55 -113 -31 -117 -98 -16 -32 -11 -3 16 
-73 88 12 47 -84 7 3 -9 -100 65 -93 114 107 -17 -58 -66 -19 -96 -81 5 -95 -8 20 2 3 
49 113 98 -90 -18 -14 -35 -57 126 -115 -13 5 15 105 33 -48 -115 19 -68 -5 89 -7 104 120 40 
-18 -102 -96 -126 27 35 51 13 5 89 123 119 -74 -62 117 -62 52 -6 80 30 -101 -95 43 46 -36 
-89 7 85 -112 -1 -3 -3 24 29 -1 -76 -64 -78 65 68 -116 60 59 -63 125 49 2 50 -85 -45 
-48 -58 -13 123 115 79 -94 -6 36 -79 121 -95 46 18 61 -82 70 125 -32 7 65 -21 -61 -3 43 
-63 -82 -83 114 -39 0 -61 30 114 -65 18 66 -32 -115 -25 17 -122 7 -64 23 -59 -19 -35 -62 76 
99 -124 -72 -89 0 98 -25 46 -112 -39 -121 15 28 37 2 90 -72 -59 -69 -60 43 76 -55 -77 -116 
96 -9 -7 -67 57 -58 -95 61 -3 -57 -67 -32 45 107 -17 -121 114 126 34 24 0 -3 79 69 55 
-109 -16 3 -36 34 14 -68 -102 -120 -7 82 -51 26 15 73 96 76 -87 14 56 24 21 42 22 -72 
-61 -105 52 -110 91 -21 -91 -52 109 1 109 -4 61 -121 3 -74 89 80 80 -23 26 49 -74 66 -65 
110 -37 84 24 113 -116 90 -120 63 108 99 -86 -111 -81 -104 18 -99 19 -49 -92 -105 4 125 102 -43 
-25 0 -122 28 -61 -59 10 30 -103 -93 15 -92 125 23 98 106 -5 -115 122 41 -92 13 70 55 91 
105 78 -33 103 52 52 -50 -75 57 106 -8 125 -11 -106 -105 23 37 -70 21 -68 -99 -1 54 -86 -6 
-32 -51 -121 -89 -123 97 -112 82 -63 119 7 116 -59 60 46 -81 -75 43 35 -54 66 -69 111 123 80 
-85 -103 -48 97 -62 73 -63 15 80 -25 19 50 -9 -26 115 -18 109 103 51 42 21 98 94 -63 6 
-87 -125 65 -104 126 17 -62 -105 96 -92 -39 42 -28 103 -5 75 -5 -83 -61 97 -96 49 78 -120 -28 
