50
-24 -35 -66 32 -99 39 -81 46 -63 -62 102 39 -93 -5 77 -127 -96 103 -1 53 14 -58 -16 84 -89 -100 -65 14 -64 59 -114 39 -103 -53 -56 -75 114 -10 99 -77 56 73 90 90 -59 40 90 -28 16 -39 
-103 -98 31 8 113 69 35 -79 -45 99 108 -31 11 -122 43 82 -70 30 -55 -99 80 -127 102 43 91 -85 -45 54 15 98 -112 40 127 46 -79 113 -12 83 -93 71 55 -112 -88 -61 -107 83 -106 -49 -15 -34 
-20 -62 -33 -46 108 -70 -3 -64 112 -116 -93 127 51 -94 46 100 -108 -94 56 -73 104 -17 -58 -112 49 -37 99 70 41 -44 -91 -107 22 4 -26 2 62 99 66 46 111 100 46 35 -121 -36 7 -101 -3 -65 
-47 -27 45 23 -11 -33 113 -39 -90 27 44 -53 47 -62 78 -106 68 12 120 6 -69 103 -21 104 11 -15 -60 -110 11 65 -48 92 -89 124 -13 27 -36 -27 115 1 127 32 75 46 98 26 68 39 -90 61 
-82 -32 37 24 -55 -80 -119 12 -63 20 -51 16 -16 -13 13 99 -113 104 -56 -125 -22 -57 34 -75 117 5 79 58 -84 116 -9 -39 -43 -100 113 29 -53 122 -86 12 14 -10 -100 126 105 40 97 119 17 -87 
122 122 -16 29 -80 -26 -94 126 -96 -50 115 22 39 -55 50 24 101 124 18 -112 9 -95 6 36 -97 -17 -51 -127 -25 93 -86 -30 88 26 126 -119 127 -95 -121 -97 -18 122 53 -106 -61 -25 45 -87 -28 -64 
-72 108 -31 61 17 0 -83 93 0 20 59 42 117 19 -60 116 27 -61 -107 34 -30 2 28 -105 24 94 -3 -58 -120 97 5 -65 77 101 124 -34 -27 -86 -68 101 62 119 15 51 11 82 40 -89 -106 60 
72 -9 -65 -27 13 86 -60 -117 -100 -53 108 33 10 57 6 7 -104 107 48 -44 81 -18 -53 -32 -94 85 -77 73 123 -56 6 68 63 68 -87 -51 26 -20 -40 54 55 -60 -41 -63 125 93 72 -107 73 -8 
-23 26 102 51 122 -119 8 -82 82 4 -10 -40 -56 -75 -100 -16 2 54 92 89 -19 20 -98 67 85 -101 32 29 -80 -22 -106 24 -123 123 -53 126 -123 83 -83 87 -41 34 -81 30 87 -53 -113 -39 -126 106 
-77 -18 -1 -48 -78 -44 -22 82 112 25 -68 -122 -79 -64 -126 -4 -65 -121 -49 -21 93 37 -115 -116 -60 99 -41 -46 -67 -39 -67 -17 70 59 62 119 -112 -87 73 127 65 -122 -122 114 -59 -121 -17 3 -115 61 
110 105 -29 122 117 39 94 -51 120 -101 37 -74 10 -20 113 -56 -28 -127 -15 -82 -127 -77 -77 -122 -91 -8 -116 19 123 -103 -47 105 -125 52 100 120 -37 66 -59 -44 93 106 9 -25 -42 -5 47 57 -5 -96 
102 -5 -45 -102 1 -9 17 13 -117 12 37 -36 -10 40 -112 -38 32 -22 -99 101 62 121 79 -57 -31 -90 66 -111 95 -66 -80 70 57 2 95 -70 121 -15 70 -123 124 -20 -31 -13 -108 -16 76 52 90 105 
25 25 98 -23 96 -60 15 34 -44 -18 95 4 -76 24 -121 -108 81 127 4 24 -123 1 -124 -27 115 -105 85 64 74 48 41 -28 -55 12 76 -87 79 -37 75 -93 73 42 38 124 -61 44 -112 -108 44 20 
43 49 -107 47 -105 -120 69 107 71 15 28 -15 115 101 124 63 -113 76 -101 89 110 99 4 21 96 70 -63 112 90 109 4 6 30 24 -75 52 32 121 32 -24 9 -67 88 -3 -94 85 -68 -79 33 -41 
-117 16 -69 14 -91 -100 -43 -26 -116 -81 -45 16 53 113 -87 105 37 73 99 -58 -79 -19 2 -118 105 36 95 -90 84 1 -4 95 -111 55 -19 -74 82 65 28 94 112 111 -17 37 96 23 15 6 -32 -14 
75 17 95 -50 26 72 113 -6 109 70 122 -22 37 -116 -95 -109 -63 114 84 92 81 68 76 -64 -22 44 86 120 -78 -73 -21 125 72 -54 -53 -29 -110 -68 92 127 -126 86 -23 39 97 10 57 -93 -3 13 
127 -50 -46 75 13 59 -8 -28 51 41 27 -98 38 -29 -25 112 69 -7 -83 33 -8 -82 -8 97 85 -38 -20 14 -3 104 -100 -4 -74 -19 -56 67 -88 63 -89 91 -23 66 121 -113 -91 -31 127 106 90 -84 
11 -46 -38 -124 -76 -81 -34 31 61 90 7 88 -41 61 -59 30 0 -19 -34 39 -55 70 -23 -61 85 14 35 84 -8 -3 127 -124 79 -38 -121 -124 8 -28 35 -59 -65 -86 -98 21 103 -30 -76 -24 79 18 
-113 -104 -40 -8 -38 -83 -122 125 -126 -3 -5 -127 0 -53 -37 7 -50 98 107 112 -88 -85 -101 -59 63 -126 39 115 -22 -9 5 -7 14 93 112 104 -118 118 102 -117 -12 -31 -116 116 43 -26 -5 121 -55 -25 
106 -15 17 -123 54 -47 -121 -35 -60 -16 84 73 104 -30 38 89 -53 48 79 -79 58 -61 18 70 -73 -66 -83 50 -73 -10 -103 -95 102 42 -90 28 122 -83 121 -65 28 77 -120 5 -80 46 -34 -5 -34 -82 
44 -104 -15 -66 94 40 -4 -117 -38 51 0 -13 83 -25 -99 121 -124 -104 -90 125 -42 66 75 -34 -57 123 -116 37 -10 -23 83 -93 1 -60 -31 -32 107 92 -22 -58 15 106 56 -29 -46 85 -36 -43 108 2 
-45 -61 -60 -98 33 11 -102 44 -79 15 -106 -124 50 23 -56 -109 118 -77 110 -31 -7 -3 -53 -79 96 29 -121 -68 114 115 62 -59 -74 -126 -29 87 12 -4 4 61 -116 25 64 61 -79 -119 79 -89 -68 62 
7 52 -68 82 100 -100 -16 107 -40 -30 94 -106 38 -107 -105 -119 107 35 5 -17 -32 16 -119 -95 -51 -71 -87 -99 -33 -28 90 102 -104 -105 57 124 -78 -87 103 9 11 70 30 -79 90 53 -70 69 -40 63 
-76 56 -49 -68 89 28 -11 -126 57 83 -26 19 58 -2 41 -12 -6 91 29 -30 -28 -88 -87 -125 -39 -125 55 18 71 -112 -47 123 72 32 -72 33 -68 44 35 116 0 -119 8 -69 6 -78 46 -127 -115 -53 
-29 -15 -14 11 -12 74 14 -85 -35 -43 -69 46 -47 -125 -50 9 36 10 -75 -57 -1 52 -49 -120 111 85 -70 29 86 -57 104 -71 56 -38 68 -84 -91 -46 -41 2 39 17 -80 120 20 -2 1 -72 -119 53 
-2 8 -22 76 16 -39 34 73 118 -8 -112 94 49 72 -71 -10 115 -35 72 -54 94 -16 90 -113 -24 -18 12 105 37 21 30 -92 -99 -119 112 44 -30 18 -10 -39 -117 6 -72 60 -50 -16 -78 -63 77 122 
11 44 -22 -27 58 82 83 -57 59 -7 92 -38 28 120 -30 12 37 68 -97 -100 -98 -87 33 -43 101 111 68 -105 -79 17 -110 59 -66 -5 -95 119 -51 115 -65 -120 -19 -101 -31 -119 -108 67 21 57 8 51 
84 37 92 -10 121 65 -26 62 88 22 -48 105 -47 13 -28 -14 5 49 -27 67 56 81 94 -102 90 114 93 -17 43 -27 -93 0 -118 126 118 -124 63 -36 65 24 114 -111 1 -60 30 101 53 -93 22 -101 
102 -49 108 69 -23 70 55 -58 -74 -29 43 -40 99 52 -42 89 56 -106 -74 -6 45 -87 10 -81 -20 -87 -108 -94 -53 42 -68 -79 121 -88 118 -30 109 45 40 -93 -112 -45 -5 114 -120 80 76 63 102 -126 
-71 20 -85 67 67 22 108 87 55 -73 1 115 -24 -5 -101 -34 93 -119 -116 5 -85 -101 88 38 -114 95 -10 89 31 -35 91 88 112 -122 28 51 28 8 10 -44 63 -116 -57 -89 7 -31 5 -28 -23 16 
105 20 43 66 -70 56 34 48 17 -63 -114 -19 -102 125 -14 54 49 -113 -65 -68 -30 125 -56 40 -91 78 -118 42 -77 -13 -70 -100 -120 101 93 -63 29 -1 113 -81 64 126 27 90 124 -114 16 46 -100 79 
106 -2 76 -78 -90 113 -127 -80 27 -77 34 85 -49 41 58 -83 106 -41 44 91 6 -20 90 -95 -57 86 -81 87 5 -53 38 -17 73 -13 33 110 -28 34 -97 126 85 64 84 -92 -23 14 -47 -44 101 124 
-81 -21 -24 -118 12 46 96 59 6 -27 -121 -84 84 79 30 -10 61 -126 -104 92 -127 108 28 84 -111 -122 -29 -31 -39 -56 -35 8 51 69 18 -64 -12 -14 122 121 87 -127 -91 43 79 66 -95 13 68 -71 
-23 69 -90 -122 25 -74 -117 124 22 -28 -59 115 108 119 56 -2 -72 -84 111 -78 -90 70 -78 -54 -14 -126 -115 19 14 80 75 119 21 112 124 -81 -89 -120 -84 61 -21 -16 48 -40 -24 -24 85 31 20 69 
81 57 12 -125 -125 125 -123 -112 17 18 96 -35 9 -10 -50 5 37 -12 12 80 -79 119 -63 96 -49 41 -55 -91 -55 92 105 -102 21 -11 -99 24 -13 -95 40 -124 50 8 -32 -68 125 46 65 34 -94 -50 
-13 -45 -59 52 -76 20 -35 -4 56 37 -39 33 63 110 -105 91 6 9 123 -81 13 46 54 109 106 52 27 43 -41 61 120 73 -112 -66 -2 -61 82 90 63 10 0 -104 -84 -65 -122 -62 -102 12 75 -106 
58 -39 68 -16 -58 46 -91 97 -38 -5 30 -45 -59 46 17 66 112 -29 29 47 108 -99 70 -103 -36 76 -37 -11 -40 -89 11 -110 -1 -49 2 68 125 38 38 -40 -94 -60 42 -25 114 -69 -87 98 30 70 
18 11 98 -39 35 -65 -91 125 52 -4 -92 -65 14 34 14 -112 -25 12 54 -114 99 87 -47 14 -66 -60 72 -25 -90 -25 -83 56 113 -112 -110 20 -50 -73 18 -126 51 53 -63 -63 -40 79 -47 63 -37 -121 
77 -65 93 -97 76 -100 -30 21 2 7 123 47 -64 108 62 -46 0 -115 8 -109 -113 -68 71 -49 -4 -96 -98 77 95 -7 83 44 55 49 74 3 76 -84 -104 -49 51 -108 125 115 127 60 -59 0 72 77 
18 86 -119 -38 -91 5 -7 -61 -46 -39 59 -90 -122 -14 86 80 117 35 124 -114 113 47 -95 110 35 -96 42 104 31 -13 53 -79 -55 62 10 -18 -60 -124 49 22 -35 -20 59 -29 94 18 -77 83 -75 -81 
97 -89 94 -126 -106 1 -95 64 -23 64 -77 -97 113 -4 92 -4 106 -96 -1 27 53 92 -120 -15 -65 101 -125 -14 57 -72 32 26 -34 -2 27 -12 127 60 -76 -24 -4 -25 6 -19 99 -29 104 77 2 -24 
-24 -72 -59 -17 40 3 -43 42 117 -114 98 21 40 -63 -108 -60 52 -108 127 104 -4 -5 -48 -126 104 -77 -27 81 127 103 -71 -24 -97 -3 87 70 -127 -84 -15 117 -70 -44 11 97 20 31 -91 -55 50 -91 
-79 -82 32 1 -80 8 51 20 -39 51 -4 18 -100 26 -112 114 -31 -112 -97 82 -122 -40 -90 17 -70 58 -80 -33 -125 98 4 -76 -111 -92 52 -64 44 -24 84 -123 -100 -48 23 -73 106 38 -86 -53 54 -55 
-98 60 32 -60 -51 90 125 -3 -70 -127 -33 61 -75 -17 97 104 47 13 -47 3 18 -19 83 -87 35 61 79 77 -119 5 -106 -90 -63 54 -23 13 17 -25 -117 74 -25 -23 8 27 88 -23 4 8 118 85 
-116 8 -62 94 49 101 28 0 50 36 -122 72 74 -58 -2 -76 83 -112 26 94 90 -126 -57 -30 29 -96 75 -94 39 66 118 51 -53 -72 17 123 -98 -82 -4 80 82 1 24 28 71 -105 80 27 -90 -21 
-7 -127 -20 64 -29 -118 95 -82 -85 7 112 -95 -70 -69 -39 75 -74 -9 120 50 -57 74 -77 95 -25 122 117 -73 21 -100 33 -114 -99 -114 77 -1 -105 45 45 -62 -76 29 -30 -18 87 59 -70 -114 -78 -78 
63 -7 124 114 -40 -29 108 -50 26 1 -22 -68 14 6 -55 -37 -123 -32 -119 49 33 -67 -49 -124 42 -90 63 99 -76 113 -106 114 -22 -109 101 66 -11 81 -112 -113 -46 -7 -53 96 127 19 -69 -124 115 -60 
53 21 0 -123 25 -86 -85 -40 -114 -34 -55 -92 -47 51 -74 -74 -11 43 -121 4 58 -39 125 -123 -71 124 24 -12 -127 11 55 54 -95 -73 58 57 -31 100 -111 -17 -61 -38 18 19 -115 72 72 1 -13 79 
-122 -83 -87 -124 -79 -31 127 73 84 -127 -44 12 55 -12 66 -14 -83 -92 -42 -66 18 24 23 -91 -84 35 108 116 -91 -33 68 -86 12 108 -83 61 -51 -83 6 -94 -82 90 45 100 -50 -16 -42 -5 19 44 
56 -91 -59 -48 -54 -15 115 -74 -27 -104 20 -87 -62 -95 -107 -17 93 -30 27 -29 3 73 -67 -79 46 11 33 -123 -121 -76 49 63 -39 117 -113 34 -25 -126 87 75 -103 -20 116 -37 13 -118 73 -22 -20 -27 
