14
107 41 12 -32 91 -100 -46 -98 -66 83 93 48 -19 -12 
38 -20 -50 -82 -108 -16 34 78 75 -7 107 -22 107 116 
108 -69 -104 87 99 35 -72 63 63 10 92 125 -35 57 
46 74 -82 -43 -74 -5 2 -55 107 -91 -104 54 29 -125 
-95 9 119 -115 67 -113 100 39 49 -100 -26 -15 37 -61 
-18 -125 124 -99 76 -86 -15 -125 37 115 -52 17 -104 -29 
-57 52 -26 -24 -66 -35 -11 -126 -20 -39 40 -98 -11 -114 
14 -101 -47 124 -98 -51 -103 105 -9 10 108 -99 -3 -72 
45 20 27 116 -55 -126 -36 6 -33 80 7 74 -86 -81 
104 31 -67 -10 57 14 -13 86 90 12 64 -46 -106 45 
-18 19 101 -100 -89 0 -112 -17 2 -20 117 96 -67 -3 
43 -26 44 19 -123 104 -118 62 -10 -3 21 -47 -119 -42 
34 -97 -125 -111 49 103 -84 87 -24 -69 -57 106 39 -67 
74 99 57 -10 -54 -27 -119 -50 -50 -110 -115 68 15 34 
