24
-22 124 7 70 -18 74 3 -51 -114 -112 -76 -26 103 -15 4 -45 -97 13 -16 54 -106 9 -87 -25 
-18 67 58 72 -20 84 -124 85 81 11 28 -65 -43 -97 12 -29 -82 63 72 -106 -79 -52 -24 -49 
89 88 -122 111 -31 -81 -41 78 113 -111 23 -35 100 26 -77 54 -90 78 116 -6 109 0 92 -101 
-64 37 -79 -16 113 24 63 74 -16 68 57 80 114 -111 31 99 -95 -74 -63 -122 80 -13 59 117 
-62 47 -16 -81 -80 -52 -54 -17 113 -6 94 98 -110 30 44 2 -30 -26 -45 -43 -10 113 -71 23 
-88 -7 28 119 108 -41 109 -81 -121 -35 -35 -74 41 38 37 26 -96 4 -4 -78 -94 -87 52 3 
15 -121 88 -123 120 -111 28 -96 10 -72 -104 -9 15 -123 37 22 -30 -125 76 -117 41 -15 36 73 
116 -95 123 -106 -55 47 25 87 53 -14 92 45 2 -8 76 -115 48 100 4 -65 104 -87 85 -54 
-84 33 -43 85 -110 120 30 -121 -103 25 -99 -31 -56 54 -71 125 -88 -106 42 42 13 -9 54 -66 
-37 -70 -3 -60 -29 -46 14 15 114 98 -28 -124 90 -126 -117 115 27 -89 -43 99 92 13 96 -124 
35 11 45 -79 -126 -28 -18 -35 30 106 33 -127 -68 -81 16 -81 -111 115 -77 107 117 -67 95 16 
-29 -76 -12 -65 65 -44 -61 -28 94 112 20 96 -44 -125 -66 113 108 94 114 -87 -115 2 -41 -98 
-10 10 -118 -21 70 104 123 -87 -100 -17 -24 92 66 43 -63 33 27 84 2 111 87 63 96 67 
29 83 108 41 -42 -60 71 76 77 80 -73 19 56 -78 60 83 33 -91 48 -28 79 112 -123 -21 
69 6 -38 28 -58 -69 -32 98 -113 -52 12 -28 16 -45 -80 -35 -93 -25 112 90 25 45 46 -70 
82 -34 29 34 -49 34 -115 -108 -87 -26 48 -18 33 -112 -48 47 -36 91 -109 107 -82 -61 -55 -48 
41 -71 -85 -61 102 88 -4 56 -74 -103 -38 5 58 -25 24 98 76 -55 -47 -18 -40 32 -99 51 
-5 -80 31 41 -14 103 121 -100 -95 -92 -34 -121 124 89 62 -77 114 -104 55 45 -1 -48 16 -53 
24 96 57 111 1 85 35 124 -123 -61 37 -9 -86 31 18 -54 67 112 -48 63 74 -113 113 61 
-89 41 -21 37 120 122 111 16 91 41 -1 -36 -2 -93 -39 3 -27 125 121 15 29 12 88 -32 
-3 -87 -96 -57 -73 -110 -124 -35 58 -17 -126 50 -23 113 -61 -59 26 66 33 -104 100 121 26 -54 
119 20 88 20 -96 49 116 28 89 -108 99 -112 -90 103 -19 95 -42 -18 18 63 -33 84 -124 121 
23 36 -110 -4 30 44 69 21 -64 30 -86 -32 -49 -98 124 -87 -78 95 -72 -41 71 37 -73 -99 
-109 73 91 -14 30 95 -20 -75 4 -3 48 -94 -87 -10 54 -23 -108 96 72 -30 125 69 10 -80 
