77
-78 -97 90 11 80 -123 107 -111 71 34 64 -85 57 97 73 -124 -23 -61 -57 -25 -114 66 -127 28 74 -55 65 54 11 -119 -5 60 -89 -43 -57 118 -39 -77 -120 -95 84 72 -52 14 42 -107 18 -109 -40 88 -6 -27 26 -6 -126 -28 66 67 -102 -51 75 21 -118 114 106 -48 105 -61 3 113 -28 -41 57 47 101 -29 68 
-9 -10 -100 -49 112 1 104 -22 2 -51 -83 -59 -25 -6 -111 123 4 -125 101 84 107 -87 -41 92 12 46 21 -69 19 120 126 -117 -17 -101 -39 -33 27 -62 73 -99 14 118 -30 117 -16 -14 112 116 -12 86 72 -33 126 -97 -68 11 77 81 70 -32 73 68 -22 -72 95 67 23 -6 -122 -32 23 19 -42 121 8 70 -21 
-7 58 95 -49 2 -65 -50 33 -6 89 -17 -53 31 79 -107 -28 -70 -51 -61 124 99 61 -126 -61 -44 21 25 -50 -98 -33 56 23 -102 23 102 28 86 -76 -67 -48 -114 44 26 44 -5 46 -112 52 123 -45 48 94 -112 50 -94 -28 -56 58 49 -27 -103 -22 123 -77 -126 97 78 87 -106 -116 -89 -92 55 65 79 -78 -16 
95 101 -21 -77 22 -55 -62 -56 -22 38 16 -91 -40 116 -66 65 112 -16 66 82 -66 25 104 -55 64 -116 127 2 91 -78 113 58 -105 -36 108 45 37 -81 116 -112 84 5 -76 -83 -7 -15 109 -22 96 47 -67 -97 -55 -91 -24 -118 -79 -24 11 -116 25 -3 70 48 88 51 -35 -2 97 -46 14 54 86 65 98 -48 -77 
80 57 -108 0 118 -78 72 -101 25 82 -52 -127 -35 -41 26 89 -99 -54 50 79 38 -79 49 119 62 -24 77 0 -53 -99 50 -101 86 69 26 76 119 -29 103 16 -75 -77 17 18 9 -85 -20 38 -11 -97 -10 -101 -48 -88 -110 -114 15 95 14 90 124 -64 116 82 -122 14 31 124 113 6 12 -90 56 -98 56 -62 -55 
-91 104 61 -61 -34 87 19 6 105 32 -107 72 -82 110 68 -18 99 23 -13 -15 -74 -17 -30 60 123 8 -12 -103 -63 54 -30 -27 30 -97 40 124 117 -69 2 95 91 22 40 -118 5 -19 -9 -24 -124 105 89 -70 -39 -68 117 -44 68 -22 -19 -123 -96 78 -22 62 108 -110 58 98 -51 -68 66 -88 82 -22 -79 -40 86 
39 64 90 17 26 -108 105 86 -118 -66 26 -13 43 31 19 -7 -118 -46 -26 -101 -116 -55 -25 -56 -117 15 -102 -12 63 -14 -54 -25 -78 -92 120 76 -72 97 34 -63 -96 -68 52 74 91 -56 -60 100 25 41 127 37 114 -25 108 124 117 -121 -15 53 -8 58 -100 42 94 -108 -10 -106 117 -104 -41 -106 -44 -116 95 -80 -45 
-93 -108 108 76 -109 18 63 -6 -2 59 -17 5 -84 -92 125 102 -64 40 68 -44 -98 90 -55 -74 -78 -34 10 -66 -66 57 17 -31 77 -3 -82 96 -113 108 -38 13 39 72 -110 83 108 -112 57 -83 55 -2 0 85 -39 72 -117 11 -89 21 72 -28 -50 -39 68 -100 85 113 123 100 93 -43 -14 5 -98 4 -40 -118 19 
-110 -73 -54 15 54 -96 104 -2 -86 -13 37 63 -69 -119 -114 19 77 -87 -23 62 -92 -50 28 -7 63 -95 22 -61 -7 32 86 10 86 -95 -102 12 -64 -126 -117 -22 -12 47 -87 47 55 -73 -61 4 -33 43 -61 3 121 95 123 56 127 17 123 -7 -78 82 -125 -120 114 -100 20 -77 -98 30 28 18 -51 69 -63 -123 123 
3 9 -37 -81 76 93 -88 43 88 96 43 -22 92 -92 27 46 -90 35 33 -62 -73 84 -32 85 -16 113 -93 -74 -78 -89 -78 53 48 12 99 -3 -23 -117 -88 -62 107 82 43 71 117 -57 -10 -100 105 -105 -34 -95 106 61 117 -37 46 -104 17 96 -65 66 21 111 -49 -8 -20 55 3 19 121 -18 -26 37 -75 -36 107 
43 -8 85 65 85 117 44 19 107 -120 -62 -125 25 -94 -62 -36 55 -79 42 -80 28 -31 50 -80 -37 -95 22 127 -42 113 107 -127 -23 64 66 -65 54 -17 81 33 -9 -109 36 -112 -75 101 -21 107 -105 -107 -100 50 -10 77 98 80 110 -8 80 -60 -23 59 -60 82 -5 -122 -111 -78 -12 98 82 106 116 -9 122 -86 -36 
-27 -106 -13 -6 -79 -91 111 126 -120 64 108 -1 16 -80 104 -52 -13 59 71 -7 75 120 108 45 75 87 34 -62 81 75 30 -74 97 -111 48 -110 -74 31 -112 -66 -32 123 60 112 -84 37 -68 30 -32 -125 -105 -84 123 -124 88 70 90 -5 -119 44 -57 39 98 -88 56 18 -71 110 -79 -55 -84 17 -59 104 1 -16 13 
61 -113 109 63 -90 -103 59 -87 113 1 -124 -20 10 47 50 -79 18 89 104 -92 -109 86 -43 -37 -126 101 31 106 -26 -112 -9 -93 -98 -28 98 -61 -3 29 -20 -18 -97 -17 89 40 -97 12 89 48 -26 66 83 -8 24 -88 83 26 -114 -14 4 -12 2 123 22 31 -32 -7 97 92 -105 -51 -53 -75 60 -91 93 90 48 
54 11 -106 -8 -33 14 -111 6 -31 43 20 82 -80 -120 -44 -85 29 115 11 -105 85 -24 -83 -93 50 -31 94 87 -65 57 7 116 -59 29 -20 35 -85 -3 -86 11 -88 61 -34 -41 68 50 2 -30 37 -114 -8 -5 -11 37 29 -88 -121 -5 126 -59 -75 6 -71 -7 -92 37 -100 -49 -94 -59 89 -55 -125 -72 32 70 105 
-94 -88 15 -81 32 -118 36 -59 39 75 -53 -93 74 15 -41 -47 71 80 -11 -20 107 67 13 -79 28 86 -77 84 -10 121 61 24 -95 -51 71 64 -41 -21 -123 125 -73 -49 -95 -126 93 -9 -45 37 -57 71 -110 -77 10 31 -28 -89 -11 22 122 107 16 56 3 48 -123 -53 -15 -36 53 -11 -38 108 68 -6 109 34 113 
-63 -57 -72 -120 -40 -21 17 119 78 55 -20 -27 50 -40 116 -22 91 36 -17 -90 -107 74 91 10 -91 71 -49 31 53 112 16 117 -72 71 124 16 -77 14 7 -127 -58 115 -26 119 -53 -38 -30 -89 126 80 -52 -108 27 -88 30 64 111 108 -33 36 92 110 26 -108 54 23 35 104 -90 -85 104 -21 -98 -50 -29 -24 40 
69 15 38 21 90 58 -79 -125 -40 112 113 -60 -49 22 -96 -67 -80 -76 114 70 86 91 108 -127 67 -41 -97 -110 58 7 57 -1 -106 -32 -107 112 -102 -59 114 -15 -75 99 52 4 -6 84 64 41 -120 51 -16 94 14 -36 95 -46 51 125 -28 -18 4 -98 108 26 -3 -127 10 23 -58 -3 -119 -5 -31 61 126 90 17 
63 4 25 -13 115 -8 -127 -48 -41 -45 -124 -43 54 -15 89 83 -34 -13 -47 -33 125 104 36 -6 112 -97 90 46 -98 52 -64 92 -72 88 -49 -84 -48 -48 -4 39 34 -1 123 -39 111 85 -83 -51 -55 -3 43 -58 -26 -48 63 -41 -18 26 -123 11 -50 -60 -24 6 -99 55 49 -19 -121 -82 -108 41 44 -112 -126 27 100 
-81 104 -83 44 20 -13 -110 99 -78 -24 -46 75 -19 93 -102 48 -59 32 76 123 -46 -71 -125 -1 -51 44 -85 -36 46 70 -63 92 46 -18 8 -62 97 25 -90 -108 -126 -9 94 -18 -44 120 -97 25 24 107 21 105 -91 24 -23 -15 -60 19 77 113 -39 -113 77 -120 -3 -43 -54 -34 110 -17 -15 111 102 -48 -34 -69 -55 
-4 83 97 -24 -23 74 12 -127 -76 125 -60 70 74 -75 -96 89 -125 -89 -41 -40 -15 52 -58 95 -90 -74 70 -10 20 -127 62 -112 84 31 -8 -67 -22 -124 -67 29 -127 0 -28 75 53 3 37 56 41 123 -112 -101 47 -43 121 85 11 64 -53 -97 64 -118 -81 20 40 38 80 -109 42 -114 47 43 13 -109 -10 -61 22 
-101 122 -64 -105 -118 -38 70 -33 -45 27 106 -108 102 -119 83 111 -72 -24 23 94 -71 42 8 -58 -39 -77 83 -20 41 -106 -126 68 -111 -63 90 -102 26 32 -7 109 -69 -28 -127 -94 -19 84 -111 36 -68 39 3 -11 -46 -117 58 42 -66 13 -105 102 34 -103 43 51 -39 5 76 115 -90 -58 97 -31 41 97 2 -106 54 
18 58 114 -70 -67 -25 11 -56 -95 -74 5 46 -52 -20 -48 -28 -104 -125 61 28 79 49 65 -106 18 -93 63 -12 36 85 -86 -74 15 -99 -16 75 3 122 -108 36 -80 24 -46 -4 -123 34 96 -100 37 29 56 -11 -50 -6 10 96 28 -55 -44 -64 -98 -2 -10 45 26 102 -7 -99 96 12 64 -111 -91 -109 13 -87 52 
-19 -59 -39 -117 124 77 -39 -10 -40 -71 -109 33 12 -45 62 -118 73 -20 35 47 100 64 15 -16 1 32 21 19 -82 61 -56 26 -126 32 36 126 -18 124 -11 69 -74 7 -26 65 89 -91 75 34 16 -18 -47 -11 -81 96 101 47 1 -6 -61 46 -72 10 -55 -71 -86 108 -72 23 105 44 -35 -97 -76 66 96 -115 103 
43 47 -8 -102 -127 108 -55 97 81 119 -30 -52 -70 -111 3 68 -39 60 109 -58 115 5 -80 32 98 -49 83 36 -81 95 12 90 15 -124 116 15 111 -67 -16 65 -76 82 -115 -18 98 15 -78 -69 -52 -96 1 -65 37 48 94 7 126 49 -84 -83 17 55 -120 -96 59 123 47 43 -72 -96 -20 -20 113 -7 90 83 -119 
-115 -113 -44 -84 15 19 81 -65 -15 -40 -66 -93 4 -22 51 -68 -14 83 118 -19 2 33 37 33 -114 -111 18 7 107 -26 15 119 -11 99 -93 -123 -10 116 -60 102 -51 1 -118 80 107 60 -116 -35 15 -125 74 -110 35 -17 51 49 -1 -58 -72 -21 43 70 -30 -95 42 5 -90 -96 -7 -23 -121 69 106 -112 21 86 76 
33 -77 -36 35 124 -19 -57 -20 -96 119 107 -27 -81 -42 -111 117 55 -78 31 -68 -41 63 52 64 69 -6 42 85 -112 0 33 48 51 124 -44 48 -22 26 -100 10 17 -121 111 64 -36 127 54 -109 -78 -42 -49 8 -107 -124 -56 90 -3 114 47 12 -13 -47 -67 -90 -50 16 86 55 -85 113 -63 60 119 -80 -4 -45 -80 
-77 -26 -31 8 52 105 29 55 -78 -8 -75 -92 -88 64 23 -8 125 61 69 14 19 -3 56 5 62 -12 -4 110 111 79 -98 -93 -74 -1 43 105 -24 -56 33 26 64 85 61 103 22 -43 -32 20 -110 -90 -94 37 34 89 -86 -32 -51 38 -49 -67 -11 -20 -33 42 107 -118 20 -44 -46 -74 109 -110 -117 43 120 33 127 
-40 -75 -110 -3 -42 55 -96 -81 96 0 -5 6 78 55 123 -69 -105 38 -90 -96 -69 -6 -15 -16 -25 3 -5 -110 -4 -100 -110 84 -47 -92 -46 38 90 -15 85 58 113 -47 -63 63 -119 -67 121 -97 99 -96 -65 -97 26 48 14 -127 -77 -118 -109 46 -91 -91 2 -10 -56 84 -100 -94 -59 113 92 -74 -62 -98 117 -54 -37 
111 -23 -66 -112 39 -36 41 -41 106 42 9 115 60 -72 -103 97 58 14 -87 14 42 -53 82 27 -89 -119 93 -59 125 -89 31 108 15 93 123 -73 -71 37 13 -92 -49 -105 -104 -116 -50 -80 108 -120 62 -107 21 -24 -32 -24 -124 6 -15 96 75 -17 -120 -22 -36 23 -57 -41 77 0 124 -38 36 -53 -16 59 -42 62 106 
-62 70 40 -41 -37 -111 54 67 -108 -67 -75 115 -120 35 123 -14 126 18 57 -42 -32 -71 -46 57 92 29 -86 23 114 104 2 -75 46 -86 12 -118 -69 -61 76 -50 -1 -126 -62 7 37 -67 121 35 79 50 121 -81 106 -52 104 71 104 -109 -33 91 122 96 -111 40 -117 28 49 -59 95 -2 19 -33 -1 84 101 -92 -110 
95 71 97 17 65 -112 -4 -115 120 -60 117 -117 34 81 -123 2 97 45 13 -2 -34 81 -35 91 -27 59 -37 -70 33 -1 -53 0 -58 -84 -110 -121 -68 14 -108 -75 81 -118 -65 -13 90 -60 117 60 113 2 -70 -49 -44 23 -85 56 -45 6 113 116 -123 -67 -11 -54 -23 6 -47 37 -108 -27 89 100 -18 -103 -40 -56 -35 
-51 -123 -50 79 -65 29 -93 85 72 91 -87 -50 77 -99 -46 -118 17 28 -13 -104 109 -104 -85 -46 113 -112 63 -117 -25 -120 -25 51 -115 53 2 -53 -46 37 -95 -101 0 -55 -24 -50 -26 58 -40 118 -42 74 -114 -60 98 -71 21 84 -56 -43 94 46 -35 -59 -30 -23 121 100 52 -52 9 84 -26 -118 -99 78 -41 2 8 
46 -7 94 -7 6 -94 -37 62 55 -81 -121 -115 -114 53 -22 -46 -105 83 -52 122 7 24 3 -37 125 13 -8 76 99 121 -44 18 -13 -77 -117 120 -44 -26 55 -116 21 62 -103 34 -13 2 116 9 -43 -64 4 91 87 -120 -73 85 20 46 33 -9 39 117 -118 -102 -88 -107 -109 -4 -6 74 7 -112 8 31 50 123 -94 
38 5 -10 102 -119 -46 62 -112 8 20 36 -74 -75 -100 93 -85 -91 119 -46 -71 -117 77 51 85 -43 66 -34 116 -11 -39 -106 -100 93 12 -126 102 93 63 117 -26 -45 25 27 8 52 -7 50 89 -15 -123 -110 -4 82 69 -47 -89 8 46 -101 124 -121 -80 -104 100 60 -102 74 25 88 64 126 -84 -38 26 52 -113 -108 
-25 103 5 -21 121 -127 -67 62 -47 -28 -57 126 -2 -61 -122 46 -37 106 -22 -12 52 -124 -51 -11 -125 -7 78 29 -83 93 48 20 69 -75 126 62 -75 -68 -3 6 32 68 4 -97 -121 10 77 -30 -12 -72 85 -87 -69 -94 30 -67 27 -19 90 71 -54 10 -37 -113 63 -38 77 116 22 -53 -6 -73 -113 126 -43 -106 9 
-94 -9 125 -39 -52 -89 20 -18 68 81 -119 -79 43 80 -5 -74 -84 10 117 6 -41 105 -99 33 -28 -45 48 -29 39 69 107 73 -68 104 -94 8 -113 53 117 83 6 126 -123 -78 78 -1 -25 121 -119 -36 -1 -32 -58 28 -126 41 110 49 -116 22 -10 119 -33 50 96 1 -70 111 -73 -81 66 60 -83 71 110 123 -58 
-43 116 -49 49 -12 47 118 -112 48 31 126 -30 43 20 87 35 114 10 3 -13 67 -14 41 114 -75 -26 -96 123 -43 -101 -62 41 -112 17 -38 4 -64 -47 20 112 111 18 -46 27 -90 -86 -66 -103 51 65 12 -9 -76 -74 -23 -24 28 8 -28 112 35 38 26 51 -73 116 -73 -9 -59 74 -25 -75 -36 56 80 2 98 
-114 27 21 79 -88 -116 -125 -34 -11 -21 121 125 79 106 32 -11 5 -45 44 -7 10 -93 61 -44 10 114 48 -62 66 -77 -92 80 78 57 31 117 69 34 -44 -70 -114 -51 -72 92 -72 88 -47 60 -84 125 -75 53 -96 114 -118 41 100 57 107 39 108 -112 -9 58 73 -106 48 14 56 -124 72 69 -47 127 33 8 87 
114 -59 -125 111 -6 55 -112 -19 64 57 -46 -6 36 120 -25 52 -17 -94 -3 5 81 -117 -67 85 83 -125 -89 82 35 47 41 22 115 44 6 -18 -28 21 90 -91 -49 -84 30 115 -92 -123 39 19 -89 -92 -104 119 -81 -43 77 -126 -40 115 84 123 35 -2 17 22 -86 -104 -124 13 44 94 49 123 -118 -48 110 -82 -43 
21 64 -5 57 88 -13 104 -82 -63 106 5 -75 62 1 87 -68 -110 -19 -26 -87 -15 114 85 -49 36 80 -39 116 63 7 -54 -43 -56 68 -114 -95 -72 118 -50 -8 96 83 44 31 -44 3 90 -26 112 -63 15 -30 -76 -27 49 87 -74 -118 76 116 17 -106 -55 88 90 -41 120 -110 -51 -57 10 -82 -101 -74 76 -17 57 
39 85 42 103 -28 -116 -101 72 60 114 126 70 63 114 -41 84 -68 -81 46 18 -88 64 95 -18 -54 -115 9 0 89 119 -70 1 76 99 -23 -79 110 3 121 43 -10 119 -15 -75 106 71 -118 -90 118 55 56 -98 -9 23 12 65 36 -107 -63 -3 -115 -6 126 88 -34 -25 -118 -52 106 -125 118 -32 121 -24 21 99 -81 
30 -118 -90 -42 65 -60 77 -39 80 14 124 101 79 -6 113 -54 -8 74 39 94 83 115 72 86 106 -87 79 -46 62 51 1 -36 60 39 50 -2 106 -1 86 59 -114 83 32 93 -51 18 -89 69 -36 78 36 -80 66 -19 -122 44 21 85 125 -44 8 -1 47 -59 -90 -30 67 -112 96 25 74 110 -20 -21 75 57 124 
114 -2 -39 64 -94 8 3 14 14 -81 -92 -29 -83 -9 107 43 -89 -79 80 8 115 96 -23 13 43 -41 121 -106 -93 51 -109 -107 -78 -21 85 -45 115 -40 97 1 7 -122 99 51 -4 79 -34 35 127 -81 -84 115 -113 21 1 57 108 -5 79 -113 -82 97 -92 -33 -51 120 50 -64 -47 20 64 87 25 36 10 -106 -13 
104 56 -13 -105 100 -25 -91 -7 103 94 -27 -30 46 -13 16 16 22 111 93 15 33 -99 95 -75 93 54 77 2 -63 98 116 -87 27 -24 -65 -1 78 -28 120 54 -61 -35 -103 113 80 40 1 -25 23 -34 117 -71 -5 85 -19 -40 12 -69 89 76 -98 78 116 56 -73 -76 -72 -122 23 -80 59 90 13 84 75 -35 -3 
-51 67 -108 43 57 -51 -90 14 57 -2 -102 116 -40 101 -110 -89 90 74 -34 -114 -126 -29 37 -78 -97 -1 62 114 -53 -100 -17 23 94 3 -61 23 79 -23 -90 9 102 -65 -3 -65 -91 15 -26 126 -39 67 -116 -37 -89 49 13 -59 -79 -53 -72 -5 -26 38 -109 -59 -86 -43 92 120 61 -126 2 36 -63 127 98 -27 14 
-55 -29 103 -116 -17 -62 -78 -96 78 -9 -48 -102 46 75 0 -43 93 69 -2 -78 33 -9 111 35 120 19 99 120 -10 -56 6 62 43 -19 74 -101 47 124 -69 -2 -13 11 23 -95 -42 -105 -11 -77 91 115 -27 -3 -22 -43 -96 -29 103 -125 -37 -34 -53 97 -99 118 -49 102 -111 125 98 -53 -5 -42 85 -109 -10 -85 -87 
107 -34 -123 94 67 2 -55 -104 33 44 127 36 -121 -35 111 104 -7 101 -73 -32 118 -75 -62 -63 47 23 -105 66 -114 -62 107 121 32 111 88 -29 -14 -95 -5 -109 77 -6 55 83 87 38 60 -48 12 114 48 2 -88 113 67 87 9 89 25 23 -100 4 16 59 -12 -24 -98 101 9 25 119 -42 -109 47 -86 105 -43 
101 -70 97 88 105 -29 127 91 -89 86 -27 127 -16 123 -100 115 11 86 -25 115 116 -52 -4 13 -60 82 32 114 123 10 -56 97 67 -87 58 45 12 58 9 50 17 109 50 -127 105 77 115 -12 35 -38 -24 23 38 99 -91 105 54 68 91 49 -50 -93 19 -110 -52 -51 63 87 -121 -56 9 23 -74 -69 23 -97 -120 
11 19 43 101 122 -61 11 93 -25 -11 19 -84 -48 -59 -7 -13 87 10 63 -91 -55 22 -85 17 -96 66 70 -38 -38 101 -30 100 -8 -114 74 -14 -48 -43 -48 55 73 99 98 -102 -88 -36 13 127 101 -52 -91 -81 98 -48 64 -126 -110 7 -37 -20 -20 61 -48 99 74 -102 -42 -101 -17 37 82 -71 8 52 -45 48 -112 
95 47 117 -84 83 -91 -114 -93 101 -113 -75 -20 -22 32 88 -88 112 60 114 -117 -110 -115 -7 54 95 50 -66 19 -123 109 35 99 29 25 -112 -15 62 -99 20 36 -84 72 -111 22 -23 104 61 -39 37 47 -28 54 60 93 -19 27 15 43 -81 19 24 82 -9 -74 -20 6 39 -85 35 -69 78 79 -124 94 -27 -20 71 
-93 69 -20 81 -87 -93 14 -122 15 -86 20 -70 -39 -88 82 -85 31 -119 23 -90 47 65 72 106 16 24 109 -18 124 -38 -74 -97 -97 34 112 -56 68 -1 -51 -44 41 97 13 -126 -118 -32 -83 40 -24 67 77 -104 4 21 -126 -107 -82 110 2 -86 -55 56 -55 -25 -38 -70 47 -97 56 123 -14 -31 93 127 -29 102 -32 
15 14 72 -46 -36 95 86 113 97 106 -97 80 -19 -55 -103 -90 17 0 -1 74 -81 30 3 -85 -111 100 -120 -111 -56 110 -16 86 -3 -71 -87 88 -104 126 74 121 105 104 73 -41 -79 97 -4 65 -31 123 12 15 25 -112 58 42 116 66 58 -68 48 -85 -109 -82 -29 -69 -121 -5 -70 80 -12 -92 56 -67 -6 104 -98 
118 42 -1 113 -73 -113 11 -57 72 -75 -68 10 111 -9 -69 -102 9 -24 -4 68 -17 118 125 -65 -22 -95 118 39 27 95 69 17 10 -60 3 64 -45 -114 -120 -100 -61 -61 38 -78 58 96 -53 -60 -55 71 -120 55 62 -122 117 -87 -90 108 79 65 75 20 -46 -42 88 85 -106 -84 98 -99 -57 -90 -32 108 -40 -102 76 
34 -35 -106 -22 -28 77 -88 -23 67 -48 15 47 -96 -48 -5 52 34 80 12 -9 102 55 -38 -124 126 -1 -29 106 86 -4 55 -7 88 76 99 -67 26 -117 38 -35 -37 -74 -116 -6 5 6 -82 -88 -41 58 31 -67 -14 120 -64 -16 -8 34 -38 -49 -97 -111 72 119 93 43 -76 -9 53 90 83 -111 -112 95 10 21 -26 
56 61 60 -14 -36 121 99 -44 -71 -44 76 91 45 -101 121 62 98 112 28 13 -91 -109 -61 126 102 -44 -113 70 93 35 -84 22 -32 104 -119 60 97 108 -112 -102 -64 91 116 108 118 110 43 88 94 -57 -26 -125 -38 41 -126 -63 124 -112 -121 90 51 -77 -15 -108 -101 -7 79 123 -27 95 -106 36 59 -117 17 49 120 
-68 10 86 3 112 89 93 26 90 -98 23 106 -91 -15 30 -41 97 50 -14 -37 1 -19 63 -31 3 -29 -100 13 116 77 5 -80 -41 -37 51 -56 -75 16 97 -113 46 -8 121 82 105 23 -86 75 -54 27 -90 74 -119 100 -84 11 -56 -57 -104 -68 -108 28 -20 -21 119 -96 50 -84 47 19 -69 -34 -117 -76 -80 115 75 
-38 62 -107 116 100 95 125 72 -117 8 -111 -46 32 -52 -26 -68 56 80 -76 87 3 -33 7 -106 25 100 -95 77 -107 -107 25 -18 83 46 -29 55 14 -32 -1 25 104 16 107 8 91 -47 67 20 -94 118 -20 36 -42 114 58 111 87 90 61 108 110 -41 -38 65 -122 61 -7 19 -99 119 -83 -123 7 -104 12 -29 -23 
-48 119 10 -57 -29 -82 29 -42 103 13 -82 66 -54 -102 49 32 -12 -13 38 -79 107 -71 -51 99 -26 -46 -21 -3 94 77 102 -81 69 -16 -10 -87 30 -109 -2 6 31 44 -56 105 69 121 10 -71 -20 -80 -23 -40 -23 54 -69 78 -120 37 -52 102 -13 -78 -106 -72 33 11 -32 -64 30 94 69 -66 10 -114 -89 -48 -121 
48 8 -13 95 113 74 -56 39 -122 -105 47 43 -30 22 -98 19 43 -42 -75 -74 54 -12 83 21 -70 -110 -96 -57 -72 -17 -51 103 119 64 71 104 10 -112 16 16 -90 -65 -69 7 85 -40 -101 0 46 -48 54 -28 68 10 121 125 27 -103 -59 82 7 18 58 -1 -46 1 -25 92 16 119 -20 54 -73 38 -67 -116 126 
-40 11 44 39 -62 -111 -20 75 -118 -22 -25 -93 46 -70 42 -64 115 -87 18 -11 16 -18 -122 7 89 59 61 -1 120 72 -2 -48 -44 -86 119 22 -69 -28 -31 -59 77 72 -25 -4 -126 -111 60 116 -70 -50 -22 73 59 -17 -47 20 -85 -114 -108 -93 86 17 -13 -85 59 -21 64 117 79 -94 -70 28 105 33 -103 106 50 
84 95 108 -94 -55 54 92 56 -121 -15 98 -107 5 -122 106 -105 -7 -107 81 100 85 71 51 118 -126 -48 95 34 -24 74 -43 -68 42 -63 -35 115 118 -70 43 124 42 14 -111 -81 20 123 -59 -114 -111 -105 113 101 93 36 91 94 115 59 1 -37 6 85 22 -80 -105 115 -93 -115 -83 78 -118 86 -35 -101 -122 112 -106 
-53 125 -89 -31 110 -116 -65 19 103 -99 6 35 30 97 -87 -12 -8 -39 10 -21 -4 23 24 -54 32 -17 38 58 -12 23 80 63 21 118 -96 4 -126 -34 -105 105 -5 29 12 -102 -1 53 13 119 -114 -104 -30 9 46 122 83 -50 -23 -6 -119 93 -110 88 28 38 79 60 -85 81 -101 -62 58 21 94 -58 46 -34 122 
-68 -43 -119 -45 55 18 -127 49 -27 -49 -101 94 -41 120 112 -80 21 22 126 -47 64 79 -21 -126 10 -127 96 79 46 -65 74 106 19 83 -67 -53 -27 -67 124 73 12 -105 40 98 -112 24 -109 36 -81 -110 117 111 96 -31 113 -22 -31 82 -70 -112 -111 -123 121 36 87 -74 110 -68 -13 107 -122 126 -126 46 97 -110 -57 
115 53 -10 -123 42 -27 101 -116 -41 -48 -20 -87 9 -5 -70 14 -11 94 -27 42 76 33 -98 56 39 -99 57 -42 125 75 28 113 0 -109 118 -85 -8 91 -74 78 -84 34 119 53 -98 -79 -61 18 -113 40 -67 91 -54 -38 19 112 -10 -51 -58 -12 -104 98 -27 24 117 -37 66 -19 -73 120 -69 -30 26 -78 -104 55 -29 
-38 -54 -14 -125 6 -51 -52 95 96 -68 -42 -83 2 73 -59 -27 -82 92 -38 9 31 71 64 23 -126 -94 -78 -76 -70 105 22 19 -77 -120 21 56 -43 97 24 -75 -99 109 -30 31 55 38 -123 101 3 -33 -18 -94 -90 -82 57 -88 -48 107 -37 9 84 113 -99 -120 121 50 64 -50 19 -40 3 48 -58 101 -48 124 11 
-44 97 -113 50 -48 -79 88 -2 105 127 77 85 -38 -41 42 -52 -12 49 -59 -90 -15 19 57 72 -106 -23 -113 122 56 -117 6 -115 108 21 63 -67 69 23 58 46 23 8 4 112 94 -82 -68 -46 94 1 -8 -48 -108 -79 -103 -86 26 -89 -92 -45 -78 42 -32 -98 -65 -97 -37 -124 54 -107 50 -51 28 -73 -66 -6 -28 
-6 76 -61 122 -59 18 -113 -11 42 -72 -112 80 -36 -30 -125 -121 65 -95 -58 96 -5 -55 22 15 123 99 -85 -78 -94 37 22 27 -14 88 22 54 -22 37 -84 -107 92 -69 101 -71 28 103 -65 -34 -120 4 -66 3 77 84 -110 73 56 -67 123 89 97 17 -11 -44 -23 -117 -118 82 48 -75 103 12 -16 76 69 -116 51 
-123 -22 59 9 40 -66 -41 -4 -49 -96 -75 12 -101 -114 -18 43 2 65 -108 13 75 102 -67 127 77 73 -17 25 15 -5 -51 19 101 -120 -99 13 -58 -13 -118 21 18 -66 -95 44 -52 14 -40 78 -48 -20 -37 -101 -46 24 -102 -96 -30 9 57 112 -123 -121 4 106 -114 32 -9 -44 -109 1 104 37 62 -119 -46 -118 23 
41 87 102 -107 -77 -127 -25 75 -101 7 -83 36 -63 -98 41 -57 34 19 -43 -61 -117 40 -42 11 16 122 -55 25 -52 -45 -80 117 -85 -106 -117 -34 -105 -14 -87 -79 121 -42 84 -70 -12 -3 0 -105 -111 84 -39 -101 -4 46 37 -115 41 110 37 117 -62 84 107 -20 106 117 73 -127 -24 114 -78 -31 -55 -122 27 60 3 
-101 82 19 111 -84 45 -21 90 -45 -8 4 -63 -99 -7 2 112 -28 110 91 -38 55 91 65 42 -115 -93 114 -109 61 47 21 88 2 -87 71 45 86 -77 8 -87 42 -116 -22 70 4 107 55 104 89 18 -62 17 -18 -124 -69 -6 -89 -82 13 99 92 -93 59 -33 -53 3 -116 -94 53 19 -54 -32 31 51 -90 -93 31 
93 -116 -7 -17 -51 -118 92 -47 -59 -41 -9 -14 99 -37 -49 -122 -106 45 -47 25 57 -14 -50 -51 60 45 107 -16 83 -113 -112 48 -102 8 -96 -25 17 124 56 86 -44 -81 -55 -73 9 23 -67 31 -59 13 -72 126 127 6 -53 60 -76 -73 -84 -121 -59 -69 55 -33 66 87 69 -44 83 -3 -86 -89 44 -14 -34 -74 -118 
26 85 -49 -88 -114 -51 -88 19 24 99 70 78 -112 77 -108 -53 4 -14 -115 -37 -72 -31 -81 53 11 -42 -30 124 51 23 -121 -50 -20 -43 -10 -7 33 29 -115 -70 1 83 -120 16 32 -100 90 -91 13 103 0 69 -56 46 -5 82 -123 92 79 55 -12 85 -123 95 -85 -5 -39 76 -104 -27 -122 25 -72 -114 -87 88 -87 
-124 124 54 106 -3 -4 -77 -84 118 -122 -80 82 85 103 -57 43 108 -90 85 -25 -1 34 -1 100 39 -104 -100 52 -64 116 93 -60 113 19 -82 -18 -113 -31 25 -122 -25 73 88 -67 48 -97 103 28 -59 61 -125 67 -33 1 39 -121 24 67 59 88 55 24 -100 40 -84 -54 -105 -70 43 48 -64 -109 -7 -104 -49 -86 -74 
-74 69 -6 115 72 -67 -45 -55 100 -39 97 39 -108 57 -33 44 85 -120 87 -97 -97 -110 74 78 -47 92 -56 -24 -85 -15 29 -31 -74 -104 -44 125 -43 38 -57 -71 127 -88 96 -109 97 -64 63 54 -57 22 85 -27 40 31 -76 120 -4 -5 -31 38 107 126 -120 -95 -106 -37 -97 -22 -126 -27 35 -127 12 3 -108 -18 66 
82 -91 -118 -24 121 -17 -112 25 34 -119 -106 -99 -23 59 -120 -25 66 -87 -3 -98 -57 102 -97 44 10 -96 -71 -114 -77 38 79 -123 74 89 -19 68 -56 -3 -34 106 5 -13 -121 110 -82 -113 -42 112 -72 82 -113 -1 57 -82 -85 -61 -51 -29 -48 0 -119 -96 5 83 121 113 24 -63 -18 117 -84 115 -24 -77 97 22 -63 
-73 6 -8 -118 21 118 66 66 -94 -122 -112 4 -43 15 13 -11 -108 -31 -18 -123 120 47 -13 109 90 -25 -43 -115 -55 106 -50 0 -15 70 9 -122 61 -53 72 94 -48 87 -30 37 -26 111 -101 -6 -48 8 -1 -56 -72 113 -75 -110 -39 10 -97 33 -11 -20 -95 102 -77 42 108 111 116 52 77 -59 12 -80 106 114 -97 
-123 -20 -18 13 106 54 68 92 107 86 -75 -10 116 86 106 -31 119 80 19 33 61 3 22 -15 -48 90 124 -1 69 111 30 74 -37 -116 -41 -59 66 -101 -95 45 112 -42 -93 101 -84 -114 -58 -93 94 89 67 27 -36 -39 -115 44 -76 -118 -84 121 120 73 67 -45 85 -102 23 23 -75 56 -59 -91 -113 -24 -118 -69 -10 
