236561
856816
219155
177601
837283
705608
14875
171306
932281
72319
853886
134343
690763
295648
191428
715396
338896
306901
595152
579811
743367
482858
861184
857031
309509
111480
777863
671290
948631
769064
429412
38606
786299
589661
446080
190365
338755
465116
188505
100824
500844
1016248
653812
96371
278987
320194
863239
469585
693101
778782
269694
344434
779899
713383
55849
936609
966313
925758
300770
196148
981497
502671
658716
646358
619732
479934
866013
339794
68919
627846
551271
1025884
885629
864797
929415
228328
526895
783710
452533
822795
721103
1016332
106695
823469
578973
958678
150293
294816
386065
931751
545492
1090088
395918
707718
1120313
688591
592970
743421
657606
482665
628501
448832
422981
318317
79830
571539
614562
45555
605353
291873
414802
122408
799990
899229
523234
193815
627208
1125285
79206
728352
1052226
65901
397235
622783
816772
219727
789205
96127
631403
652366
650599
490847
857108
867651
107654
985415
821393
965497
543950
213311
374314
1391166
811253
803851
641019
1311039
923587
977803
831043
430086
1029206
868736
1085650
266063
936678
885606
1302127
945077
989189
1281030
647460
878577
308433
687547
852785
680695
1312386
1056611
681730
462660
293452
1374283
1024743
1067136
797261
490715
961769
586687
473412
849930
772578
722382
557109
1307141
58478
884146
77353
168469
126293
947551
962087
1470015
692864
585365
842857
180802
114475
1451664
316947
220284
444107
1408248
445651
736015
1324472
960177
1140692
1090810
1043109
998782
731037
478945
915685
383430
503202
667838
845978
833852
421495
992390
797321
749833
922854
827137
1184635
1511987
848097
211297
104530
1049228
913408
881169
415575
1007848
688770
673976
1058993
960882
844309
722037
831614
366057
1612045
999647
1253677
1575985
1335717
1138263
1113038
476481
211149
423000
1310066
1366168
715442
1187068
726587
748798
1639045
483999
131951
1168052
1565681
130726
1210496
1524608
1295883
542440
1552414
1139052
1719230
680371
929676
289973
540993
239936
1293696
1663659
999795
1789451
1279873
818561
568083
765196
1529251
171501
1411289
1606699
761925
998440
1289830
1039938
552999
747504
300122
1193046
196999
1741484
530174
1034561
931372
1698964
1211431
1044720
1935108
810632
1247886
624720
466453
327437
1473078
164247
987380
1235017
1397343
817354
1178089
567445
523052
1323199
2094355
486688
1319842
1064411
800847
1752866
1871970
1808600
1134146
834861
987195
1653096
1297940
1175526
1276514
709795
690530
556645
1511201
251154
784241
526818
302763
1192994
229034
176181
1477657
190093
1208280
603221
1677609
969913
1748154
1922403
892972
1208313
212901
959527
1592065
366777
1885590
1466384
229008
618552
1725446
431397
1816974
475022
1234683
1534020
980448
1087228
2071037
1640557
796855
1333242
1539755
1702969
1548505
585428
559507
704432
79906
2002299
198660
735769
1246249
351094
1589454
290971
385548
935560
1962498
1238144
959107
376446
1472680
745186
435128
1476133
1566855
406602
772588
1013481
1867294
1624623
243218
535454
1596188
978719
2015012
1639734
1048054
2552370
994985
1033783
617462
885435
2206329
1514219
1553317
1109436
958446
276074
1499621
1121080
553391
1319945
545910
178578
1610255
1628526
959907
1770005
736142
1864144
452772
1415142
229715
1483546
2676956
84843
1187878
1476784
654031
513984
731672
375666
1954476
1140154
390367
1957999
618892
1276254
2477309
1445714
172057
2036302
2741833
586898
1498920
1194280
1583971
1234918
612157
1892737
1124382
1448373
1404032
2503932
1256255
1106587
1206674
202045
687350
1646764
2054873
484550
818417
344812
1773662
685509
1239793
529007
1796339
1237157
1631080
2750977
489033
2724695
2180116
2076763
904868
1087975
1075091
705219
1048377
864824
2032570
2104730
2573387
2748054
2621638
1152120
246513
2608321
1988861
1309709
717296
422000
2424888
206683
1760033
153786
2205607
937294
2280181
821755
829288
546360
301545
967602
254994
933993
734705
885548
1167230
415544
865409
98494
571787
417198
1918253
1596156
1850630
271169
734107
1178933
1486521
1384812
979743
1121142
2844615
1332126
756551
387593
819384
996475
1671094
2628146
2416482
895615
513407
194698
777673
1508903
1804088
964688
1178470
551994
1671465
743727
1299394
700124
981371
230651
2229243
2612901
2218827
1461302
654108
1694680
380830
1161171
662708
2469662
2123844
1456824
2849549
746106
2612862
2010778
2605311
1987151
553915
480779
2448301
1258684
2789378
906318
294681
1249050
2544761
819638
1950736
363623
2393381
2087348
1057060
175732
1486879
1450071
2632665
887547
456592
110217
1489426
292461
235561
1744979
1028747
951748
1075672
2598996
2702623
725562
1441469
1894203
2373700
2723023
2705375
2780285
501014
2397757
505819
968692
1818241
404489
638166
211091
1660295
1352373
2354571
1813699
122791
1417767
3198057
2475355
2607696
1960185
1546558
458985
2871348
937556
2175579
1383226
2325449
2912167
3393693
1743044
3070307
2566243
314631
2076549
880126
616382
1225925
844399
220626
501645
916231
2547054
2057329
1450701
925813
958840
119179
3142151
1207225
2324496
125952
2545468
2253530
971319
2993461
782427
2396849
2193254
1962556
1641166
1689831
531181
501251
1217342
3352364
3360824
2845663
377953
1592406
998889
1381273
767385
575008
2665459
725456
1908628
1446827
738955
1947920
3305734
555146
1804874
1506039
3249925
184365
1453970
279935
2736162
1456549
3531005
2860305
836337
532840
1674907
458933
2511743
1472177
689376
3513062
300847
3079095
3182861
1024620
3061526
3402233
1422833
705277
3076598
2442222
784777
2609179
2217827
1154440
1530718
358070
2783868
3205745
3370379
678708
1815142
1258664
792773
797499
3262283
1691784
1015319
2719808
538841
3023608
710211
793895
2756756
661518
1181336
3228156
1972592
2837673
2616403
2018278
746013
3182118
587450
2522645
2962298
3209767
2800596
2547443
1226005
919654
569705
711356
1197960
1620645
1525501
1851159
3729180
1201676
2883480
1075438
2373062
2762366
3557524
2223516
628842
1760700
1250660
3090993
1063402
895595
3227340
1329473
3503378
1466653
3792716
635588
3457589
1260524
790166
566422
1393876
3369873
3157561
1284464
1977730
851163
3077665
4058335
2526049
1785494
951606
722311
2644781
113030
3354722
3106613
1181322
674984
3254179
3410446
1209525
1632548
1250516
1515532
1360948
1915898
961866
982112
99273
1304967
725831
1492870
147566
3379554
1150796
2975843
523658
1078714
1125005
277472
2376223
2187694
2468564
1598259
3965037
1357584
70068
2472870
2438951
2787531
3306092
1977843
2188469
2880880
2528979
1010939
2170304
699739
3099457
4037376
3773274
1201901
1437897
348156
3629912
1693142
3585102
1411706
2315385
621958
3179294
741729
160333
1322588
209403
1112354
321072
1239948
2190371
925103
981914
3701791
976079
1149168
254283
1652172
1611057
3703736
3426663
1039669
3179983
3499246
871654
2837232
623531
1027463
800781
331117
758603
3430845
2027854
2402813
2892533
1015305
1346538
767159
328725
3424959
2649298
3097232
1335309
4207357
2354696
3230772
3519607
511377
2162559
3407605
411577
1092659
4233012
3935071
3394831
773763
3107762
1134774
1746818
398453
2829557
2588218
3449260
3443506
2491710
1692267
965450
4157939
3432513
2132501
3346301
2071121
3551085
1234286
1142043
1231674
4012757
1096101
1963573
236657
513605
986777
3115778
206198
4256981
2974373
3761609
1082800
586216
1963287
2286518
475797
1521076
1960674
1201048
481762
536774
216323
458400
1460491
3898174
1308650
2865780
4351840
4261627
3573941
1730319
934319
2154373
4507716
1622661
289187
2605075
2080163
3306855
792274
1651214
935651
765346
2015526
3611660
946589
2125277
4048949
1017077
894392
3534881
3446852
3723701
4293806
3897870
2496615
2663910
243421
4403460
2550834
1908157
1395247
1608021
3360299
887102
1905080
1040493
4234714
4397779
3189076
522110
3817013
203709
867878
945070
4571071
2849087
1087492
688197
2680869
4121465
2114184
3655918
1898171
2595061
832287
3739095
784641
425007
1245805
551207
2844569
1252217
1427334
3640203
4206845
1459099
2257210
642552
3600871
3761242
1249658
2651545
3492785
1184392
1386933
2459809
3331209
3416197
629280
3674977
3799289
1860896
1085785
4105896
2982523
3396947
2164607
4144720
3950435
3263177
584292
571533
739825
1661634
1709653
3407244
2472813
1160103
3892484
274905
11195
2837771
3641995
1036447
1437408
1955831
2722802
3759973
3438526
3953536
108624
706158
436733
1052654
4146505
3496718
3678318
969848
2762952
3747644
3594541
2190433
1435736
4142828
2486094
878370
1386423
753350
186455
3585564
3789723
704765
528895
3861110
1427692
2068004
3247498
606846
173611
1719606
3778216
2770764
1418670
320783
505863
2000631
1003435
4098337
1287236
1769864
2601494
4570594
431676
4282054
3576153
1075663
931060
3996545
3978593
1330779
3004384
259860
3914743
379762
995016
1242824
3896860
1940567
3775635
614979
3452949
4708714
1534376
3923524
3259700
2103093
1128495
4243046
3820717
3666239
2903600
211681
4181546
4196899
3710047
2406933
3939995
1103402
4813782
2451985
2901783
2716011
564431
2919196
983877
917352
254038
1003182
1050553
63289
2837131
146671
1362085
1042623
718237
2341955
768120
519471
768928
4018348
3451635
3287977
817985
2634957
2364942
3556196
4015144
691431
3415813
1205282
3756334
3724608
3739782
1209360
3162003
3740136
1093208
1500264
934052
4247021
4233889
4420115
4318810
474171
1186652
180108
1943886
3330916
3412251
4996577
3367050
3033948
4097185
3660236
2098019
191862
2473266
2551814
606913
3309481
2553965
1008978
4231267
1227325
1562839
3521744
4987211
2944417
3193817
560935
301408
516011
5143700
1043644
2534014
4269353
1749066
3741352
598501
1007676
2233787
1894211
1832451
4597645
187050
4075796
2696433
3850062
926771
3672665
2955081
4616521
507418
4535391
4565799
3416235
2828552
4586149
4162994
3281466
5150929
3877637
5139251
1246025
3894925
911707
3462025
3455500
477637
2407497
2921943
1548651
4080968
412957
2628048
3391139
850224
1114648
5162548
1096297
1240014
1372975
2808150
1125841
670358
5374672
486575
4064731
1172871
2086885
2200409
1372975
2266751
954007
2533926
471466
259853
1673356
1147618
1263713
871349
748654
4962607
5490992
2421910
5029668
3491648
2079625
4780616
3053353
707091
1651010
1806790
2038379
2188295
1127449
4264107
4466028
4907701
1919344
2246659
493780
4391058
2214535
2719768
4524951
604093
4996221
5150064
3448647
129813
698950
1397244
904479
5164332
960233
2863645
390801
2130726
1371437
315890
185790
1077807
906210
3408783
373259
677778
1259913
5445793
4090438
2556026
1914651
3490120
5357625
3747269
4903698
3989174
781724
4438483
1763993
4433623
2992128
2029795
4047761
4797800
362505
535183
4451793
3712615
1357973
280529
381079
233209
5752031
2826796
196237
4556314
4258133
789086
635105
3118731
5310911
1581220
3390333
596342
1793107
4893385
4126503
4454670
738642
881730
4507807
1003589
1382204
3376762
4679453
4519607
867779
4971114
934136
960473
4704261
5111627
4409441
3608516
803158
5708304
752932
3758674
850380
1596981
1163904
5686206
5517855
2976199
1796697
1377339
1178430
5645674
1777755
5012582
5004836
562809
4970537
3420321
4485472
2886968
1092869
2846936
4163203
5005833
900352
1888512
1085603
3972397
4555520
2574540
4580180
1089856
4210901
500225
1085212
3046203
1891787
1850392
801523
5015357
1554302
5691761
3946547
4999223
731318
5070900
630936
711119
833427
4193215
5170058
124743
3495498
1503275
5635105
1018179
843687
3824751
5766658
5011780
4901139
2386052
5531075
4602650
599003
1087293
1408376
728186
3138283
5196918
4473047
2594010
4387086
1441429
605875
1497118
581152
4729431
5321586
641788
5499173
1141058
1452976
5018215
3705959
5276295
5270113
4776432
5167457
396522
2879056
1121584
1564415
534606
1965906
5310739
777755
3416097
1178300
4516648
3243105
1383455
306519
5592324
172421
1677087
254230
1672252
5502886
5842624
5732598
5661244
5514578
4252995
841476
2201794
1069938
4012280
5533408
944070
4798086
2421088
783195
1133284
1130390
5315241
3656144
1778717
1752319
4366531
4004082
5741133
5733078
5832513
1213835
5306199
4709040
6065053
3539481
1202462
5250123
1618914
127302
4010437
3109437
408291
5986383
3215755
298767
3149281
686611
2724221
4505781
1425269
6160272
3102621
4522714
1486894
1012612
5067718
1628220
5230078
6190869
4622915
539042
4594130
2844274
5532992
4875010
4595812
2244359
5321645
986855
4799460
4692132
5558725
85572
681834
4619705
4736041
438925
382583
3008824
3817806
5004872
873663
1603884
5215567
3160541
1084103
1385559
611472
2372237
3719729
4282047
4244176
2323759
1091103
5698166
33531
447876
1151935
1334823
3873982
1906964
2463295
781273
1269889
5829319
3563936
4900234
425364
2224156
6126338
3545578
3123287
4937962
6308352
518778
2541916
5789800
3133321
1282563
142066
5668094
1871532
4975681
3861357
3380901
5555616
866679
3291566
1149669
4730966
5073772
676585
1259099
808644
2684039
768971
5366680
5316188
2087911
2482267
4168619
857561
5485973
2154734
5095612
1198617
5937494
2754127
5730102
6172997
6065986
4871199
6416228
5901981
3357123
3057498
2632237
976300
3327420
5518827
2966432
2450113
6442516
2832356
782977
883742
1593034
2510469
6093684
980410
6200652
292244
613972
2338228
1116153
1232163
5116614
716864
4618006
566301
473779
1103803
1022501
5028018
2475422
1403497
2412399
672787
2328618
451672
6129132
5211060
138913
6242698
665661
1274829
947061
5314218
5674790
1143816
1670276
5847264
5149612
1626357
2390559
961270
5442671
1944870
5094204
1887316
1082490
1840025
6050673
6002751
693215
2678870
4781817
182145
5871194
1382828
2024358
3551028
3164991
5751522
2176742
5616698
6050856
5923699
2444680
6013141
431569
4743467
5952242
938604
259001
5136557
2427083
1481889
222207
2528794
3802107
5815093
3745927
948680
4939203
848809
5050359
802475
4710122
4129813
3606691
809951
6288328
4308037
5489193
4277127
166458
4014385
3722696
2593450
1689786
790697
780807
5738689
3272615
941588
6302563
272342
6012909
287095
128610
1472834
4249688
3020731
4460485
5310033
2922124
6496315
5706427
5015299
5336558
1744950
1620723
419289
4493987
1358890
3422036
3496462
1829040
5172421
1195860
6188264
5437312
929576
640106
4870219
5087346
6472006
1005421
1395328
2075323
417466
3072848
3571435
2483755
3897512
910285
3082461
2052633
2382850
6747840
5827962
3238533
6633460
843813
1999047
6525824
181689
3366188
827183
1179009
3905227
2575347
641675
870484
3302386
2137206
7006756
1106655
3881453
1490765
516966
335025
6520080
6186118
4795366
2768420
313384
454981
2197568
5949376
5556058
6379233
920218
5407289
5549513
6354613
161073
5816563
6076579
3849543
3650374
5365155
5366981
6094900
2638538
4598167
6519855
589873
4024271
843802
6230026
4853318
2183355
2072166
2113158
1524472
193270
5139155
2193082
2470441
3680955
402985
4301149
5723150
2059157
4986882
415198
6663158
5649484
150504
1614089
6983208
5358338
6442756
1889340
1321922
1027164
2409749
5789886
3936511
2913703
3071256
4982097
5419614
539899
5104126
4225225
1789761
5729817
1782660
6258334
2462431
857664
1030744
2596193
3784764
926010
2811259
1121632
5630794
6418017
5001850
963879
1354211
4965277
6456546
763242
1397450
5772184
2470492
478275
575819
4427217
646181
2818932
1129101
751518
2456552
2471905
1504555
2544241
708285
5840618
6941467
4063122
888450
6797343
192636
964188
6212118
5983414
659067
3995521
2704523
2829797
2011101
296340
3393219
804068
1198802
699813
440556
1124851
4489825
1627264
834775
3146364
2040415
6568176
5696408
6138151
2696336
6193359
4213861
6906301
4079817
98385
665611
4117553
1130079
2972607
6611482
4050618
901849
2246400
1352085
6874517
5442833
938674
1346044
686006
2946457
4664057
369592
7393141
1038772
684277
3729638
6273400
1679700
2661176
420391
7149509
2024822
3620034
3578768
6301968
6313021
3781374
695208
7585993
3073507
1248110
4156102
1334617
4292031
7220029
706848
6758851
6529692
2451147
4741353
2114623
892792
6012569
5254064
880256
1430259
1524362
6022897
6968207
2666513
807105
6955770
2035719
4246640
6275989
876695
5309764
2221874
2228299
728004
3461595
3117753
1154666
1263189
7870327
4690888
1618063
990352
3523032
917241
6397699
7363459
1518766
864041
2694619
4679932
1900878
7548431
3690439
1601857
7740155
6409933
7364166
2515310
5988661
7330338
662451
312423
6784295
217289
1866027
4872882
7638508
7242231
3513414
7021118
763464
692131
2774724
819437
1012964
1365011
2518888
734178
6420745
2107147
2422763
5520017
110235
2679260
6155665
782944
1317492
922237
1084264
5897535
2673053
4485598
2399229
6787669
3012291
3181115
6892421
4309090
1082231
4658490
2107667
6747978
5447157
1041339
2333613
3705179
4596022
1867679
1632302
678875
2700769
7757108
6084588
465983
5720489
1044595
3071383
7534878
463352
2795647
6101656
4389001
1516992
5651020
3167109
520157
2207648
6643883
2058175
7520797
5435154
785819
102183
7422008
4197088
1466232
6998364
5591018
2940679
6713868
7009471
7308961
3978676
5091134
4134642
1823053
3409732
6289699
711845
716646
7307957
656615
4444682
3219338
1547019
1280710
458382
2324994
2518883
7258668
587406
7982735
6304338
5133921
4410436
5205984
5060077
1286000
6350670
6784608
379395
1131186
8202854
7089398
757908
1066553
299625
1117562
5937469
1388047
4960734
3567666
7545730
5924968
1083611
6100063
7409523
559711
878477
1993691
3412055
3766969
1182519
4412721
2654022
7150392
7505272
646819
7370053
5804432
619000
4323846
3740475
4037397
645718
4597904
1377012
4856506
1327039
3094238
1927300
6781131
947850
2108079
1828839
1224158
1456840
8268061
1087441
785441
4442180
1348545
7195285
1093804
2201842
8279388
546308
767192
7583925
7939337
1293284
550177
6457957
1613571
1116915
197600
752244
4074503
844372
686063
1299731
8128945
6798268
7557887
2305501
344086
6865084
194719
704830
5173955
2859127
7712267
7896100
5470625
7796297
5722968
801552
3659234
1253168
2259945
313515
3144948
4629911
609167
591472
8511912
4143093
2259116
7945215
6307573
2065671
7914363
6095492
929023
4073095
6912786
807451
6590300
6803743
1429548
458342
8545567
3410284
777454
4476499
6661272
5274063
1078996
4474185
3067472
8603029
7932743
995717
8005562
8200563
3174754
909623
2952066
3451386
708479
5431130
218774
3556948
316576
5042797
5066704
2531423
8000047
813546
6886571
5631706
355667
2105684
7453417
5897692
2373667
5542305
1759250
3412615
2579826
6845091
156942
844252
6958743
2225692
814784
2532076
1034580
7617473
258363
8543511
2263121
1000697
8221814
8343985
6904069
4578162
2798229
1588234
4083770
7001433
8312440
3005889
4997754
8660901
7288045
989122
7468482
5111408
2820369
8649988
5522007
1650347
5358210
7118019
5909462
1311393
8701636
1265386
8001107
1522812
7268723
8092636
8669588
1993466
509822
1263256
2807904
8060329
7752749
8167102
7553338
167828
982023
2591816
4555900
2876514
3869091
8638371
4347494
3871884
2966085
1756470
1158705
491302
2012190
5581166
629937
4953175
350805
7033089
2326188
269803
2083712
5756066
8415836
457056
3634505
4501912
3777522
6386135
3565406
4658741
1155822
7950347
1381566
7497665
6827912
3304522
2589418
7009752
3526204
4180520
390373
8256246
513619
8458592
2182939
2240871
2968924
98046
1487585
480451
2513098
779299
8462768
930818
2933851
4887672
64587
3790981
395974
6884688
431959
1513875
4919625
4980058
7178794
1097085
704504
2401606
8702009
8255284
1776735
125136
1000100
3449048
662595
339512
579972
837918
5559394
3326923
895152
5397571
115169
8688165
3097548
6396038
3752463
2003176
1467760
4758132
918665
8650928
3293500
893943
9092546
3524128
4589371
705709
5562012
3165310
7930140
3415734
4570502
7964446
8318718
8109569
3431387
1461501
818036
1499544
1427817
649202
5853186
5786047
3863607
4311826
236006
1941621
4736608
923529
1134815
3455483
255150
2604782
1797892
6172798
6957753
8949944
556838
3862633
3217870
2757039
2003004
1446469
1743005
712397
2651208
3491038
1947437
8715637
4195986
7871700
2657263
3264474
1508444
395036
8784239
3070124
1945379
6626761
8960463
3435647
972100
1025210
6149008
2574057
6762008
2445733
684201
6322724
6827777
842826
3162214
4083540
6129119
7455779
4974000
319015
3506126
4350465
4848520
8642339
1404959
2465878
9022679
4080304
8821174
6869404
8929153
1054863
2808715
877589
8355506
7704460
2323732
8672086
7930408
1378783
2178318
3852645
8939861
5229287
3113548
2152591
5112695
5309066
4757937
2016641
1651916
2088513
2712664
8514334
1087541
5033470
4663801
2012030
7325853
1117575
5958700
347135
544676
9364549
7190894
5736789
5607626
626761
2281952
3383089
5004198
2380064
5772804
2633265
975088
3053076
476546
835038
2253547
1515547
5486534
6627096
8991602
1827933
405381
662081
6547333
4554724
788803
5684030
7901347
8771558
1446858
1750221
2829857
3775446
8786708
9210790
3704877
5388897
776923
7548546
6805357
8871580
8292420
2509421
3967243
5416425
816350
7231929
3296137
3155589
3806428
2265888
7322024
1805157
2254173
7279200
4719877
7111572
668934
846290
7051902
1977033
238917
806072
7791288
6234276
7629236
5998690
7128487
9494999
1216144
2299092
4002028
8385898
9593099
1661242
8631833
4227634
9501645
580238
4623127
6847578
9245067
694771
3743644
457533
1464836
7205680
3104368
3374816
2803090
4495537
7364468
779109
9287989
9789950
1937448
1537222
9074168
8324375
2940077
1295668
8166713
9054526
7665617
1274629
1222160
1948387
243500
1128361
5351198
8938916
5867781
3430254
9415414
565006
200280
7451182
8338012
58539
1594960
6452448
5366254
7337358
4930709
5446979
2058841
1341993
8232000
4616042
648560
3603689
9329660
7765239
8898033
8306920
1748196
6566983
2361291
9220554
4557287
9027044
4988587
9856177
937201
1428209
7816655
6586851
6632082
717900
5063912
9316682
9162962
1767547
584840
2138255
844043
3027547
6312496
7559080
8644373
5653895
4557556
5023376
6912442
5149643
591862
400805
5586808
1310999
7916887
697445
7790743
860200
6144773
3939622
1979712
1122355
1227295
268255
8131814
9281579
4448669
1220748
728355
2142033
9578306
5249417
6054703
7421022
4459802
9426395
1633943
9713155
3574434
187509
1256681
1937736
9309532
7381930
10114870
5334925
9671107
7488383
8955261
694734
8809666
4092896
1435750
309425
3928127
1248821
1022741
1979710
4314317
7375839
943153
1305466
7347851
1609417
705493
148916
5761077
3003813
6028212
9564197
4209148
533182
5730039
8322009
1540711
360471
1463887
3757286
7014741
1533157
778447
1891105
5759376
1526202
7376661
3928415
8608524
1632800
5913410
491344
1543140
3689726
5293284
314704
10094274
8914673
847010
917908
1496712
1065191
3142114
8996287
1580738
9455271
129492
6991007
846737
6280099
3996204
8452914
910173
805502
1451525
6477180
5588227
8560035
9918798
1484464
947381
5657314
3253673
9107563
1346096
5916638
8762914
4575274
865084
555223
6454348
6939927
503676
10267498
8386628
7598140
6334831
6199939
10219591
1127002
5000526
425960
1456823
2862004
5395252
2461283
4005584
7944999
165885
4310695
729164
5057834
9375613
6233945
3570542
2472610
290779
1171043
4756142
8978149
9279700
974156
1873437
8408177
6286135
3985859
924461
3954802
9688145
1232750
1745020
1337129
1207263
6131794
2718174
1485916
2204181
2858526
8939282
5788210
1737266
7704897
7621491
6485993
1169423
8136791
1967576
3797233
6227400
9203973
9443128
4589748
8537202
10156809
6263989
9120305
1197807
8546912
4391740
2381202
279168
3475043
875465
10037902
4460290
913986
66173
2070589
5730160
10337297
1900374
10625932
6070353
8883803
10693439
8271103
5090622
576875
8736699
8682768
1782506
9577564
10550447
10344620
1043445
3728274
755381
8124325
693633
5350032
1290022
6701023
5645653
9427317
3965979
942483
864956
9401092
6478955
1688536
9298876
7524758
7201260
380864
273104
1832125
9675594
6342018
1597556
1746793
1265216
2769830
3175627
1213398
5674655
1238956
7905416
3887201
5381181
7972983
2652989
9922823
648775
912641
655646
780419
681016
427351
4631460
7034047
591434
6185452
10327343
1157100
692922
2554495
1920124
7010254
6764492
1038491
8974273
7291674
5454908
10529601
5645050
5538935
10449362
6522708
2568273
1538310
2613186
1199948
2333652
743877
3433620
7828926
230817
5476599
6742672
10769060
701655
516171
1214340
7998444
1898049
9588888
370973
10316690
4423768
765333
6325437
10669732
8588269
1733584
1791011
10559128
302830
10884999
2239829
942108
1418205
850702
10094875
4952786
9346124
550421
4296336
1705380
7311109
5485470
7433060
988933
7838303
3671481
2696790
2445032
5242165
6863702
8279996
1491217
10682449
5471975
5911948
1490252
2318750
8408587
8697955
6666675
1710517
8411392
4842643
1409722
5184348
3648138
640341
7050024
1029448
6084680
7461629
9028556
1765169
3399136
2644863
680547
1608335
6926766
117658
368965
4436086
4071409
9831214
5350429
10205316
1444838
10510221
1426506
6060819
7778587
1758123
9209308
5599013
10673839
6078181
690963
201618
2319697
8724763
5414838
1755008
5739198
4396353
2855344
979904
3090745
8593036
5664706
9539472
11256239
3266708
6916098
5121604
6403318
1127986
292627
1696798
438436
173024
2149929
10270418
3284008
2739020
2653105
803322
8250822
6316520
9358694
3776575
7993919
1161028
2744314
1110754
9065206
3615668
4869323
1824603
672515
9958890
4384028
7555275
1884218
5762091
683874
1563075
6579673
9800931
3297741
2573209
7476525
4176687
5296640
3707232
2592300
4965937
1236781
9910789
6676729
7063563
10613076
5604096
9398453
6695143
7606471
2590939
8686921
8841781
122426
1494322
3757073
7112138
576485
10851002
10809264
1422822
1106577
11669868
975386
4767737
2685965
3961022
7276411
925440
2337614
1850757
8679409
2314659
8827401
11432542
10662540
9074574
3904610
4484394
9763636
11179332
6339329
10469084
5010072
1065325
1392356
10739626
1397401
10007632
359111
2103929
7991137
10392509
845051
11042716
8187714
248140
10195665
6682136
11399733
11392332
430873
9306713
11328442
2768992
3354014
1521906
5931450
4807617
467564
1746114
3343049
11012319
7921735
442710
6520286
1336544
1574559
381288
4266661
1542859
2743595
1042647
4342016
11050106
6981576
3641622
1166837
4256602
5965524
10754623
4343520
3480145
10179047
6224114
799445
11355494
2796459
4901939
1186591
6760463
7884629
10945763
7145294
222156
1652296
10799890
6649358
9356205
11031081
11480319
10228262
3242694
6555248
9323079
9990308
3233117
10737185
1811105
4353614
9075503
12005055
3833470
454748
739130
10176224
1601104
2398627
11538893
7698661
3366949
8151145
2139832
3252313
8079306
1898111
726600
1347647
931759
11228596
11935659
12036701
4039387
585735
2393328
10660986
2724640
10264507
7380542
8326531
116161
9912031
8351687
8994548
9121506
762431
1832474
9383350
10202785
10549455
9245920
10361632
11588155
9446425
331192
8145574
2634507
8576099
11489354
1093457
3023035
2322709
1766630
10551837
3756807
693883
2168539
1073684
4483151
6009702
5175998
2199149
6914705
8066130
11110870
953004
11636113
689437
4591723
1915194
120450
3687204
5343968
3973197
3145128
1251990
1146561
11341981
2139277
2328483
5477377
412723
1532740
4953697
4761222
1186790
687681
1457629
10327398
11316306
5750236
5050633
1600513
1054009
546262
1819528
3933919
1230370
8265543
9563204
8294581
9904062
866474
1182351
11205855
10103218
772760
765719
12233924
9372214
485998
1126203
10797664
12750
2548429
8158371
3238652
8383320
9147800
2503396
10568990
11047723
993885
4234988
285564
8648933
6095899
9776583
8869671
989778
3920283
5427790
7649732
1062529
3034747
9638000
11748972
461734
2655841
6896933
6939119
3188703
10784637
2741902
9565472
953931
868209
3031896
11693404
649329
9695531
7168162
1310823
1390247
12136981
8482621
7124569
11629290
1311995
5212292
7960144
9155574
3829100
425788
12163393
1660441
4149612
4474265
1918707
9202389
11384493
5282367
348749
8854949
12185915
1532386
362600
1093672
4858903
4731333
11086666
2723576
10358281
2817181
6209058
12530212
7350509
4737482
1027108
416799
3776150
6204864
8682783
3089177
1235561
2162931
2850019
6078866
10963286
985193
3895602
2144751
4458640
11721824
11342397
8418571
3079722
10183096
11733596
11584041
10121608
834439
6081498
9265687
10737081
2529169
9937327
2419436
3427408
11878212
9346802
1048318
1460244
1248220
5101918
9242071
1550253
12063107
10418363
7775024
5432342
2241030
89831
327821
9762947
370531
3136583
3847398
11927048
5476864
12061779
11459808
3132336
9301676
12210018
1492131
3773163
688873
11965503
2783923
3801987
5939320
863077
12409999
11045395
712900
10539438
11302497
1792141
10408932
5972885
12737428
950721
9021539
11436320
759869
320099
7783116
709845
599548
6842287
6033148
11780217
11979786
8055361
9290498
6465086
657931
1321753
6664176
5980490
11739055
4042139
12036108
3319000
1765559
5433167
12213086
12203953
2625443
6120943
10130966
3250151
4162604
11318039
4955459
44051
8062880
8028332
707631
612852
437821
3543324
11553922
1394044
2017536
9304923
532824
9778636
763209
1611340
692463
8793398
3125283
1286073
3448060
11451071
3765287
4389484
2237552
9968630
12775510
1441647
11940467
6342307
1003604
10484922
12241035
759818
3302554
4194194
2907566
3022539
9001222
12743015
4873860
10281032
4615185
2288366
7114707
13047089
4218898
3766522
6713829
2181077
6634042
3124297
736007
11893250
3388484
12217198
1158699
8929791
5758530
934971
11035150
936261
962216
12968868
12215030
6338468
3757555
4628597
12801519
2218037
11997978
8642793
7873287
7287914
11166903
1840676
1981228
6708105
5191976
3597576
3389305
7030946
10918534
4967902
7726599
10415407
4121501
7841961
6422770
555741
303256
10777899
11853852
9304827
11826957
13179474
12486923
11509697
12498526
3001838
12666947
10626048
11375618
1184818
9470977
1197461
12332596
1362771
5640676
9716612
12161395
10094748
2432153
10919524
4057861
8764857
11614684
2172569
1928171
116161
5705861
13169731
10797198
12668369
11616925
4139614
4043793
3294423
2911675
8020392
6011850
8264602
11531753
4336320
10403258
7813638
4149584
1218180
12891267
4267170
12595716
12261530
1419773
12280972
1564003
322429
2795460
9586470
662867
13305635
1456524
1265532
1704241
957745
5447300
8661866
11163465
1002741
10565857
7057439
12178106
8056423
3296437
2611710
12420559
1744480
12011045
9337788
956738
2328761
2260105
3026565
925447
2367250
12730835
2875041
4376061
895471
2022099
7191827
4648170
405433
1586577
8756584
528229
7372134
1122824
11496153
9562281
1669708
466219
9908
3540986
10745327
12175779
7925763
3795931
90383
861689
11007542
7794731
5365947
6353089
12784671
4024885
959381
5717305
993098
2933331
12896521
4150838
5284238
8044036
9680124
11807809
1319680
10549844
12927676
6449122
6091257
7272000
516788
2508733
11362873
6688438
12802156
3773357
13260361
1785060
11895155
11587686
6122117
2293696
8596881
1857727
4199508
8714969
12991247
5301248
10001911
908046
2068092
13227082
804996
2575483
11947991
2458241
3641718
7412598
8358035
9210256
10416270
1411496
3313484
13062584
2453655
2913343
13380236
7744437
1986049
4437089
6723718
8022988
2827119
3870480
977995
730451
6967790
12867001
3210992
1560667
10548782
599328
18852
8496265
13296846
834531
931949
1847826
280903
13099968
11556364
3681983
1706052
11856210
2510167
4284667
901487
8844055
1905092
9612857
2234052
11469126
1167436
912685
7152676
11129412
1356884
3081987
9405084
2843270
10476496
11475288
1068682
957275
6899533
7169347
12876537
7176077
12154438
3802248
11974318
3657245
627231
9469659
1231932
824222
11161875
5172390
3583208
11488888
11062288
2052168
1481899
1280059
5250874
7401495
646375
6593588
6913461
737124
13837218
2133703
5455707
832414
2067702
4504976
2651136
12944274
8720062
1062018
1864225
8589853
5662659
11896796
7242656
348544
13961943
7061996
6458220
5775223
2029355
6187697
10380299
1898134
12774423
13279385
11071376
7280346
2812113
8519470
324002
12816615
13847013
4535519
2053126
1951484
13753757
1217230
10868832
792119
1652093
10207891
482260
277907
411528
6655555
730348
5224454
5914858
13184295
13668634
5537817
10636701
2415020
13821985
2783513
4800796
8816223
11588352
3501702
2738181
843541
2800105
6358816
77184
5504981
1971736
812264
1084276
2407111
8821136
11712428
10831341
10134329
1926070
9795677
13369976
3179413
4747884
2048897
7925690
598664
857853
316845
4342676
13763220
8670394
13127627
11240919
8261450
13335839
1375000
13633547
13121212
12312546
13857123
13496392
568665
923076
11799900
1182030
1736765
730229
397041
6161809
10993188
10185090
11521406
28338
11353174
13248351
11152867
13422798
1686463
5422864
4343912
1176574
12444373
1052426
11021274
3818639
6277684
3530441
2567913
346291
6974125
10467318
1270102
8133410
4664578
4145769
13182600
5602116
10925092
1992052
1014836
13814862
13369365
985213
13018299
862845
2827117
5178947
3826711
4765975
1838265
1966642
64715
2655412
5647374
775150
86687
6082129
7264070
14186934
1705323
3319857
12787203
2602578
6530815
467893
1877530
954357
13660454
11455883
3613585
2001643
1081500
5409477
14326415
3737720
366053
13359143
1085544
887795
9760948
10431214
11882265
3041533
8463002
2546922
773677
13925645
7833245
813671
956878
13795607
9218586
623915
1772998
9642856
1581715
6124335
13733572
14354232
14022949
13174395
2121174
5700957
8992683
1923709
1576274
4013814
10668215
7240264
14261395
3885919
5751692
4810735
8855771
664642
194282
5866712
13233041
933918
13388369
13782479
12822752
1828763
4554423
7034084
2549821
13504039
12226544
8053982
5404513
7573023
5789133
8967057
12797477
646712
5889666
11589713
1366608
14403556
9337288
2704454
12633063
14025246
6263773
933053
1636546
7152511
7810853
4746144
1524721
