7 26877 90784
17 85144 87989
4 22817 50659
14 1991 82495
3 13896 46769
16 2728 37510
1 79351 20520
3 574 82409
15 66498 70203
16 53616 51938
7 87236 78814
5 68293 63957
3 84911 86774
13 51919 88765
10 64992 2660
19 42287 5388
6 47265 84739
11 57751 85313
7 30750 51811
1 7732 5427
11 41407 92662
7 65865 60954
20 78311 45864
17 41416 97783
15 87015 62775
16 79383 5061
17 9259 52326
14 59655 10076
11 92460 40826
1 95467 48557
2 50412 89964
1 84170 55829
13 81885 34139
2 66374 75555
2 39627 62570
14 15540 41952
15 96841 51211
6 62881 10866
8 14234 3325
16 17396 98792
6 25985 49203
4 27236 33372
15 89441 15256
2 97509 81629
17 3360 21256
9 71985 36795
18 45671 33636
8 71682 96517
10 7769 10750
11 84681 28146
10 10150 54131
20 25583 81367
7 96843 70807
10 2243 68315
6 83197 71675
11 26720 43659
18 12195 89330
5 48880 61012
4 96430 68780
6 47305 53461
12 96972 63611
3 95841 89193
19 28081 86036
13 75577 88278
7 4702 71474
1 55082 98194
10 42257 10388
8 63068 59267
20 80395 55697
14 8471 3002
4 64694 99973
17 75046 95813
15 66765 23894
12 29291 99471
10 60130 4172
4 62644 59254
4 8817 1510
6 44319 64577
18 40832 44972
9 6125 53443
9 24878 18136
9 7243 93182
8 78800 59947
13 36393 89237
13 82264 49367
14 99608 12010
6 15146 20826
6 41071 65144
19 26263 5975
8 67152 12099
19 11042 36977
2 54905 44220
1 94581 23019
13 58151 59412
11 21190 41675
1 88401 41283
3 14865 56428
7 42839 97499
20 35390 23761
1 72912 90913
4 63876 1954
11 72976 56859
20 75256 51440
5 37483 9590
17 88947 30779
5 89776 19180
13 2615 34044
4 36279 76882
4 35088 12272
9 39871 85183
7 56754 49059
7 10613 22034
19 8692 97290
9 29789 34772
11 10298 23719
17 32482 13494
1 95948 16108
8 15842 52387
3 33234 87475
6 74386 27346
3 6451 84099
12 40469 94712
17 31346 3403
16 73662 33191
3 25568 43489
8 8252 75970
11 10116 71917
14 46023 87758
4 58812 20992
2 83872 95377
7 94115 1827
4 53416 42296
3 34749 73642
4 13372 47303
10 26767 72871
19 63880 81123
14 14487 91238
9 81201 37260
6 301 96072
10 6876 79943
9 40796 74057
10 58814 27473
18 71543 62221
13 87675 75593
2 36997 2360
17 29807 66240
13 98586 80726
12 39283 61926
19 67737 62227
18 17182 69103
14 62004 9898
9 8652 68711
14 97597 40254
7 60182 27929
2 70071 64925
3 52830 94731
16 16711 93317
12 71830 32599
4 64209 336
17 52659 17517
11 21052 79520
13 63502 88172
6 33424 85768
14 65567 45950
20 73302 16020
13 83398 68849
12 59733 85559
11 16794 57388
17 35781 21597
17 16994 74255
1 67309 95307
17 27522 58808
14 56445 92231
11 25623 57797
20 22728 31099
4 84757 14497
17 41518 74230
15 91596 91023
6 74272 26803
10 57284 43797
5 57811 11105
4 37858 38627
16 6077 95072
14 60062 20694
6 59997 43421
12 75951 28178
15 60753 69696
10 31113 61291
8 58862 35562
14 8207 92846
2 31807 50656
5 50712 88514
12 28426 94590
11 98370 54652
15 26110 14648
4 84950 90598
10 58286 51351
4 5851 82464
16 44439 41325
3 9829 49532
2 19016 81338
12 39307 32050
9 98225 60475
8 52214 58844
19 26896 84954
2 44999 69904
20 91279 28190
11 7254 34040
7 84520 78479
15 97348 88308
5 3021 7323
2 59350 46630
8 4192 44854
20 43625 97067
12 37709 23963
9 46441 68961
3 45771 60239
8 96451 67493
15 29594 52013
11 4062 49361
9 28062 52381
10 33399 11730
19 70785 15922
8 68646 59547
8 25351 97255
13 67010 43696
6 78572 89466
18 18324 85916
12 92115 15510
2 44384 19572
12 84961 47633
3 32860 81031
5 27388 51816
8 66770 20462
20 3218 45812
20 63630 12822
8 93001 91394
6 82612 9717
3 39715 1831
6 48831 46215
10 7308 31175
20 18164 64034
16 40751 91422
6 79260 58191
11 77314 61409
20 72624 25038
2 11629 18039
1 40099 650
3 54485 40365
3 84381 89196
12 33848 96503
18 30948 14667
11 9078 55417
9 39024 34676
1 89431 11990
13 85650 84614
18 94691 96242
2 95125 36341
2 5275 90825
10 17256 75206
8 75452 9053
7 64823 40001
10 18228 49078
1 63055 88102
8 66071 77533
11 30495 63182
8 19957 57873
7 27457 52997
14 35606 58271
12 84120 75527
7 21829 50979
9 56041 15802
17 4918 34030
7 9212 97084
5 48182 63154
20 99141 93649
13 34714 13606
4 66528 41062
15 34682 76668
7 93661 60788
2 27845 82617
12 71082 38657
15 54320 43575
2 86635 52787
1 7051 969
14 4999 109
13 66130 34823
15 85132 1350
4 57130 36031
19 87399 29691
11 93195 57536
8 49968 28617
15 22543 82936
4 29148 69571
15 32836 76621
15 99678 81620
15 60168 47749
2 34264 32880
2 49421 90010
9 41246 77409
15 93858 70603
7 29086 20570
12 2972 43113
9 20431 72261
3 90677 5096
18 61891 4774
15 33214 64941
4 39359 99204
11 46853 48625
9 90378 89870
4 63593 83727
18 94343 12813
2 53710 15784
11 96014 36215
5 7887 26892
6 96380 88782
7 66493 21996
20 84354 61354
20 35095 8207
10 75845 98584
8 94003 62177
5 82764 56520
7 92094 10229
10 44538 6243
18 69241 14129
3 99041 10509
1 33614 77002
5 33128 61355
17 31846 96450
19 79187 72294
19 16399 66297
11 37337 49060
3 71088 41154
5 20622 85691
6 6371 54932
9 19011 53973
11 20433 87587
6 43850 20714
18 28621 52559
18 21599 31746
12 13161 48145
5 66899 85481
15 77156 56568
3 97642 77190
1 24371 83560
12 65227 2570
2 16592 23003
20 44958 66852
4 34679 95472
15 20850 17071
1 79314 30231
11 4075 97129
8 77896 74285
19 92870 71927
14 93535 96297
11 49132 61524
12 58701 78115
16 55856 23073
10 73725 57752
9 44154 78602
12 46328 57915
18 96646 61990
18 32445 39885
12 24811 32754
7 94366 26289
6 47481 75420
18 3165 34121
14 81852 89977
19 27390 63701
10 68401 7855
6 26481 54182
17 14792 50827
10 232 83271
18 59956 8081
4 91606 2447
10 19553 49927
5 9023 53092
12 76608 34943
10 67266 62333
2 15676 30733
4 42687 57214
15 27613 72005
5 74528 72237
2 61328 32192
3 80881 23798
4 26722 43351
14 47984 52374
4 3366 28981
11 48723 96247
4 57782 11923
10 74695 54610
1 45789 82223
16 67710 56751
10 72901 18078
17 86174 98958
1 1893 25680
10 67538 73664
20 86274 77029
6 39953 25752
6 55964 83533
8 2708 58228
19 6665 4016
15 82628 71726
7 30826 44627
10 11216 30800
10 15404 32692
15 62942 230
10 62852 86504
5 91744 26456
10 16883 82420
7 53944 85127
19 45614 91792
20 19507 74419
14 50150 5245
3 98871 16461
9 46549 31864
16 19906 94805
16 66927 57657
13 90976 49401
18 40776 66283
15 74108 20226
12 65668 65840
10 61244 85347
5 28545 35497
6 40471 34367
9 83198 80915
16 58616 821
15 34264 67747
6 96415 58722
16 85021 99497
9 56046 73605
13 12198 39272
7 60142 516
4 82504 29060
11 10112 69531
18 54179 52728
14 30110 11344
14 846 45607
7 29239 42021
19 7032 27042
19 51108 83087
14 15409 95285
2 45551 55426
2 61038 37930
8 12022 48041
2 97372 2220
12 63637 32329
14 30721 33175
3 65552 62414
12 59105 69445
17 52153 20553
14 18806 35962
13 24731 81512
4 31170 42550
12 66669 54571
1 71698 51943
2 29454 15579
8 98553 46300
15 13260 11852
7 69987 70956
1 53755 23109
5 20609 41915
12 82748 66645
9 313 97815
17 55806 64483
8 59340 36180
19 65093 65634
2 3175 64187
11 74431 77446
13 8101 47432
7 11216 1186
12 34883 21795
20 94512 4542
14 35651 4854
13 19340 60660
6 57599 19999
14 47800 85092
7 53581 88266
19 5662 62697
15 69594 70798
4 4482 82013
5 62479 16896
9 62390 11407
10 28945 47058
11 93315 66397
3 22167 23995
7 87198 71795
4 17863 25376
2 12713 31037
14 85009 630
8 4735 5112
5 25648 67590
8 68354 29980
10 15602 58925
20 67704 52239
13 80465 74405
18 13226 61603
12 31077 79465
17 37194 92178
4 6008 77186
4 45618 81921
5 67242 7568
18 5761 75921
4 55687 91522
16 52671 59226
7 16051 39690
1 3426 52915
14 62596 83992
10 47142 21186
8 62723 27194
3 78935 72811
20 258 40052
1 89172 45813
17 8064 1499
15 85880 54169
7 15936 70220
15 20395 73646
5 86457 36242
2 31984 83383
6 69687 46106
12 84576 25040
6 81385 25298
14 85762 14469
3 66059 22533
4 37877 8413
15 68921 24348
9 39655 44743
3 63303 31199
11 70944 63183
7 99770 32870
16 55789 17445
1 84619 98830
7 53501 84591
9 68195 50649
14 84388 88526
16 54750 57447
1 95331 97101
9 9558 60404
16 60025 31347
8 93875 31117
15 73831 86905
18 78826 71524
18 9119 25024
15 53881 93219
5 21175 77607
3 96882 32356
14 96936 27686
14 41732 37243
6 17726 97268
12 56903 91143
18 28949 64973
16 18440 43799
10 6760 52917
15 79671 6798
14 3231 27973
9 15316 24854
16 84849 21790
1 51481 63521
9 78518 81247
8 36901 38149
6 26400 67098
19 2804 85537
8 50731 92296
19 23682 71967
20 89852 75197
6 33628 90513
11 9759 75361
15 13576 26842
8 54636 5359
4 92963 42259
12 22433 68658
0 0 0