19 88100 17479
17 49787 95447
19 91159 85653
10 46167 32855
5 23347 54956
3 9426 20615
3 22126 72179
7 26295 93017
18 83916 5805
2 72507 99480
6 66804 87579
9 48273 37366
8 42614 28524
5 89103 74691
12 13557 98038
3 24391 7464
7 36628 29589
1 70718 55884
20 55841 39799
1 63070 12306
1 88639 79109
19 31686 27382
6 70179 69995
12 94324 59098
7 51324 72655
6 63279 97045
8 95850 33673
14 599 4390
5 98365 60230
13 1936 23300
15 4985 11938
11 95614 43623
17 23608 13802
11 80125 8125
2 11334 59448
17 40579 22727
16 77288 18576
3 43586 19174
4 65766 17539
16 27746 19474
1 2030 24459
3 55424 20072
12 36198 43679
15 86967 23804
16 96834 35137
8 79354 75716
13 58919 53004
16 72157 96589
20 89783 62354
4 67640 90099
8 68797 92129
13 81891 47552
17 38608 83750
5 9126 70717
10 87769 67550
17 25859 46904
12 86675 5822
3 66067 77978
2 64632 67761
15 80736 35401
13 16313 4197
11 76349 86087
1 56455 24695
17 80241 33821
11 27829 21589
5 10555 47448
14 68995 34123
15 80439 189
11 88471 64821
5 58856 45556
12 19341 61869
13 71955 38217
10 72120 94672
15 56035 74913
1 10666 2742
6 32846 13296
15 1929 82290
2 76834 62728
2 29718 51198
15 50361 10054
4 6406 29395
17 66647 1349
4 12975 73469
3 83997 29504
18 88840 40169
19 15271 73015
1 89150 74944
18 97152 51778
10 5341 81495
1 78351 31856
3 96916 38261
8 77350 4908
9 96002 17882
3 9325 1878
9 97560 90717
17 88537 5988
12 92808 95138
7 79369 92289
17 28658 97629
14 29145 75980
20 39686 72895
8 79621 50245
9 20906 46246
12 35659 55571
13 79915 53130
11 64340 41666
12 21780 34474
11 54163 13842
9 38324 42500
9 3979 71645
4 1489 11330
19 37260 90951
9 77938 11856
18 36497 47514
9 96934 27429
20 48087 91769
8 5229 13548
15 57507 67711
18 2074 6034
6 44271 10012
1 62446 11500
3 53516 48760
1 94830 26697
3 82391 63194
13 25521 60127
18 21781 8214
17 59708 13442
19 32107 70949
13 18349 73023
14 47089 17293
16 47475 79739
19 59189 33254
8 61854 28084
14 76375 10474
6 38409 35995
18 27872 57776
20 9103 17483
3 3881 49590
17 66369 67938
11 34891 15027
15 13424 62501
11 3456 21689
17 42249 83543
3 7738 59917
5 36420 98326
12 25230 26197
4 22253 35299
7 32718 39180
17 14132 5548
11 68569 40438
14 40299 53862
6 91766 57317
11 76488 99565
7 89293 7303
19 12572 43722
19 71845 68951
4 88894 91204
11 23426 23922
19 7547 38054
20 59606 6623
8 26690 46921
19 56275 38687
11 7549 15174
11 42365 4466
12 37098 17037
1 30157 88882
15 49412 77776
13 3966 1201
18 97699 8748
5 96980 68353
7 36699 95043
16 30279 51317
4 81176 58866
7 31638 1230
8 89402 38328
11 90888 68485
9 61325 17896
4 22965 21861
5 8527 19560
6 32142 16540
20 62380 53238
19 39538 83517
9 55382 64692
1 86399 96330
1 21882 85731
9 74402 76619
3 15803 37943
6 34980 60907
11 55357 69433
15 84482 1575
18 81959 63954
0 0 0