2 912 80394
11 53423 98498
20 80388 7508
14 1534 68448
3 56428 14860
15 54048 56515
19 13578 4857
4 9979 51486
19 23858 88817
15 41214 95176
5 50091 96088
2 869 49510
1 98808 29898
3 65186 31431
16 80112 87858
19 54517 41906
11 46864 55483
12 65686 65462
2 59296 89320
20 29481 30533
19 54234 80623
18 59380 81492
8 63025 80299
14 74177 45484
20 53777 25596
18 48236 80112
6 99211 26976
17 55041 92661
10 62357 51957
8 58489 81437
14 49798 35670
10 37193 95050
7 74098 58075
3 40901 32251
12 39134 86028
17 25226 34264
13 53223 33474
18 36703 88515
17 85645 50871
7 23906 9360
4 92700 59157
11 42116 96349
10 73025 70447
1 84233 11347
8 40924 50481
5 23211 75707
12 85609 28929
19 74983 65632
16 57018 51276
6 91009 75181
8 6437 67880
20 57534 9996
19 3682 83020
13 7903 67252
16 44375 8176
6 66874 31386
1 23636 16995
7 13871 91977
20 92621 48995
10 22241 40003
5 61221 46439
19 59357 3973
1 53842 7654
17 18774 15557
11 95052 59931
12 21811 26804
19 24277 50439
2 55671 64310
1 52696 56930
10 996 79171
18 24477 40391
8 15837 99748
8 17192 53589
10 1567 72363
13 53195 67415
5 12997 89225
10 4184 13502
20 12366 69172
13 12525 21867
5 61677 22863
1 50832 47340
9 86426 63176
9 25993 80368
19 73213 81935
14 35990 35129
7 58697 48125
5 8208 52309
8 8157 64675
2 72417 77199
6 93606 38875
11 93965 89707
20 34715 76132
13 75213 2125
9 69298 75338
5 35747 11327
12 69609 70024
2 92696 78231
12 29284 86388
5 35044 58804
1 62671 52409
8 13160 46374
6 10989 81089
2 71993 56301
2 13364 25599
17 36670 61345
19 95104 30954
13 1662 23649
9 60530 52933
6 84071 87977
18 84811 50647
9 24426 63807
18 53747 74795
14 59199 46787
5 66777 60151
10 49691 96820
3 43932 91923
9 8196 93585
14 50690 54115
4 79571 38185
2 67256 22996
12 7350 47421
5 93817 1167
20 61373 60366
9 85230 27142
1 34685 76832
20 45485 20764
19 87238 28959
17 52639 79648
8 70973 59219
16 77283 26474
1 34239 33824
10 55001 27641
10 50558 89014
2 92901 74243
8 95394 8928
3 94707 54412
7 85943 41649
13 70763 94288
9 9697 65260
1 86816 42542
6 86931 76781
13 34465 31782
18 83166 82339
16 92233 75240
11 28441 70634
13 41480 65340
4 75283 51282
12 38044 22045
11 80453 31741
4 82080 18557
12 10180 5488
8 72104 39953
14 61668 23119
11 40246 15351
6 93065 43791
20 54812 85271
13 70970 60554
3 28777 98598
8 80872 79050
14 98226 61129
18 58122 71309
19 94798 43412
7 63256 5080
11 14052 45325
14 40088 38390
3 36757 93202
20 98765 64172
12 12055 92949
12 47389 73820
8 14464 72045
20 96 30166
14 91215 24964
3 22286 88219
4 76476 2271
13 46016 42359
1 59346 79115
19 57947 77879
12 17101 89933
11 74852 37322
6 11653 51785
20 9582 51880
6 78820 43094
11 91469 65380
9 9198 41855
9 72251 87870
18 73694 47216
13 68338 5162
9 27154 22263
7 78917 97115
14 4500 8767
5 2127 18349
15 29920 97168
4 82677 88637
17 23652 97834
5 66898 70084
3 52503 43778
12 17221 12115
13 59818 39268
18 92348 18185
17 62199 22684
19 83835 24811
3 57350 54731
2 73959 37408
20 55948 61060
19 79791 27958
13 91503 80460
2 50431 97681
5 14520 57498
12 872 49846
16 84338 12045
1 76571 95879
6 87153 53229
16 94903 27188
4 91289 83135
16 85508 62925
2 49811 54428
18 57890 4858
17 78085 19378
9 37547 20250
19 15194 4587
1 15525 81158
20 40666 68311
11 20538 63214
17 37817 54502
13 16156 40010
6 22452 89820
17 9207 47710
18 93642 25794
1 35575 63341
6 27353 78534
6 31177 94058
3 30879 34724
16 83809 55261
9 63928 93078
20 27180 9233
8 53357 31684
6 33962 40891
15 19424 34532
1 24263 70106
13 49351 97459
9 79026 28635
8 89859 59514
15 69003 43322
6 11360 7250
4 8218 34429
6 45085 87786
13 71772 21747
1 46168 41171
8 46358 65433
2 9888 14784
1 51952 93810
7 88074 83669
19 58919 52671
7 85025 64030
9 4209 72248
16 32625 17332
13 92725 89104
18 93716 35271
6 29237 81628
19 34865 91515
2 37952 43467
1 69673 31540
17 60907 90459
8 95464 75483
1 37269 79691
15 13503 12316
19 77523 5041
17 63289 98756
4 90226 27993
20 82595 62857
18 89747 808
7 90709 70481
13 75338 31388
11 12639 26851
6 13969 64119
2 87547 77622
5 78456 55144
6 58469 18433
6 73752 8658
11 70662 91252
4 59087 80999
4 90978 71707
18 54408 47045
4 8297 59683
10 37668 73652
2 46730 61199
18 68108 39655
9 94525 98123
13 19698 71874
14 72864 42536
13 88886 1623
9 5716 92600
3 93026 47008
13 11724 55304
5 57272 92972
19 66938 39701
12 54226 7808
19 96658 2333
19 57522 22031
13 27044 94894
2 87817 83780
2 29588 89495
1 43065 82521
10 3586 94245
1 23790 51516
20 17646 18454
8 72699 72679
9 67407 69337
10 60237 26859
14 24941 53902
13 32180 41718
10 41042 71305
8 42503 14370
4 90972 17955
3 94744 41745
14 91487 59390
17 27931 32089
12 72183 99496
6 18767 59732
11 87382 84672
2 50890 16852
10 98178 57893
4 34960 396
7 54263 91367
11 67810 86110
19 32872 77597
11 16387 5528
17 72582 77711
17 98113 96477
9 50502 83859
6 56792 34749
10 4799 32926
1 24111 67885
1 57792 22148
20 9428 89957
17 2809 22829
12 55579 39215
13 40438 11797
9 24793 9909
8 68878 60410
5 97636 17201
12 43245 22000
19 46747 46110
12 50644 3902
17 45908 13330
15 27282 16138
19 86253 71717
7 50751 12155
9 92960 36947
11 31645 5825
3 54189 3460
7 11481 46705
11 1698 93451
20 59800 44095
1 40050 90003
4 10256 17285
7 3290 3537
1 35538 54288
4 79584 47247
11 33537 78891
12 47899 33079
13 79463 44560
2 33025 46257
1 32698 6057
10 36272 46106
8 53175 56361
11 86216 59650
12 90973 95188
3 7884 74771
12 61742 8307
8 21424 56206
15 84566 35668
4 94412 68693
13 97709 1390
14 45100 37661
3 82494 90835
15 37172 77050
7 95387 68022
6 7889 75906
1 67638 37647
2 6277 59070
14 77995 43635
1 94272 38046
14 56806 35754
15 25396 80854
2 40091 63348
20 11146 519
16 41850 95906
9 67742 3795
5 68404 71433
12 77373 77709
4 42548 55704
13 43390 49975
20 12924 6781
7 83848 32176
4 92432 72266
16 91851 83411
16 68320 25261
16 12811 93003
16 33207 61407
11 91249 38779
6 8361 81326
17 69107 24715
7 67899 37639
9 2444 21486
15 17843 13917
10 96588 5768
6 75853 74087
11 51023 86898
10 29989 20104
2 80386 11353
10 8492 19713
6 92301 88820
11 26084 56718
19 66649 59161
3 39388 77003
6 84393 73591
7 12809 49444
2 66485 467
19 13164 30455
3 21249 10840
5 68112 19331
9 96302 11631
7 49206 37715
18 39748 4363
10 51776 43751
6 77721 28144
20 9434 40952
10 15233 7437
10 7929 20601
16 20729 41849
19 44881 9961
2 88745 6262
5 21429 55467
12 10829 95215
13 59391 46991
2 84955 24712
8 84110 34145
16 32709 49377
17 81773 57306
1 61291 78034
10 51649 22914
12 61338 11659
13 82658 33087
4 41692 43916
3 5090 3306
13 12237 88261
17 47528 72371
4 23771 5079
14 7450 86851
6 11729 48142
1 57857 99791
6 13944 61129
8 76293 43786
15 94108 85478
4 7138 90567
4 67158 2804
2 51889 50332
16 70764 74102
17 39017 81551
15 64575 93280
4 68166 51136
4 94672 65080
17 32836 41372
5 4086 35480
2 19251 42617
20 37723 9775
1 44455 61663
11 23557 32427
6 7738 71443
2 78770 36017
1 97944 4183
11 16909 98854
4 97002 31690
12 20881 35775
20 30237 55026
8 30160 92748
10 32886 37202
2 85944 60759
9 13104 68497
3 21814 47267
10 23804 45210
11 76929 62119
11 95134 59120
17 54710 80000
4 49765 10237
15 87438 40396
14 34884 73282
1 43994 59226
14 85529 72329
7 98508 94142
17 47503 17945
6 681 94874
18 52713 90007
10 36434 44716
6 55929 94481
8 30450 81919
16 97718 16803
11 2188 60796
3 67416 46325
17 1140 44832
16 82130 92334
19 8331 93015
18 96649 45727
16 44087 82161
5 71525 38090
4 9199 68539
1 87269 66257
4 38621 68444
16 49198 35859
5 32103 36999
14 9149 19129
13 4141 27459
12 94006 24107
1 73878 68194
17 98466 39718
5 17534 48917
18 18521 36186
12 36309 74806
5 14893 24003
13 39801 56105
20 9541 65254
4 71614 69394
9 26701 63400
14 27516 37277
8 10491 35742
16 31556 53276
5 21159 71796
13 77018 8105
8 1321 22998
12 61483 62799
4 58642 72339
17 74930 43952
11 18676 70653
3 86529 98168
11 22574 8659
18 98338 40214
9 23018 61372
3 83883 38390
5 19554 39711
9 79227 1193
2 95005 59835
16 76036 34764
5 26461 53440
19 40284 39968
19 91384 62542
20 78226 60879
8 18343 83897
1 30255 67780
8 50272 87333
0 0 0