12 34211 12254
12 3598 31261
9 51924 44165
7 2755 69812
17 94453 95003
18 50572 96941
2 52138 77319
13 88804 60581
3 9196 73700
15 33196 12603
16 91754 46813
19 51098 50410
5 94984 2333
14 29376 5088
8 12009 99541
7 98531 50112
6 3594 2249
1 66753 91053
14 81356 248
8 56296 33443
11 34413 25196
20 24784 76294
10 46415 71278
11 12211 653
12 47818 12662
12 78428 11192
2 5978 14786
2 10846 81538
20 76295 62893
20 15444 19189
7 67195 53601
12 65758 78385
7 14731 24799
2 66036 37010
2 22429 84827
4 78362 63254
7 84406 69231
10 92700 80077
6 92045 56372
18 91637 71816
2 24672 39010
0 0 0