14 80237 52008
2 21163 5575
18 72547 16816
5 74077 92426
4 50185 62794
6 45441 13426
13 8838 3301
3 11446 36169
16 65694 30787
8 54843 64110
2 21488 44347
12 28858 65509
13 13877 38055
17 35734 12132
15 54575 62316
8 79680 7757
10 44056 16594
11 54882 28040
18 33448 93733
4 69668 48576
17 75894 70063
6 34127 98921
19 97935 12797
7 78558 48531
9 51606 3105
2 87448 82785
3 36714 26841
7 89281 81722
12 78017 15170
11 97539 84837
1 81171 60730
15 9150 94857
14 2637 92791
17 34179 71348
7 77852 22954
7 83841 10401
4 97586 47115
9 27926 36395
6 86304 14411
9 38415 11950
6 39102 93120
18 9851 2270
17 79520 4906
15 61987 39085
10 92984 16937
14 27086 778
16 43973 98364
6 87701 26289
13 13150 12592
16 53769 51007
18 79224 90108
17 65409 99958
17 46450 79478
18 20282 41464
6 65462 34447
9 33595 61533
10 12129 5506
9 37777 93206
15 99820 6355
17 76273 60123
7 64675 39347
5 46197 4755
5 29989 51205
1 18686 71486
9 46468 36948
16 91187 70542
9 36682 82671
10 80542 20448
8 50690 20267
10 33429 96540
2 67176 61215
10 91029 7411
11 14841 37400
1 18129 56085
15 62881 2553
2 42080 93739
17 82811 30421
13 29048 10962
17 68490 61651
1 14287 95080
1 20206 62255
13 65472 53284
14 15492 68124
2 16717 86252
13 89426 49133
13 99083 91212
12 79282 74023
18 42152 3071
20 25469 71560
13 29053 85846
12 29177 6052
4 90514 71524
15 59263 87016
9 65411 3732
6 27643 93158
16 92427 92240
14 50950 71522
9 39893 13673
9 39797 39142
4 1352 68194
1 57986 97370
2 76874 87884
16 49046 47147
14 89340 12557
14 15887 40199
13 91565 32626
12 58455 83575
6 99368 23468
9 43350 63264
16 58892 64616
10 60280 22601
10 67720 99475
7 46683 48520
17 12660 37860
19 82370 53746
7 45236 45311
14 342 3766
10 26969 3133
15 67269 46483
8 46710 5374
1 94345 65654
5 39350 33373
5 72239 80055
15 52274 92715
2 44865 75084
13 77654 20319
2 43069 20661
3 92059 47629
3 64517 14898
13 238 61608
14 575 55952
7 23512 95302
14 45924 67540
10 16855 19813
8 25647 64678
3 88184 42331
7 96031 85400
11 7644 77459
1 22389 41976
4 83617 42213
16 50218 42788
7 82472 66300
6 48099 12223
20 93781 29078
4 32177 54724
17 45657 42907
5 79456 38938
2 33915 46581
18 36003 68970
6 52988 52586
15 31580 2803
3 66123 85275
17 95969 33373
19 93354 27154
5 10552 59330
16 92427 4987
4 16633 84443
12 26239 18358
1 13304 54360
15 42344 7348
6 13597 38927
6 27638 5050
3 7977 1018
10 539 94372
15 22178 4923
7 98540 97350
8 17809 13983
5 76015 40222
9 80801 53526
20 54557 95869
1 80899 9466
9 10043 37104
10 24461 45080
10 72252 45618
9 47197 67796
10 81471 66336
10 20732 84144
12 44436 60158
20 86498 40959
11 82919 95516
10 86687 76414
12 29382 86456
20 77126 10917
9 25888 83169
18 69021 30365
11 17076 11836
5 62481 32568
1 21868 77004
13 21476 63501
2 74610 46419
1 23612 33105
16 82080 62487
13 77651 39612
15 18302 65500
12 4571 34520
18 58635 51596
1 79034 14077
7 83576 35945
2 48277 57421
15 53936 32030
4 55111 55641
11 32699 37721
4 96743 15372
12 71704 33673
5 29833 38243
12 18326 96877
2 18655 75911
5 51551 59486
12 61450 7763
3 34849 61698
10 54666 16808
1 7589 49507
8 22998 46249
11 78019 17953
18 98539 47785
6 53579 66110
5 60214 84765
20 80926 36315
12 37582 97764
14 51659 32612
6 97764 87278
10 99511 94867
19 38978 17864
9 93816 95882
12 82327 94421
2 9081 47999
15 32711 8212
12 32252 89138
19 91278 26720
19 58067 78378
5 86554 76142
3 31848 75653
2 26649 14631
5 67698 8446
5 26700 90773
3 33486 99854
13 6382 32565
15 64042 64816
13 58016 56094
18 49754 14161
14 74104 714
9 85732 32561
4 92226 59209
7 16584 26907
8 36824 53607
7 51484 87092
7 14142 93473
13 85012 57515
6 45019 15531
17 31746 65284
20 96851 39388
20 38098 25120
7 54997 17346
19 86526 33930
4 26502 70753
15 57250 22236
12 87851 36377
11 51016 21388
2 78997 66407
5 63071 98153
19 61305 95003
6 60253 33101
11 91762 88097
15 82479 74623
2 103 1124
16 71334 58373
20 29655 46223
8 81450 97239
12 90759 76235
5 15598 39305
5 5721 610
4 35232 60863
10 89862 52624
8 61838 35103
3 67742 35206
3 44399 6539
15 43292 36193
4 78561 17643
3 35219 8402
19 58283 23999
7 79499 29720
7 95718 64952
19 45037 54813
9 82452 16651
16 94490 84392
3 7652 28791
5 79186 72082
12 96943 50643
16 11938 85862
17 3168 44144
2 33702 23643
8 64847 19360
1 56853 64396
12 1484 46848
15 81217 41338
12 96155 48989
18 17631 28174
12 75300 25117
2 50612 37054
20 34324 40221
8 42036 73923
13 79467 38769
17 81849 95622
10 39044 97105
19 12890 78322
8 71127 74476
17 58155 92106
3 17265 67406
8 27017 18017
15 22631 52341
3 62388 94376
18 25788 73842
6 8547 55691
5 55701 94734
5 49704 7624
20 85043 78750
15 69371 36904
14 81873 54168
7 19491 81185
11 94163 3815
1 9055 66203
20 97869 91991
15 25451 537
6 48654 56238
5 68963 5941
6 67592 90983
2 40697 60354
9 5907 42227
20 38523 61717
17 89156 55879
17 92129 64934
11 89478 62802
9 60668 88252
9 87549 36906
20 9164 5868
1 38402 73459
20 46390 14155
12 91281 20062
20 90339 58585
13 70582 47740
4 54640 39869
17 4900 29346
9 47151 90014
7 89937 77563
14 88961 86727
15 93926 25128
10 89873 71518
13 46174 62798
17 44701 53137
9 4944 23719
18 21067 78358
6 2123 83258
12 45980 30408
10 78089 20345
6 47103 9306
3 21984 3231
8 70324 93103
2 32818 39277
15 15374 83977
5 56515 88921
10 45395 9987
6 74143 12110
3 32236 58090
9 80343 36178
13 6012 83281
15 18408 5264
15 55931 75587
14 64971 8405
2 36809 23779
18 61783 80293
16 10475 25688
18 37525 99830
1 47831 32066
12 88546 12409
20 49605 18421
16 19970 36828
17 93565 92758
12 60263 57728
14 66237 94537
19 56187 56319
15 35057 66793
20 23915 4317
20 24882 52148
6 83938 40694
9 79173 90299
13 57688 10268
20 41466 3832
18 831 64095
10 68600 30331
9 60148 86518
20 31989 21574
14 29517 45489
14 26875 70370
5 56298 54308
13 98129 33480
11 58380 91168
13 55459 32633
14 45294 33463
7 92858 2062
13 34958 62210
10 33377 94198
14 98589 23715
3 68117 50589
18 89794 6886
8 52164 5015
15 4832 63394
13 67768 18852
20 34535 64146
7 65396 57004
7 26588 91962
19 74297 25338
18 43580 23926
3 58351 92043
13 43492 81836
14 82940 34000
15 55868 38831
8 19963 6598
12 16690 41133
5 46880 6528
16 79131 33116
15 73592 7413
20 62251 50992
4 74624 9343
3 37586 52834
19 7434 35773
6 82296 91640
14 20551 11603
15 77658 28293
3 98910 75172
5 77166 54303
11 47383 27895
13 42938 90145
3 62418 64768
5 73941 2354
15 67300 9787
2 94658 92083
1 60847 12633
3 33633 90291
9 47551 89201
4 67997 66366
15 21559 13749
20 82533 56686
18 94498 19104
11 15806 93045
12 89947 60344
14 99860 55002
12 1413 15848
15 14569 49480
13 56017 97030
11 72636 65027
4 43558 86585
7 42375 69117
18 31335 63614
2 85063 79420
20 41145 69366
12 7013 69226
3 64963 70639
7 35547 85207
16 96420 41223
16 46493 13859
9 62933 57417
6 93121 99791
20 79994 31126
13 85971 16188
9 84991 57333
2 44356 64345
16 58722 29308
10 88935 64854
7 68628 61274
16 45351 7766
19 87099 70699
10 15432 63819
10 12881 43812
16 73944 29782
19 14427 14773
11 24275 59129
4 3349 17850
10 53060 6785
3 87979 75413
15 64121 20763
16 54121 7862
11 1538 23294
3 48745 36174
12 27078 10118
18 21598 24544
1 73450 48819
13 89647 52167
16 35152 5227
18 45511 93206
13 17142 57326
17 96540 11447
19 46636 12984
3 60550 61729
10 18276 88806
12 5784 10403
17 8064 83853
7 69473 73499
18 48732 8651
19 34776 54161
17 96232 71302
9 78451 67842
11 68531 14477
14 81904 75027
6 31451 93303
4 91116 99086
6 75325 7150
3 8352 76623
17 93546 25354
19 83966 60130
10 67592 56361
4 8543 34812
18 60939 3342
1 26320 85246
16 53429 16697
14 69343 7812
14 95659 83137
15 5828 91489
11 89496 85034
16 81814 69000
8 28292 36591
19 46071 45133
6 31693 6072
7 31791 32391
4 6916 85819
7 75343 55162
9 42856 50821
5 17518 56648
4 68802 46144
1 45440 27957
14 82208 56249
2 75337 2320
11 3276 34012
12 34557 65802
18 51084 72717
16 84306 48060
7 25340 90915
17 49510 8432
8 65168 77234
17 65860 22674
3 35551 4882
14 41832 80218
15 93246 83494
2 50732 18051
15 40608 69134
9 16304 53439
19 47160 78778
17 28836 28288
19 67161 93455
14 51629 59314
19 64054 94865
20 32727 36697
16 3719 29942
12 8722 80674
16 79527 21282
10 23049 37585
1 14630 84744
16 97125 13580
2 88052 80741
1 56213 32369
12 47047 96422
11 42762 29148
19 18694 32866
5 78119 41588
1 55595 21114
5 2204 44162
13 2251 58791
10 81076 55916
12 88189 43968
8 88756 181
15 48637 47227
14 3382 89988
20 94823 8681
7 16207 86800
15 18263 42394
19 41601 44597
8 2524 46848
20 48190 27924
11 7436 16112
20 47422 4868
20 19777 53504
9 88553 56886
7 86477 51709
9 17266 67915
6 89642 86178
15 83132 27779
4 20784 30302
13 17227 78491
19 69585 85927
2 65911 33349
3 62417 53125
14 6149 41678
5 39869 28154
15 82270 45419
9 11470 35061
6 83064 18192
12 99255 38976
18 62293 56202
13 53254 25786
11 60327 91696
17 72267 54113
8 37711 60262
16 60040 131
2 34077 82400
11 76029 93870
18 4159 76934
2 60066 76188
9 46275 38480
1 10975 91734
6 61601 52060
4 45574 24326
15 82673 62036
7 61449 22075
7 68377 56152
4 20725 32181
2 8132 36339
18 13731 96405
13 58306 42680
1 59082 53654
19 85643 15254
9 3901 60828
14 76271 43501
7 8902 4949
11 41663 73326
2 56825 94050
9 65856 2181
16 51820 15912
15 13973 74217
4 14605 33298
15 6971 18941
18 51396 22841
10 20147 99112
18 50933 8013
19 3795 49676
14 12808 6500
13 54001 72355
13 31534 24175
17 5471 38147
11 22088 52752
18 92358 59722
2 77882 11117
6 24234 31263
6 14086 82196
8 8886 85990
18 77012 98797
19 39188 52798
14 3544 84331
18 83812 89802
6 38295 11889
17 26076 4246
9 32797 82128
11 62358 6361
17 91031 20446
13 27716 29332
11 14077 6344
10 6938 45532
1 72153 49075
18 61543 32886
16 89080 71181
18 69367 97257
19 9376 30053
15 60501 92411
17 42889 83442
1 7472 11157
7 58044 25234
8 7412 32171
17 9579 4324
7 96076 65867
13 72374 54946
8 60561 24313
7 52994 33688
13 27554 94189
12 8474 37077
8 9840 44549
11 40538 2592
16 77579 10004
2 60152 19582
3 91799 15657
16 56332 88031
7 92045 48592
12 25015 1585
19 88037 29138
17 43470 37612
5 82343 47452
14 32374 87989
14 7638 65568
16 15072 25719
20 26831 17518
3 4455 73849
1 37026 65894
11 93908 90908
11 84479 78944
17 69238 22413
4 91074 4756
14 57459 37129
11 26434 44767
5 5413 59839
10 3973 86669
13 18190 91124
8 20438 28149
1 71277 22056
19 23700 6535
15 5261 75772
20 24434 66846
0 0 0