10 72048 91871
7 55406 68371
17 68385 40919
9 62956 30745
10 90646 16474
5 60370 34147
13 79138 27716
1 88743 12460
2 37361 18832
15 45019 37996
11 94038 10043
9 28055 65448
3 9431 33833
11 53241 96789
17 1398 87434
20 22403 47804
7 84263 26941
13 86387 15684
15 94551 53044
19 67330 98062
6 17553 92100
8 59647 20154
2 70111 29585
8 21493 82825
8 3619 84222
5 2220 6625
15 34967 90887
20 95430 77273
3 68353 71823
14 60108 39153
13 89858 56706
12 29650 16352
16 34891 86462
2 73964 7954
18 9824 11573
15 33118 13793
17 4216 48759
15 2253 44189
10 15973 12542
5 82738 72650
12 47564 62507
4 4490 92157
7 81569 27047
4 88232 1010
6 77720 10834
8 51428 43952
11 31761 48167
1 2980 50420
10 51471 66392
12 71785 49130
7 31252 96693
19 47424 1183
18 79948 82751
3 98933 70983
3 25873 48702
5 64385 130
14 16689 31891
4 17753 34870
14 63005 86341
7 20799 58126
17 51243 89378
16 44192 36801
16 29299 16748
13 41452 15681
7 54615 41553
17 78612 5937
17 46560 22626
3 62675 40379
10 29209 3383
8 62134 24182
19 44189 75424
17 22937 19616
4 2867 48914
8 65548 90366
11 99211 44980
19 81576 23591
20 64071 70151
5 78456 32825
13 27711 62033
14 63307 24167
19 57028 68356
14 40127 91293
18 60027 94160
7 96674 59708
5 49001 58918
14 42881 40494
19 42698 4564
13 65140 83019
20 27960 10729
12 94163 74035
17 84547 31063
11 50355 71189
9 35778 31216
8 70115 27889
20 94816 76890
11 64498 19770
20 57770 62468
20 21192 27607
17 17440 55566
19 75720 49729
14 58167 34275
20 8970 84630
14 51066 20407
1 87321 90521
6 83283 85337
2 38163 49834
6 33536 7603
18 33473 28795
4 16427 46234
15 10111 21954
5 77829 80120
12 76610 89090
9 46579 40155
13 47764 27476
11 76837 10758
8 82800 48921
18 8532 82457
19 96732 15929
5 12538 32356
14 83909 42466
19 5009 20295
15 60383 96904
12 386 43483
1 60796 91246
6 11727 68083
8 47994 50882
18 34096 59414
14 27800 56146
18 50299 68683
4 19031 52591
13 9717 57600
17 80523 17982
16 40418 18368
5 40467 79164
3 67991 90890
17 6274 38884
7 93477 72980
19 63136 779
10 48724 51077
4 66668 70108
14 27077 79825
6 7780 60347
9 85387 764
13 6476 41230
9 18812 9221
7 99229 15494
15 30529 8971
9 21242 72106
9 68101 20830
20 83642 87497
14 51773 14574
10 77504 22353
2 21216 7740
2 83296 14216
10 24540 33027
12 56673 32256
15 27690 62784
17 71687 84026
11 16461 52126
15 12313 35767
13 78271 87540
16 24054 65043
20 30183 86259
2 37076 69555
5 85198 94094
11 42542 50766
18 15379 78456
10 97187 50142
7 51100 66603
18 25843 78915
5 88083 57185
2 64897 81239
15 64063 11421
12 70968 48496
6 92089 33694
5 46237 76235
15 32639 91613
11 81826 88800
1 15038 39899
14 375 65742
10 21480 53825
2 30124 18721
18 3812 82783
20 63758 53751
10 93258 45840
17 16851 92076
12 91210 24715
10 44024 6540
8 46979 21578
16 16537 21952
9 65009 43432
20 70665 73556
4 57560 77367
20 55875 41124
11 2686 34381
20 83190 51232
18 39929 42441
3 88280 86465
5 25431 33443
9 2481 49980
13 45272 14988
2 41887 85652
17 57222 43212
12 55341 99087
1 7209 1772
7 4917 84962
18 94700 24890
6 9199 13170
3 30237 38601
10 72852 41081
20 37419 86352
3 45417 28238
20 26971 85460
9 85892 40800
9 85937 48008
9 20362 52925
6 6019 47625
11 34117 56823
14 48678 87059
1 96683 59910
10 94666 97328
7 7637 42745
12 6260 69715
10 48094 55607
18 89015 41543
7 31706 61905
18 59360 67923
7 11902 2039
19 77615 50717
16 81927 47399
8 27319 42065
8 59063 49701
16 19044 55961
10 64484 4055
1 50724 93069
10 84971 24775
2 72143 84134
16 6939 96036
16 98557 73650
6 77233 55576
16 15818 82895
4 51731 41957
14 30389 61001
5 78761 25485
6 82740 76208
5 28261 61179
10 35687 33322
6 11035 40260
6 88423 38816
20 16527 16048
11 92030 31866
8 9597 83597
16 76865 13985
9 93 92746
14 27375 75485
9 47725 3746
1 92850 39432
8 22108 50467
16 47401 38890
4 46343 55416
7 861 47445
13 38273 57041
10 17642 33906
13 58012 33998
11 23866 61372
6 65927 9097
7 69168 1946
15 5729 24053
5 82550 71453
13 98186 17796
4 29869 18656
13 93418 56928
5 40563 74570
12 1692 32581
18 55567 56446
11 84926 22373
13 18031 91540
13 90568 97269
18 13571 79818
12 75463 78004
16 92771 7872
19 57524 1290
11 79317 41852
6 35016 43544
12 24711 99110
3 75779 84036
8 35943 2067
6 98052 92634
6 84214 6205
2 41829 81668
17 17240 74439
19 11305 31962
19 62298 11278
7 87860 46293
16 46003 71004
16 60591 46782
13 97552 82724
13 26053 80776
12 51822 64990
13 57410 6818
9 41000 24057
4 32463 35362
11 25214 97659
13 59817 85519
2 37963 31522
16 15219 92113
6 76510 89665
2 39868 15717
18 95860 67539
11 58057 24949
13 1921 65948
17 20223 98410
5 70486 23624
4 32027 83440
1 39860 21402
8 18697 36621
6 44316 13130
4 52659 52998
7 41777 48858
1 95884 6914
6 56808 8835
19 41790 29057
18 62133 99542
3 80135 31568
20 83655 71428
4 18698 90124
11 45852 34439
14 62671 87098
5 95207 28874
14 95282 24757
16 20305 81565
18 11275 23354
3 655 85487
3 13659 65621
10 10102 49276
4 27947 67973
2 82412 13825
9 50007 76496
6 70600 71703
12 40050 66984
17 16414 87288
13 1612 98563
18 15867 99217
15 29663 12876
8 75027 22977
18 91817 50923
12 98732 33335
14 40085 83341
10 68536 53940
4 25859 93989
17 7939 10402
15 71582 12014
15 58580 27880
14 31063 57543
17 69167 32569
2 56546 24386
12 11898 23117
18 81074 63202
15 26745 31737
6 44118 57595
5 28475 65533
7 119 37115
9 70326 95695
15 39749 26757
6 22047 95924
13 27322 52470
18 83520 64367
2 73051 45440
15 45923 72184
1 72735 16302
13 93534 44777
6 24736 44895
13 67952 15220
12 39047 54969
18 67685 77016
17 28891 4337
7 14482 87857
20 23189 60908
9 95098 6830
4 98743 79564
7 59983 73098
16 86755 97834
5 50642 65785
8 10224 4832
19 96562 72516
14 78824 1406
15 13555 15887
13 12653 39076
5 57190 34174
6 73911 32916
2 6933 92898
17 84732 79653
17 7425 30295
10 45339 40518
11 38220 37080
5 8117 15904
5 82351 29458
9 44440 42110
16 67437 99300
3 97263 73210
10 6654 80142
8 89142 64874
4 69464 72298
10 15571 17637
19 66508 55857
6 89962 63973
9 14820 46323
15 55566 90763
3 35387 58199
3 49381 55462
18 96291 62116
14 36099 51257
7 55560 20721
1 5315 36291
5 95588 2799
16 22941 92760
9 66196 7580
18 38910 63145
16 53733 98531
8 67855 47912
19 55186 44202
11 22659 80301
2 55006 35860
6 59650 41175
13 81930 36763
14 60066 59703
12 2175 25899
14 90607 64808
6 69801 18540
6 7195 86395
16 50 41581
5 55020 64240
1 61248 19245
8 88195 78894
16 51434 60823
3 17470 20888
15 76266 23063
20 42642 13669
13 72162 83470
17 212 90664
14 76174 90713
3 96337 45733
16 96801 6981
19 33124 95175
15 10622 46609
7 24882 64078
12 98845 40344
16 98706 82986
19 63374 55147
16 46583 55359
14 16185 31532
12 27368 27869
1 2791 24669
2 97457 57793
1 71017 68415
11 5400 93297
4 60670 92142
12 39003 90847
8 31004 54221
19 6474 803
10 72608 16988
17 29454 44355
2 32033 47145
7 41592 44602
19 46326 15619
12 97668 21018
11 13089 81688
9 68853 20690
8 7602 51694
19 1498 58167
19 50752 30775
2 31538 60229
11 40193 92261
20 73517 33853
9 64633 80179
12 24164 77847
17 76992 90935
13 21960 59787
17 57775 67388
7 47811 68885
19 38649 19637
5 46474 51175
17 98654 91368
16 97979 64884
2 41906 29517
19 1451 53681
14 82013 30672
12 44263 52632
4 27202 10406
18 61834 58217
11 54633 96865
15 78207 43338
6 62009 41992
4 38071 39970
17 47986 81875
3 38079 83325
14 6019 65338
20 64892 9600
10 83552 36802
12 69600 98635
4 24533 53268
3 99102 31474
12 24846 93482
20 41957 31553
8 23951 79538
5 35462 17617
1 653 23635
14 96514 88527
16 45007 72079
4 3906 41679
3 21021 66212
14 35000 65314
20 92316 90159
19 91624 32116
5 30901 56067
1 52053 91528
5 56530 92180
10 26344 88694
7 5759 33701
2 21975 37606
10 36825 58627
3 4943 93626
16 4535 85942
14 97609 77565
1 22235 8466
12 26400 60518
10 48181 17048
9 93597 43392
6 27540 49150
13 33562 71124
1 81262 7949
12 95174 12891
11 74399 17426
8 43782 15035
4 45281 37270
6 2846 63669
18 51938 11849
1 93210 5446
10 23175 32986
20 86840 66547
14 88111 47809
15 48009 42982
18 1532 17381
1 40996 61162
5 58025 6443
12 83519 9288
5 69531 61225
7 72590 54434
8 19040 77608
15 14640 64448
8 81364 52559
18 56036 567
6 43598 2099
10 48586 43094
2 68609 1118
3 25900 84637
5 46860 54167
17 79669 26757
8 17924 45796
4 89163 60436
17 26950 41799
7 12544 97834
7 41120 41432
8 87077 90018
16 94195 58626
16 7756 84526
13 30604 31386
4 14677 11055
10 53183 28978
19 69298 18141
11 49860 45090
19 82981 57634
19 16668 98753
7 52454 85830
5 31333 80025
17 11330 87780
14 75963 18384
20 94762 33060
2 40318 86243
8 31669 55540
12 83456 5399
1 77041 88379
12 68461 5047
12 1311 57500
9 24180 88833
5 5673 162
3 71693 76125
6 69098 70887
13 77557 11204
10 14994 42873
1 70572 26328
2 71240 3369
20 29540 71829
1 86594 73140
13 29477 97319
10 52384 2992
10 63070 74685
6 92139 43782
20 54268 21339
2 2639 36333
11 6549 6904
16 15857 78143
17 13545 7683
11 16278 94276
5 76511 23753
5 25577 76136
6 74804 39205
20 156 31344
9 96394 85612
14 3835 88250
1 54148 94798
2 30789 10655
18 10798 24199
19 62636 40477
18 87614 16987
3 9910 42564
18 35198 17368
6 35170 17523
12 78923 13917
9 44014 17751
7 45438 71899
6 53765 2687
8 40235 13485
13 34388 76120
1 22816 63733
4 34996 73642
13 23312 8840
16 50832 44009
20 9696 22931
3 54170 66945
6 86895 12383
1 14417 66148
1 52593 6382
4 14969 40770
19 17820 63585
12 37659 98581
7 61 21892
8 79830 72724
17 77122 82419
2 88330 36588
15 17289 23482
18 18146 37899
11 21689 90491
12 38717 5460
20 31864 23279
13 88743 60938
13 19265 60998
17 58625 40828
12 41994 17950
8 48294 6279
15 21538 23568
20 7164 41713
8 58938 63402
6 17093 2118
7 16017 33981
12 78526 22724
4 39616 41988
16 22597 613
4 78301 42607
8 16423 90900
9 91133 12438
14 89325 19602
2 25415 78539
15 51996 95631
15 84036 11648
2 39355 90174
6 55611 29789
15 32865 52385
15 50946 30685
4 86977 47107
2 29286 38240
4 95162 27565
8 2751 52979
4 73742 4975
3 46850 89011
5 53939 28365
3 83751 83976
9 55551 16841
20 27964 67786
6 42983 54762
15 48903 84047
3 67259 79209
8 5216 81960
19 21712 55701
20 33838 2550
18 57612 56488
4 71559 40239
20 15295 95789
4 11415 23753
17 38219 66736
8 12130 15638
5 24281 82896
1 63995 88112
17 56689 9824
8 54357 43661
9 41035 1273
20 56078 72831
8 55097 88126
7 70955 99540
12 54600 37758
5 93006 49887
9 15459 74168
5 17121 38162
3 742 94851
5 40063 49207
14 81934 90241
14 80293 46319
8 18890 1415
6 53276 72370
6 11415 26969
13 36288 19974
3 76800 35433
18 207 52553
6 11726 53294
5 33068 93356
15 98071 75290
13 64346 55582
2 3451 74472
2 30682 27747
17 57452 39162
2 21980 75450
6 36394 52249
13 24975 52455
4 51719 64181
14 73312 97248
13 44112 95319
8 5152 59664
19 12511 63115
14 21285 93796
20 2428 51248
7 10539 73227
3 38624 9621
13 2141 34595
4 18211 86314
16 87575 59625
16 50294 3737
15 88303 8889
7 81894 21399
19 49956 42684
18 45765 45111
8 80736 55649
3 91155 94272
5 53822 96413
12 68945 14624
9 48248 2198
1 24798 52492
2 96667 40794
4 28199 22688
8 22845 72644
16 11287 18408
5 50977 99144
17 63894 90298
15 86431 44120
15 43563 13064
18 87007 61311
18 90077 86109
9 96883 82776
17 12576 10974
1 49669 33819
16 29445 45106
20 54332 96083
19 34867 59976
17 9674 46407
6 80893 89969
9 66737 76976
1 54777 67052
18 95310 63934
15 76636 76510
17 80650 26179
4 57306 55624
13 52371 9955
12 46579 44821
4 31084 54494
13 59708 35387
11 1395 2123
7 4393 56900
20 93499 52210
0 0 0