44
8 0
2 6
0 8
7 6
8 5
3 1
7 0
2 5
1 3
0 3
2 7
6 2
4 5
5 7
6 8
6 7
7 1
8 7
7 5
1 2
2 1
0 7
8 1
6 4
1 4
0 1
1 8
0 5
3 8
3 7
3 4
1 0
2 8
7 3
4 1
6 0
3 0
5 8
7 4
0 6
1 7
4 8
2 3
8 4
2
1 0
0 1
35
2 5
3 5
6 4
1 4
6 1
2 3
4 0
0 2
3 1
2 0
2 1
5 2
2 4
3 4
3 2
0 5
3 0
5 4
4 5
0 3
4 2
6 0
5 1
5 3
1 6
4 6
3 6
0 6
1 5
2 6
1 3
5 0
6 3
1 0
6 2
281
14 3
8 19
6 20
8 11
7 2
10 1
2 17
15 4
2 1
10 6
8 20
4 17
3 4
4 2
9 17
16 20
9 10
20 17
19 2
12 5
6 4
20 6
3 7
17 11
19 8
0 16
1 11
14 12
8 7
15 1
15 7
3 11
13 6
19 10
18 6
1 15
18 9
0 13
12 14
4 5
1 12
1 19
5 14
11 10
14 6
0 8
14 15
20 16
18 16
10 2
4 15
0 5
19 11
4 10
7 11
0 12
20 2
7 13
13 5
0 6
6 7
18 15
0 19
1 6
17 16
9 11
18 8
13 4
16 12
18 19
11 9
13 18
15 9
4 16
3 17
9 2
14 1
10 14
6 9
5 1
2 16
15 8
13 12
8 5
2 19
15 14
2 11
4 9
9 0
14 7
17 1
20 10
20 12
18 4
9 14
19 12
9 7
3 12
20 8
11 3
5 7
17 20
17 14
6 12
20 0
5 2
5 9
14 5
12 0
8 4
12 2
3 13
15 12
15 17
13 2
8 6
12 9
4 3
17 3
19 9
9 15
7 0
4 12
18 5
5 10
4 19
13 16
8 13
13 9
16 3
2 7
15 3
6 18
3 19
11 18
12 10
17 4
15 18
2 10
12 4
2 20
7 6
1 7
5 18
9 16
5 11
10 16
17 15
3 20
4 6
6 8
6 10
10 5
19 13
2 14
14 13
20 9
13 19
10 20
17 13
2 0
6 3
14 16
0 11
0 9
13 1
16 9
17 12
14 0
10 13
19 20
17 8
3 8
18 14
13 7
14 17
16 11
10 11
0 15
13 8
17 19
8 0
4 13
2 8
10 17
0 1
16 14
17 5
12 8
3 18
18 10
1 17
6 17
2 9
1 0
12 15
10 15
13 15
1 8
13 17
19 15
1 16
5 16
14 18
16 1
15 20
13 14
5 13
13 0
2 3
11 4
7 9
4 14
5 8
19 14
12 17
20 4
8 9
6 5
9 19
7 15
12 3
0 20
4 11
20 1
20 19
1 18
8 12
2 18
18 17
8 16
3 2
11 6
8 15
18 1
7 17
18 3
2 12
15 19
20 14
9 3
8 2
7 12
15 10
7 5
20 5
18 0
0 2
14 2
6 1
19 7
3 15
11 14
4 20
3 0
5 6
18 13
2 13
12 18
12 16
12 19
0 4
10 8
4 1
2 6
3 9
4 0
18 2
6 2
9 6
12 11
11 12
19 6
4 7
13 3
8 1
19 16
18 20
14 10
10 18
7 19
410
12 5
19 3
23 5
6 1
5 19
14 23
16 2
24 27
26 10
24 1
8 22
11 22
2 22
3 6
12 3
20 11
25 5
8 3
3 23
7 3
14 8
17 20
17 19
6 12
23 11
13 7
0 8
8 24
8 16
22 24
1 2
0 23
10 27
19 18
13 20
24 9
18 14
27 10
15 3
21 12
4 13
12 23
14 27
20 0
27 8
21 10
23 17
5 16
16 7
0 16
8 4
25 24
23 15
9 21
25 23
14 25
15 20
15 7
11 26
20 3
4 21
11 15
15 18
20 14
14 12
1 21
2 21
20 15
18 8
22 4
12 27
26 1
6 9
17 9
4 9
18 27
13 23
3 1
17 11
25 15
12 14
22 25
20 13
9 22
1 12
13 25
9 4
5 14
7 23
4 17
22 9
22 17
26 3
0 25
19 21
27 20
22 16
1 27
6 25
27 2
23 2
26 13
6 21
9 12
23 24
22 21
12 2
20 9
20 24
8 14
11 0
4 27
6 8
0 7
11 2
18 3
26 4
3 11
26 25
19 23
25 10
22 10
8 18
2 27
18 6
16 9
0 24
23 1
16 3
1 23
4 5
15 4
8 5
6 11
24 23
22 27
1 26
5 22
16 8
27 3
21 17
5 12
15 21
5 18
25 0
0 21
0 9
10 19
26 14
9 5
17 3
12 6
20 21
3 19
27 4
15 1
24 26
9 11
5 21
19 8
0 18
26 11
12 15
9 1
16 21
8 9
4 3
26 15
15 13
6 20
6 14
19 22
16 20
5 0
19 24
11 18
20 22
11 7
9 19
20 19
3 22
3 5
14 15
21 25
27 13
14 21
2 1
23 0
16 1
5 20
14 17
15 24
6 4
16 19
7 25
22 7
7 12
19 26
27 5
18 12
9 3
22 13
10 1
6 27
10 3
0 26
6 3
1 11
18 15
9 10
11 16
16 17
8 21
18 25
9 24
12 8
19 14
25 22
25 18
24 12
22 20
7 11
5 23
18 1
26 23
13 8
2 5
20 16
25 4
11 12
25 20
16 12
14 24
2 6
1 3
9 25
21 0
12 24
22 8
24 21
11 6
17 2
23 7
4 11
0 6
14 11
7 6
10 9
10 20
13 27
12 4
14 7
2 18
18 21
14 10
27 21
27 24
15 14
24 11
14 6
16 5
24 13
12 26
23 9
11 19
21 19
18 23
20 4
16 6
5 17
17 10
20 27
23 27
10 14
7 1
15 10
19 15
12 20
21 5
24 0
17 26
27 6
20 23
14 26
5 3
2 15
8 11
20 7
7 16
13 24
2 10
21 1
18 17
24 15
0 27
3 10
26 20
17 18
1 4
12 22
27 26
16 25
6 16
24 19
14 5
13 14
3 7
8 17
16 0
19 10
11 20
15 12
15 5
2 7
12 7
21 3
6 7
3 24
7 20
2 16
22 18
11 13
4 22
6 2
17 14
0 15
2 14
6 18
9 15
25 12
10 5
8 1
18 26
3 14
3 27
18 20
14 2
16 10
26 16
7 27
26 6
14 16
18 7
25 7
8 13
22 14
12 9
4 1
18 22
8 27
10 16
1 22
8 19
4 19
22 0
9 23
23 19
12 10
14 20
19 11
24 2
7 10
4 14
0 17
3 12
0 12
10 24
5 11
20 2
23 26
22 23
10 8
9 14
8 2
4 26
19 13
9 13
3 20
17 1
7 18
0 11
6 13
11 24
13 1
15 26
5 7
0 13
1 25
16 22
15 22
11 14
2 13
26 22
4 12
3 16
12 16
11 23
13 22
18 4
7 2
19 7
21 9
5 24
5 1
15 9
1 9
25 8
2 0
3 17
0 19
23
4 6
0 6
6 3
6 0
1 4
0 4
0 5
1 0
3 1
5 0
6 5
0 2
3 2
4 0
5 1
0 1
6 2
1 6
2 4
1 5
4 2
1 2
5 2
52
5 1
3 0
3 7
0 7
1 7
5 3
7 6
6 4
3 2
4 0
0 2
5 2
2 1
3 6
1 3
4 5
5 7
2 5
2 3
0 5
2 0
7 0
4 6
4 3
4 1
0 1
1 6
1 0
3 1
4 2
5 0
7 5
0 6
6 3
6 1
7 3
1 4
0 3
5 6
7 4
5 4
7 2
3 5
7 1
6 7
4 7
6 5
2 7
1 5
6 0
0 4
6 2
130
5 6
9 3
9 7
11 4
7 8
7 6
9 1
7 5
4 2
7 4
11 7
8 7
4 1
3 4
3 0
6 11
8 1
4 6
7 3
2 11
2 10
2 4
2 3
8 11
1 9
6 7
8 9
9 4
6 4
10 2
6 2
8 4
5 0
1 0
9 10
2 9
0 10
4 10
10 9
0 4
5 3
7 1
7 2
4 11
8 0
6 9
10 7
9 0
1 3
11 6
2 7
2 8
6 0
3 9
3 7
0 8
0 2
1 8
5 1
9 8
5 10
2 0
5 9
2 1
0 5
9 2
1 7
1 2
3 5
0 7
8 2
8 6
0 3
5 4
11 2
11 5
7 0
2 5
1 11
5 2
8 5
8 3
6 3
11 3
5 7
3 2
10 0
6 8
10 6
9 11
11 1
5 11
2 6
4 0
0 11
11 8
9 6
1 6
4 8
10 1
0 6
7 11
10 5
3 10
10 3
10 11
3 6
6 1
7 10
4 9
8 10
3 8
0 9
4 5
10 4
9 5
1 10
6 5
0 1
5 8
3 1
3 11
6 10
4 7
1 5
10 8
4 3
11 9
1 4
11 10
193
15 16
16 12
4 2
3 2
10 9
9 8
10 16
5 7
15 11
5 14
1 3
13 1
16 2
17 3
4 10
10 11
15 8
1 6
17 2
1 9
0 17
2 10
5 13
13 2
10 7
16 11
17 15
6 10
3 1
8 4
6 0
1 13
1 5
11 16
6 8
5 16
5 9
13 17
12 1
6 7
12 6
15 17
17 14
1 7
16 1
17 11
6 16
0 9
16 5
0 6
1 16
16 10
5 0
12 11
3 15
10 4
7 6
1 10
7 13
5 11
17 0
11 14
13 14
1 14
8 17
10 2
16 15
3 7
17 13
13 9
16 9
15 5
13 15
2 16
4 6
0 7
14 11
11 8
13 6
11 10
9 15
0 11
8 9
14 0
6 2
13 16
10 1
11 0
3 6
14 5
7 5
8 5
13 8
12 13
7 12
3 13
0 8
7 2
6 12
10 5
11 3
2 1
0 14
14 4
17 12
9 16
8 14
14 17
0 1
14 7
12 9
14 10
15 13
9 14
15 7
14 13
7 16
8 7
3 16
13 7
4 3
16 3
16 17
8 15
4 14
4 5
16 7
2 15
11 2
3 12
12 5
0 12
7 1
4 15
0 15
11 7
4 1
1 4
6 17
2 6
17 6
17 10
5 12
3 17
5 2
4 0
11 15
11 12
11 1
3 8
6 9
6 3
4 12
16 14
0 10
15 3
9 12
15 9
7 10
12 4
5 8
9 1
9 13
12 3
1 2
13 12
7 15
2 4
3 4
6 5
6 1
11 4
6 4
2 3
16 13
8 0
12 8
1 12
1 0
17 4
14 1
7 17
14 6
2 12
16 4
12 7
5 1
16 0
8 11
9 10
15 12
3 11
9 11
518
12 7
8 26
27 17
24 23
18 6
1 14
7 26
6 5
15 3
24 11
4 10
7 6
4 5
12 16
22 1
12 8
11 4
7 23
4 6
8 11
7 25
1 21
1 11
16 27
14 7
27 13
10 22
23 25
3 27
5 1
10 20
20 9
5 3
22 8
14 20
15 18
3 5
18 14
24 1
24 12
17 3
6 12
13 2
16 12
25 22
3 16
15 13
15 9
15 19
14 2
14 5
3 15
22 27
20 16
12 9
11 12
2 27
14 23
9 11
8 6
26 10
14 16
27 4
21 18
5 23
26 11
26 12
2 3
27 5
5 18
13 6
14 1
17 18
16 6
13 14
24 16
23 22
4 11
24 2
12 23
20 3
21 6
11 27
2 21
14 11
2 4
17 5
2 15
6 3
13 18
23 17
18 7
8 0
21 5
25 2
9 5
21 10
22 5
6 11
0 27
8 19
17 2
9 25
7 14
12 10
14 9
12 13
10 11
4 8
15 16
8 13
27 26
13 26
19 17
23 12
11 24
21 19
22 15
25 15
13 20
14 26
11 7
16 7
10 0
19 8
0 8
9 27
4 27
15 11
25 7
18 21
12 17
22 23
20 6
5 19
25 27
20 22
19 26
5 26
4 26
11 8
19 24
21 9
19 0
24 13
24 25
18 0
14 27
13 23
24 9
9 22
26 1
23 6
2 12
12 5
25 11
11 26
19 9
9 3
23 5
1 7
25 19
19 3
24 27
8 10
5 6
6 22
10 14
5 2
27 21
19 18
25 23
19 11
15 6
8 9
23 19
26 23
3 11
10 4
23 2
13 8
1 18
22 17
26 0
6 18
14 21
20 12
12 21
21 16
12 25
1 13
16 22
24 20
0 21
14 17
17 20
15 2
17 11
22 0
20 7
2 25
11 22
21 25
18 23
16 20
8 16
24 22
19 5
22 11
7 22
6 8
16 19
19 14
21 3
7 11
27 19
8 1
13 3
24 4
4 22
6 7
11 0
26 8
4 15
26 24
6 21
3 24
24 7
23 3
26 6
10 26
24 6
18 26
20 13
13 17
23 15
22 14
2 10
1 16
25 13
4 21
9 16
0 2
20 14
1 6
25 14
16 10
24 21
13 25
13 21
13 10
23 10
0 9
3 18
18 5
17 4
5 0
17 22
13 1
23 4
8 18
18 4
20 2
21 23
24 18
5 8
3 7
19 13
12 22
26 16
20 21
21 11
5 22
27 0
26 22
26 25
7 24
6 10
24 5
10 6
17 19
0 3
17 7
3 4
16 17
24 15
0 22
25 12
7 2
4 14
13 9
22 21
9 7
1 27
1 24
10 2
23 27
13 24
23 1
15 1
26 19
15 4
10 17
9 4
3 0
4 9
25 4
8 25
20 11
17 6
27 14
25 8
1 20
6 26
16 9
1 4
25 5
26 18
8 14
3 6
25 24
16 13
2 18
11 6
4 16
3 23
0 15
16 4
12 15
17 15
23 13
1 3
14 13
7 0
17 24
27 20
8 24
10 3
21 26
15 23
19 20
17 25
5 12
26 17
15 7
19 16
13 4
27 15
1 5
11 2
18 8
8 4
6 9
26 21
11 20
16 2
27 25
23 7
25 0
11 15
25 3
22 18
17 0
22 10
16 26
3 2
14 6
9 13
20 8
9 2
8 2
10 15
7 10
22 3
16 11
26 4
6 19
21 0
7 20
6 14
18 15
17 8
10 12
1 19
7 18
20 15
22 6
7 5
9 24
12 26
11 21
14 19
21 14
21 7
3 12
15 0
3 14
13 7
1 15
3 9
1 26
21 27
18 11
24 14
5 20
19 1
21 1
0 7
17 10
6 4
11 1
17 12
17 27
8 20
22 13
0 16
7 12
4 18
17 21
23 18
7 13
25 21
0 4
4 0
9 6
5 7
0 25
0 6
18 27
5 27
2 6
19 6
5 16
14 25
21 15
5 25
0 5
2 23
26 13
14 15
13 0
21 17
5 13
18 1
20 1
10 7
27 3
24 3
13 19
21 2
7 9
3 20
6 20
19 22
3 10
9 20
9 14
11 16
14 24
19 4
0 13
3 17
27 22
27 7
15 22
26 20
26 2
17 26
6 16
2 7
9 21
20 0
1 8
12 14
3 26
22 9
19 23
11 14
10 18
10 19
5 9
13 16
19 12
14 22
2 1
27 12
12 18
9 12
11 23
12 1
2 9
0 23
5 11
22 25
16 15
14 18
4 24
27 9
10 9
2 24
1 2
15 21
18 16
0 12
21 12
10 21
20 18
3 21
6 17
15 24
10 25
8 27
12 6
19 10
2 11
11 9
16 14
25 20
27
2 3
3 0
4 1
5 4
5 0
2 5
1 4
5 1
2 4
3 1
0 4
2 1
0 2
1 0
2 0
1 2
3 2
0 1
1 5
1 3
4 3
5 2
4 5
4 0
3 5
5 3
3 4
31
6 0
6 3
0 5
6 1
3 4
2 0
1 2
1 5
3 1
1 3
0 3
0 2
4 1
5 1
2 3
6 2
1 4
4 3
1 6
5 3
1 0
4 2
5 6
6 4
3 0
5 2
2 6
6 5
3 6
4 5
0 6
384
6 9
3 22
20 17
14 12
4 0
7 21
13 4
22 16
4 20
7 1
22 1
1 16
18 9
1 6
22 18
11 24
8 21
9 17
9 10
17 14
8 16
13 8
19 18
2 24
15 2
21 2
0 5
7 15
1 14
15 14
14 11
14 15
2 8
15 12
12 13
6 24
7 6
12 9
21 20
19 11
3 21
19 7
20 13
1 15
14 21
14 7
1 13
24 1
12 3
13 1
7 8
10 20
10 0
24 6
15 6
17 7
17 0
9 6
24 4
20 19
10 13
12 24
8 6
23 7
15 1
9 8
7 11
10 2
1 2
3 16
8 15
0 15
20 3
19 21
23 18
16 14
19 3
6 1
21 12
19 9
24 18
1 21
23 12
9 16
13 5
16 20
15 23
2 9
23 6
16 23
17 20
11 7
23 9
10 16
17 23
23 17
19 15
6 10
7 22
7 19
21 13
5 24
22 7
24 7
17 15
20 0
9 21
12 7
14 3
23 21
15 10
2 10
16 0
24 15
5 17
18 14
20 7
11 21
24 20
8 19
4 11
16 8
22 11
9 14
9 23
21 17
15 3
16 7
16 21
18 16
10 17
4 5
15 24
23 24
18 19
14 5
1 18
22 12
23 15
6 11
9 15
9 18
9 11
17 11
12 14
14 13
3 11
15 18
5 1
8 0
0 4
18 17
18 12
22 9
23 5
5 14
24 2
3 20
20 2
0 7
6 18
20 10
4 12
9 5
0 12
17 19
0 6
9 20
22 0
0 21
5 13
6 17
3 14
16 6
3 10
10 11
6 7
20 4
10 21
23 3
2 18
0 24
3 18
24 3
12 16
24 21
0 17
22 5
10 15
0 18
17 21
6 19
12 2
9 24
6 15
5 16
10 18
7 12
11 18
2 14
5 7
24 23
3 23
4 2
21 7
23 22
0 16
18 20
3 15
14 2
0 1
18 11
17 1
13 23
21 22
21 5
20 21
22 4
7 23
23 19
4 10
17 10
11 22
23 4
21 18
15 22
0 22
3 8
9 22
11 23
8 3
18 5
23 20
7 13
3 24
2 16
19 24
11 14
3 13
6 3
24 12
11 10
3 6
1 17
8 20
4 23
4 24
11 6
5 9
2 15
18 22
22 17
12 15
1 11
11 19
24 22
6 16
21 0
12 17
15 13
13 2
20 16
17 8
15 9
5 11
1 12
13 11
7 10
21 8
6 14
19 17
1 8
10 8
9 13
7 20
13 12
11 16
2 17
13 16
11 3
22 13
24 19
8 18
9 3
15 20
21 1
2 22
23 0
16 3
5 4
20 23
2 23
23 10
19 16
21 3
10 5
23 2
15 16
4 14
10 23
8 10
5 21
20 22
16 13
14 1
21 9
2 21
0 3
23 1
5 18
2 20
12 10
4 17
9 7
6 23
0 9
11 13
13 9
1 3
19 20
11 8
15 8
16 17
10 4
15 7
1 24
6 8
20 9
14 18
14 23
18 15
4 3
19 4
14 10
2 1
12 0
17 3
16 12
11 4
7 18
17 2
7 5
16 19
4 19
12 1
10 7
24 13
22 15
22 14
4 1
19 14
18 3
19 10
9 2
22 2
23 16
7 4
8 11
12 8
5 12
4 13
6 22
2 7
11 5
22 23
20 6
1 0
6 4
10 19
4 9
1 20
24 5
10 9
16 10
16 5
17 9
11 20
16 11
21 16
13 19
14 20
8 12
21 23
2 13
88
5 1
9 8
11 7
1 8
1 7
1 0
3 12
10 9
3 10
9 6
0 12
6 11
12 4
8 3
0 5
8 9
2 3
2 9
5 11
11 3
7 5
12 1
10 0
4 11
9 4
3 1
5 0
0 11
12 5
9 3
2 4
8 5
10 8
0 9
10 3
11 9
6 0
12 2
10 6
12 6
8 4
2 6
4 6
5 3
12 10
8 10
5 2
10 12
0 4
4 9
2 7
2 12
11 0
7 2
3 5
8 11
7 3
9 12
11 5
0 3
10 5
10 7
4 0
12 9
9 2
12 3
1 5
10 4
5 10
0 6
5 7
0 1
4 5
7 8
7 0
3 4
11 12
7 1
5 8
10 1
7 9
12 0
6 5
2 5
4 12
6 2
3 9
0 7
306
9 13
8 6
14 0
4 16
9 17
0 8
13 11
10 5
1 12
11 4
11 3
4 13
4 8
8 7
11 17
10 6
0 16
9 5
11 15
8 1
2 5
7 8
15 9
15 1
10 4
6 10
5 15
5 13
10 1
14 1
4 3
16 17
15 16
12 4
0 11
17 7
12 5
1 14
9 16
2 1
12 13
0 1
4 10
6 1
3 8
6 2
15 17
0 15
16 5
8 13
9 10
13 2
11 5
3 11
1 17
4 17
12 14
16 11
7 1
4 9
2 0
15 5
14 16
1 5
7 11
5 17
16 2
6 15
14 11
15 11
5 2
8 11
9 11
8 2
4 1
3 5
3 0
13 6
15 13
9 6
0 3
10 8
14 4
8 17
16 12
14 12
2 17
1 15
8 16
8 4
5 14
17 14
1 3
16 13
10 9
16 15
5 0
13 3
7 5
0 4
14 2
15 7
15 10
12 15
2 14
15 4
8 9
13 15
1 7
10 2
0 7
14 8
0 12
1 13
1 9
16 0
2 15
7 13
13 5
4 2
11 13
1 8
1 0
2 6
1 10
3 2
14 17
13 7
0 9
16 9
2 16
14 3
6 14
8 14
17 0
17 1
11 14
12 11
12 1
12 6
11 12
10 14
8 5
17 11
7 3
17 15
2 8
7 2
17 10
7 12
15 12
17 16
8 15
6 8
6 7
3 7
12 7
6 4
15 2
11 0
0 13
11 10
2 4
14 15
4 15
6 13
2 10
4 12
12 0
2 12
0 2
12 10
14 10
1 6
13 0
10 16
5 6
4 6
3 16
6 17
14 5
17 4
17 6
6 12
16 4
13 17
9 15
6 16
6 11
12 16
13 9
16 10
15 3
6 3
3 4
15 6
10 15
11 9
5 8
10 0
13 4
12 9
5 4
11 1
7 9
0 10
16 8
16 1
6 9
7 15
8 3
13 1
4 14
12 3
9 2
9 3
5 9
10 11
1 11
0 14
2 3
12 8
3 6
11 8
17 5
3 14
15 8
1 2
9 1
7 17
5 11
13 12
3 9
14 9
3 13
10 12
7 4
0 5
16 3
3 12
3 10
9 14
16 14
9 7
7 14
12 17
8 12
5 7
9 12
17 3
11 16
4 7
5 3
17 2
4 11
7 16
16 6
14 13
10 3
4 5
5 1
0 6
1 16
7 10
13 10
3 17
9 0
4 0
12 2
8 0
11 7
17 9
2 7
10 7
0 17
2 13
3 15
7 0
9 4
6 0
13 8
13 16
16 7
13 14
5 16
5 10
14 6
5 12
10 17
11 2
2 11
14 7
2 9
15 0
15 14
10 13
8 10
17 12
17 13
3 1
6 5
1 4
9 8
17 8
7 6
11 6
430
16 13
23 6
1 5
5 16
5 1
4 13
16 12
3 2
19 22
3 12
24 17
4 14
22 4
1 3
21 14
13 2
19 18
7 23
9 19
1 10
18 4
26 24
24 20
2 13
1 14
22 25
15 18
18 0
26 9
2 8
10 12
16 7
7 8
24 8
23 21
7 18
8 0
22 21
5 20
18 1
17 20
8 7
9 26
9 16
23 3
18 16
20 21
24 14
24 23
6 24
7 21
25 10
9 5
5 18
6 23
10 3
24 16
25 2
1 20
18 12
20 13
10 5
1 18
13 21
14 24
20 5
25 4
22 6
4 12
8 1
13 0
12 10
11 20
21 26
4 20
9 13
0 24
9 17
2 18
4 19
12 9
1 4
1 13
9 2
14 13
7 19
25 19
16 21
12 11
7 2
9 1
23 19
23 4
9 18
11 26
8 14
12 20
1 12
4 2
21 7
10 26
0 21
12 17
22 11
8 23
21 11
11 0
17 18
26 18
25 6
19 11
15 0
26 16
18 6
1 0
11 18
2 10
8 17
2 9
12 16
10 8
4 21
20 17
26 13
25 24
7 3
6 9
24 9
11 17
17 5
19 17
14 9
19 7
10 2
6 13
25 16
21 0
14 21
23 24
17 4
7 0
12 2
17 6
6 21
6 25
7 15
25 13
10 6
21 10
3 19
4 16
19 6
9 21
18 9
6 22
13 16
20 22
7 24
24 21
22 24
20 1
6 17
17 2
23 1
14 26
25 3
13 23
11 23
12 19
5 0
2 23
25 1
14 10
26 8
10 18
25 20
8 2
21 2
7 14
22 19
13 8
11 3
22 16
23 25
10 23
11 9
5 19
26 4
12 0
15 20
23 7
23 22
4 3
9 20
2 15
0 20
9 6
20 16
24 10
20 26
0 14
4 9
13 6
18 19
12 4
10 19
15 26
13 5
1 11
2 16
2 25
12 22
3 26
8 16
18 22
1 8
22 9
4 22
11 15
15 3
25 8
25 7
22 17
3 25
2 1
5 22
3 24
4 23
15 2
12 7
5 8
20 4
15 4
17 23
17 14
3 20
22 23
15 9
25 18
25 21
13 20
22 7
8 12
11 12
13 1
8 11
6 11
2 12
18 14
5 26
0 12
14 25
23 10
26 15
0 3
10 16
0 17
15 7
19 2
23 26
19 9
16 14
1 24
7 1
13 15
6 7
23 13
19 26
6 8
8 4
17 12
20 12
26 11
17 9
6 26
6 19
10 11
21 9
13 10
26 7
25 14
15 11
26 2
17 7
26 23
12 13
14 3
7 20
4 1
5 14
20 24
3 9
4 25
12 18
17 24
8 5
17 8
10 24
13 14
25 15
9 3
17 26
13 12
4 7
16 20
7 4
21 25
23 15
0 16
18 15
6 3
18 3
10 15
6 14
2 17
15 23
26 6
15 12
6 12
18 7
0 19
19 14
25 0
16 26
24 15
0 2
24 11
18 23
19 10
26 5
16 25
25 22
15 13
21 3
12 3
22 1
14 15
24 3
21 15
12 26
11 22
20 14
11 2
0 9
21 6
26 3
20 10
2 26
2 7
12 14
9 22
23 12
0 7
16 17
5 11
20 0
20 3
11 1
16 3
10 4
20 15
14 11
6 20
16 5
9 14
22 8
0 6
7 26
26 25
11 4
2 5
12 15
17 15
19 15
10 1
15 14
11 25
14 18
20 8
12 1
13 9
19 4
13 25
23 9
16 22
8 22
0 22
1 17
23 14
15 1
3 21
8 26
5 9
24 19
15 10
1 19
8 13
3 14
19 0
13 7
21 1
15 16
2 21
10 22
0 11
4 18
8 9
15 17
24 26
22 14
13 24
9 4
14 8
5 17
25 23
21 20
7 11
7 9
23 2
18 20
19 23
1 2
8 18
22 10
19 20
13 17
11 13
21 18
16 19
1 23
160
14 5
7 14
8 10
0 11
9 2
10 15
3 16
11 10
2 11
11 12
14 0
12 2
10 0
11 1
4 5
0 1
5 0
3 2
15 8
5 14
1 6
15 1
10 1
9 14
15 4
3 8
5 15
15 9
8 0
9 8
5 1
10 7
15 7
13 16
14 9
5 3
10 4
16 0
15 5
13 7
10 3
5 11
8 13
4 0
9 4
1 10
1 5
4 15
4 10
16 4
0 15
15 11
0 2
10 8
13 5
9 16
5 7
2 4
7 0
8 12
5 4
2 12
7 12
10 9
7 5
0 6
7 11
0 16
11 9
11 14
12 11
12 7
2 10
7 1
15 13
1 4
0 4
10 11
16 2
11 0
8 7
9 12
13 10
2 9
5 12
12 4
14 7
13 4
5 9
9 0
1 7
6 2
8 11
12 5
3 11
6 10
9 1
7 3
16 9
15 2
3 14
16 5
14 6
8 4
1 14
1 16
5 8
0 13
6 16
7 16
9 11
9 10
1 12
1 9
2 15
12 10
9 5
11 6
6 5
7 13
4 14
12 8
6 1
8 5
4 6
1 11
12 16
14 12
16 6
6 14
3 12
16 7
2 0
14 4
15 14
1 8
9 13
13 12
6 12
14 15
16 15
1 3
3 9
10 2
9 3
11 7
16 14
7 8
6 4
12 14
7 6
7 15
13 2
5 10
8 3
8 15
12 9
1 2
11 8
4 16
318
3 18
7 9
7 20
8 19
4 16
7 10
4 17
6 2
17 9
8 6
9 20
19 21
5 1
17 0
16 7
4 3
17 12
21 6
4 13
18 19
10 2
20 21
18 3
16 14
14 11
12 14
17 18
18 13
8 0
0 9
6 4
12 4
1 9
4 18
18 16
2 21
19 11
11 9
0 1
20 0
3 7
12 18
19 15
2 9
19 0
12 20
13 11
5 4
18 20
14 5
10 9
18 15
6 9
9 7
15 20
9 3
9 5
5 0
0 12
2 1
14 8
19 17
10 0
3 13
5 3
7 17
16 17
20 8
4 20
11 18
6 3
17 5
19 5
19 6
1 8
3 17
14 13
12 3
4 9
18 11
17 7
7 18
21 0
16 9
15 8
13 9
15 10
15 1
4 7
15 12
21 2
11 2
2 19
4 12
6 0
8 11
17 6
12 5
2 3
6 14
21 4
16 4
1 11
2 5
5 9
3 20
6 5
2 16
20 9
10 15
4 8
2 14
10 19
10 3
16 8
1 14
8 2
21 18
11 0
18 1
19 4
8 4
12 7
5 16
0 16
9 15
1 7
3 11
18 9
13 4
7 4
7 6
19 1
3 9
11 19
7 8
21 11
10 1
10 20
4 15
10 18
21 13
13 15
19 3
20 14
17 21
5 2
15 9
12 11
3 6
4 0
4 6
8 5
14 17
18 12
17 3
21 15
10 5
10 17
5 6
19 10
1 4
9 0
14 19
7 12
5 7
1 5
6 20
6 12
1 19
11 13
14 15
0 14
10 6
13 7
3 21
19 18
2 8
9 21
0 21
4 1
0 11
15 5
17 14
7 1
15 2
15 6
14 2
8 13
14 9
7 11
0 10
1 16
1 17
11 8
20 10
20 19
8 15
19 7
6 17
1 10
16 1
14 0
21 16
14 16
16 6
1 3
19 2
7 21
12 13
17 19
16 15
13 18
13 12
8 1
21 1
7 3
13 17
20 17
9 10
5 18
6 15
20 16
11 7
3 12
0 7
9 11
12 6
8 10
13 0
21 8
17 10
4 11
6 8
15 18
0 3
13 6
9 2
21 17
8 18
15 4
20 18
19 14
5 8
5 17
17 13
7 2
13 2
4 5
6 13
9 13
5 10
21 7
19 12
20 4
2 6
3 2
12 9
1 13
18 5
14 4
5 13
0 13
13 21
3 1
8 16
11 14
18 0
9 14
16 0
6 19
7 14
7 15
4 14
11 4
9 6
17 16
0 15
20 7
14 10
3 8
19 20
15 21
1 12
18 17
10 8
0 17
0 8
6 1
18 6
18 21
8 14
2 18
4 21
19 8
9 17
13 5
12 21
17 2
17 11
17 1
2 12
14 12
15 3
20 12
11 15
21 12
9 4
11 17
3 16
9 19
2 0
13 14
7 0
0 19
11 20
4 19
5 15
171
6 5
14 16
10 13
10 14
6 13
0 3
3 14
15 12
12 3
13 12
16 6
11 16
16 10
12 13
1 9
7 5
3 12
0 16
3 8
13 10
3 6
11 3
5 11
8 14
14 15
15 8
2 15
0 10
7 9
13 7
4 16
9 16
5 13
13 9
13 5
11 9
1 11
14 5
9 2
10 7
4 15
0 1
0 6
5 1
11 2
10 9
14 9
9 11
6 1
6 3
2 4
3 7
9 7
14 13
2 13
0 9
9 6
3 11
16 12
7 12
11 8
10 1
9 4
11 6
12 14
12 4
15 13
4 13
9 10
6 9
6 7
7 14
3 9
0 13
1 4
11 0
4 3
7 6
4 7
5 12
2 7
4 0
12 10
7 10
8 12
10 0
5 14
11 5
9 5
5 15
16 15
8 4
2 8
2 1
7 11
7 3
3 0
14 2
2 9
3 2
8 5
6 16
2 10
10 5
1 14
8 15
12 16
16 7
6 0
0 12
1 5
16 11
6 12
15 11
7 4
9 15
5 2
15 16
10 6
8 2
10 3
0 8
9 14
13 0
6 11
10 11
6 8
7 15
0 11
16 14
0 14
14 8
12 11
9 1
14 0
16 13
13 15
14 4
3 16
4 8
1 6
1 7
12 8
6 15
2 16
12 5
11 12
5 8
12 1
1 12
0 5
4 10
13 16
6 14
3 13
11 4
2 14
10 16
16 2
5 9
13 3
6 2
1 10
5 3
5 0
7 8
1 13
10 8
15 7
15 14
10 15
675
8 23
5 16
17 15
3 23
23 4
3 21
8 5
20 13
9 23
9 1
17 14
12 1
4 17
22 1
18 21
25 21
18 6
9 0
9 10
21 24
22 5
10 19
15 2
26 23
24 8
3 18
23 1
4 2
6 20
22 12
16 7
12 14
25 7
21 7
5 1
12 17
2 1
6 12
1 25
22 7
0 11
13 16
9 17
16 25
16 18
3 25
13 21
0 8
17 5
23 21
24 26
14 24
8 21
11 22
13 12
15 6
7 20
24 16
11 26
12 23
17 9
2 11
10 18
16 5
6 4
24 13
19 2
2 14
7 14
14 2
7 3
2 18
6 22
8 22
23 14
5 10
23 0
22 18
11 19
22 11
21 4
2 3
8 4
13 22
0 2
23 22
7 2
25 19
0 18
12 21
11 14
21 11
20 14
13 26
17 18
14 6
1 17
9 2
9 21
25 22
20 0
10 20
19 16
19 4
0 15
11 7
1 8
5 4
0 3
17 21
4 3
7 21
4 25
19 20
8 20
10 6
26 20
9 18
13 15
21 10
10 5
6 16
13 0
0 23
8 19
26 15
10 17
24 0
15 5
8 26
11 17
6 11
5 24
16 22
15 10
21 2
13 6
10 11
18 4
25 1
9 24
17 0
12 3
12 26
19 7
18 3
7 9
18 26
15 8
23 15
20 26
15 1
3 6
26 25
23 7
23 8
2 8
21 15
1 4
22 13
17 8
9 8
18 10
18 24
23 11
8 9
16 10
7 13
24 3
6 24
22 21
19 11
5 6
12 0
6 2
14 13
0 12
17 24
10 9
18 19
1 6
2 26
17 23
1 13
13 20
18 23
10 16
12 6
12 16
3 5
4 10
2 4
11 1
5 15
21 17
16 26
8 24
15 9
3 17
2 20
25 11
7 4
18 7
3 8
16 3
15 17
6 25
24 4
7 0
8 6
4 0
26 5
24 25
20 24
11 2
2 21
7 8
6 0
8 1
16 20
4 19
14 21
3 0
17 13
16 4
22 23
20 7
6 26
18 9
11 18
9 19
19 24
18 0
17 2
25 13
6 3
20 10
25 12
2 9
10 3
4 24
24 5
8 13
12 25
21 18
26 19
26 1
2 10
1 15
24 23
18 12
19 14
2 13
9 6
25 18
7 22
4 8
9 13
22 10
17 25
0 14
12 20
22 6
8 10
14 7
21 0
16 17
0 20
26 9
23 24
0 1
3 13
19 1
20 9
8 18
9 16
11 9
20 3
25 6
24 12
22 4
3 15
22 0
16 12
20 18
4 20
3 1
19 8
16 14
11 16
2 25
2 15
12 24
9 12
12 13
26 11
5 11
7 10
20 23
18 5
5 9
26 22
21 12
11 23
16 24
26 4
11 0
21 26
4 23
7 18
14 16
23 3
25 3
15 13
2 6
23 19
21 3
10 0
3 26
17 26
13 25
13 3
10 7
8 3
4 15
15 22
1 5
6 18
2 7
13 23
5 13
24 7
0 19
14 9
19 22
19 10
1 23
15 20
22 9
0 4
10 23
5 8
19 15
11 21
20 22
16 15
13 19
11 13
25 4
15 21
13 18
13 9
0 24
0 25
7 17
26 17
7 26
22 20
14 8
1 22
8 0
18 1
15 25
4 22
14 18
16 6
3 24
19 0
6 15
0 13
23 16
18 17
1 10
12 8
17 1
24 17
17 19
22 14
21 22
2 22
16 21
20 6
25 17
3 11
23 6
21 9
20 17
16 13
13 5
9 11
23 9
3 14
9 26
17 16
1 0
10 8
11 3
26 3
15 24
8 2
22 24
23 26
9 25
10 2
24 22
9 7
21 5
15 12
13 17
3 20
12 2
18 20
4 16
5 7
20 15
24 6
24 9
19 13
25 23
10 13
25 20
3 4
17 4
16 0
10 14
13 14
21 25
3 10
5 0
6 19
14 17
4 21
4 9
22 26
3 16
11 15
12 5
3 9
3 19
25 15
16 2
7 11
1 21
4 7
1 26
24 21
2 19
18 25
21 20
11 25
8 11
17 3
20 2
5 25
21 23
7 19
18 22
16 9
5 18
0 7
23 12
14 23
1 9
10 4
5 20
0 9
20 5
8 7
18 8
26 13
2 24
21 6
5 22
21 14
1 18
10 1
20 8
8 16
1 14
2 23
18 13
2 17
6 8
2 0
21 1
13 10
2 5
9 14
14 20
25 16
20 1
10 24
9 20
1 2
24 2
16 11
14 19
13 2
5 19
26 16
8 25
8 15
11 20
24 11
26 2
12 4
9 3
1 20
19 18
18 11
16 1
0 17
6 10
12 7
19 17
20 16
18 14
12 15
21 13
4 5
19 12
17 20
9 15
23 2
5 21
21 16
11 10
4 12
4 13
17 11
25 24
14 4
23 25
24 18
24 14
7 24
6 5
10 25
5 17
6 1
12 22
26 12
0 22
0 6
14 10
7 16
15 19
15 7
13 24
14 11
15 14
6 21
23 20
1 7
22 8
1 12
4 6
22 15
5 26
11 8
19 3
20 19
8 12
23 5
25 10
26 18
2 12
0 5
19 25
1 19
5 14
23 18
25 9
26 7
5 23
21 8
15 16
1 11
22 2
7 15
1 24
15 3
5 3
11 24
19 9
8 17
17 22
15 4
18 15
7 5
3 2
6 23
6 9
24 10
10 22
24 19
26 6
0 21
17 10
24 20
13 4
13 7
7 25
12 18
22 17
4 18
22 16
8 14
22 25
7 12
2 16
13 1
19 5
19 26
17 12
4 14
13 8
11 5
12 19
12 9
0 26
12 11
19 23
14 12
18 2
10 15
22 3
13 11
11 6
4 11
23 10
0 16
14 15
3 12
14 1
14 25
5 12
26 10
25 26
10 12
12 10
6 13
20 4
15 11
7 1
6 17
16 8
1 3
10 21
26 24
17 7
26 14
19 6
26 21
17 6
4 26
24 15
18 16
15 0
11 4
14 22
20 25
11 12
25 5
23 13
23 17
9 4
20 12
3 22
25 14
15 18
22 19
25 8
14 5
25 2
287
2 20
7 3
12 16
8 15
6 7
5 20
4 15
0 19
2 17
18 10
15 12
6 0
21 7
3 8
13 19
2 16
0 17
7 18
21 17
8 4
10 17
12 6
20 19
9 2
21 2
4 6
8 13
18 5
8 18
17 18
8 3
21 12
0 16
12 17
3 9
12 3
4 3
17 16
2 5
4 17
0 12
19 20
10 13
11 5
15 16
12 18
12 10
1 9
18 4
3 7
14 18
11 7
3 12
16 17
11 17
20 10
1 15
13 10
2 10
15 19
20 4
17 20
16 5
7 1
19 9
8 11
6 5
12 13
7 9
12 1
10 15
7 20
17 8
2 13
16 10
8 16
17 11
17 0
12 11
7 16
15 3
18 6
11 19
12 7
12 8
7 5
1 5
9 16
21 3
8 5
7 12
9 6
18 21
4 5
9 13
0 8
13 2
17 14
19 16
2 14
16 21
18 8
19 1
13 14
0 18
11 3
5 6
20 0
11 4
3 16
20 21
2 3
21 5
18 11
9 4
18 15
11 1
16 3
5 16
7 8
3 20
5 11
10 2
3 0
10 5
0 14
7 10
15 4
8 6
19 0
21 18
16 4
15 9
4 10
9 0
11 9
9 5
6 8
12 15
0 6
21 19
6 10
5 3
11 20
18 14
4 7
17 15
5 21
8 1
10 0
6 19
1 6
4 11
4 16
12 14
1 21
19 17
6 15
3 18
0 15
21 10
16 9
20 8
4 18
11 10
19 13
13 6
6 12
2 21
20 13
14 13
18 7
8 19
14 20
21 0
16 0
2 9
18 17
11 21
1 8
11 2
10 19
5 10
18 2
12 4
9 21
14 6
13 11
6 9
20 1
12 0
14 17
17 3
3 11
5 13
0 5
5 9
6 18
9 15
12 5
20 2
14 19
0 3
13 17
8 7
14 12
14 11
1 7
17 9
13 12
19 8
7 19
14 15
21 20
19 2
15 7
9 17
1 4
9 14
1 13
16 12
14 21
18 1
10 14
19 6
17 13
5 4
20 9
2 15
4 9
15 11
21 6
11 16
17 1
1 11
8 2
15 14
13 7
6 17
20 14
1 16
6 13
2 4
2 19
0 4
18 19
18 16
9 8
21 9
6 11
21 13
7 13
13 21
16 11
6 4
4 2
20 15
1 0
18 20
3 15
14 3
12 9
16 13
15 6
14 9
4 1
16 18
18 9
13 20
0 7
17 19
15 5
14 16
9 3
20 6
2 18
0 1
9 11
8 0
11 6
13 0
18 0
1 14
21 8
6 2
5 18
13 16
106
6 10
11 9
0 5
9 7
1 5
10 0
6 4
11 8
7 2
10 8
8 0
5 6
9 0
6 8
4 9
2 4
4 6
1 2
8 7
8 10
1 4
7 1
3 10
3 4
4 3
1 6
3 11
9 11
2 8
2 3
2 0
6 5
6 1
2 6
5 8
2 7
4 8
10 2
8 6
5 3
7 10
5 0
6 2
3 2
10 1
10 3
1 11
6 0
4 5
4 10
11 6
8 9
8 3
1 7
2 10
10 5
4 0
0 6
7 0
0 3
5 9
6 3
11 7
9 5
2 11
8 2
10 4
0 10
2 9
5 1
7 6
6 9
7 5
10 7
7 3
5 2
3 0
0 8
9 10
7 4
9 6
5 7
4 11
6 11
4 2
3 9
11 4
5 10
4 7
9 4
3 5
0 2
3 6
9 1
10 11
3 1
11 10
9 3
11 3
0 9
11 2
1 10
0 1
9 2
7 11
2 5
575
2 15
19 5
5 23
7 11
24 1
5 1
12 5
21 7
16 20
13 20
21 4
0 8
6 11
12 17
10 7
4 18
1 16
22 15
22 14
9 12
4 16
1 6
24 12
3 21
24 20
17 9
8 15
7 23
17 23
20 21
11 4
3 0
18 0
14 6
10 9
11 1
18 2
16 18
8 0
18 23
4 8
10 11
12 19
0 10
14 8
20 8
15 22
15 6
0 3
7 24
1 3
14 18
11 0
22 16
19 23
13 21
16 7
1 12
21 10
4 23
1 5
3 16
13 23
18 24
17 22
0 18
17 15
21 8
23 20
12 8
12 24
20 13
6 12
7 5
11 19
7 16
22 12
23 22
14 20
9 3
6 3
11 21
19 10
21 18
0 12
7 8
8 6
18 21
20 4
12 22
16 3
18 5
5 6
15 21
6 0
23 13
3 5
14 19
2 1
17 16
0 6
13 12
3 12
24 0
19 6
0 11
9 1
8 3
4 14
2 21
18 8
22 6
6 7
16 2
16 21
6 10
15 18
13 2
20 23
14 13
22 20
16 0
15 5
10 22
20 0
12 20
2 17
12 7
5 15
14 17
23 11
9 19
1 0
16 22
19 11
7 3
22 18
8 13
6 15
14 22
14 0
10 17
20 22
24 8
4 21
19 16
13 14
11 2
19 0
20 6
7 12
10 1
18 1
16 19
12 9
14 9
14 1
11 8
22 10
12 11
7 1
15 9
12 13
9 21
23 7
8 11
17 3
19 13
21 19
2 16
16 14
2 24
5 21
13 16
8 12
16 4
15 7
21 17
13 3
21 15
17 0
7 15
17 2
10 20
24 5
1 8
3 8
6 9
15 14
18 15
22 23
10 2
4 22
4 24
0 23
16 6
12 23
1 10
21 22
0 14
4 17
9 20
10 13
17 21
18 12
17 4
6 24
23 4
9 0
13 6
2 14
16 11
10 8
0 17
9 2
22 17
16 23
19 9
0 24
17 19
3 17
0 21
24 3
13 4
0 15
11 7
17 5
19 17
5 20
5 9
16 5
23 6
23 3
11 20
5 2
24 9
20 5
3 20
22 24
9 17
23 15
12 16
11 18
12 14
24 23
10 14
3 4
8 17
20 2
0 4
20 19
15 16
14 12
7 2
13 18
21 14
3 15
4 5
4 20
4 3
11 16
5 10
11 15
10 5
7 21
15 13
1 24
12 4
10 24
13 7
4 9
20 3
8 20
19 22
3 13
6 22
16 8
14 16
23 18
1 4
19 7
15 20
4 12
5 7
24 2
20 12
1 15
18 3
17 14
24 11
8 4
2 4
9 15
18 17
9 5
20 11
1 23
0 16
18 14
2 10
4 11
6 5
6 2
13 0
18 10
0 5
11 23
7 10
17 7
21 16
9 7
7 0
2 5
3 1
23 0
20 24
17 11
2 11
3 18
23 10
2 6
14 10
5 17
12 15
5 14
9 13
5 3
13 5
17 12
22 2
15 3
22 19
14 23
24 22
3 9
8 23
21 12
18 22
12 2
18 9
14 3
20 14
3 7
11 6
5 8
1 21
1 11
24 6
0 7
2 13
10 0
22 8
10 6
10 16
8 5
6 14
0 2
19 21
3 22
24 15
10 12
3 14
14 5
9 18
11 14
7 4
11 24
14 11
11 22
5 18
8 7
3 6
1 20
1 14
10 18
9 16
19 2
19 24
24 4
24 16
7 14
15 8
10 19
4 2
22 5
2 12
2 23
17 18
19 12
18 11
18 20
0 22
7 20
20 16
24 17
21 5
11 13
6 21
24 13
9 10
18 7
7 9
22 3
19 1
16 17
12 21
9 6
5 13
7 17
1 19
21 9
3 19
4 6
8 24
1 7
18 6
7 19
2 19
15 23
11 9
9 14
1 22
3 11
11 17
13 17
7 22
7 6
2 9
2 20
23 19
0 19
13 15
22 7
13 19
17 6
21 3
23 5
21 20
3 23
4 7
15 19
10 21
2 18
0 9
1 9
16 24
22 21
14 21
11 12
15 2
8 14
16 15
22 13
20 1
4 19
12 3
19 20
21 23
1 18
20 18
9 24
23 21
23 9
15 4
8 19
9 22
8 18
1 13
11 10
20 10
23 2
22 4
10 3
23 17
13 22
5 12
5 24
10 4
6 20
14 15
9 11
14 4
12 18
13 24
9 8
16 10
11 3
17 24
18 19
24 18
12 6
15 0
20 17
6 1
6 23
7 18
19 3
17 1
20 15
15 12
2 8
17 20
2 22
5 0
19 15
4 0
19 18
12 1
0 20
13 11
2 3
16 13
23 8
17 13
22 1
12 10
19 4
15 24
6 4
4 1
21 6
24 14
8 16
9 23
8 1
11 5
8 10
3 24
15 17
3 2
13 10
19 8
23 1
23 14
6 18
8 2
3 10
6 19
10 15
5 22
8 21
6 8
14 7
24 10
21 2
9 4
6 17
16 1
17 10
22 11
24 7
12 0
23 16
20 9
1 17
4 10
18 13
5 16
13 8
19 14
5 4
15 11
13 9
13 1
18 16
0 1
21 0
21 1
21 13
4 15
14 24
24 21
8 9
23 24
8 22
5
1 0
2 0
0 1
0 2
2 1
