11
1 0
3 0
3 1
3 2
2 1
1 2
2 0
2 3
0 1
1 3
0 3
332
4 3
14 10
17 6
14 11
17 8
9 15
14 12
1 17
8 12
10 5
5 10
17 10
15 10
1 2
12 11
10 7
7 0
12 3
11 18
14 7
0 6
12 10
13 4
14 13
0 13
16 13
13 1
10 1
3 13
6 11
2 0
17 18
18 2
18 16
14 3
10 11
15 11
12 2
15 17
18 8
0 12
14 8
5 8
2 16
13 11
6 14
1 16
18 10
17 14
18 14
9 12
13 15
17 3
6 9
8 3
3 1
17 11
10 2
4 5
1 5
5 16
17 13
17 2
1 15
18 4
9 13
12 13
2 11
6 17
17 15
18 9
2 7
8 10
12 0
4 1
7 10
4 7
1 4
7 17
2 15
3 16
5 12
16 15
10 13
12 4
14 16
11 1
16 6
12 18
12 6
2 1
11 2
11 12
13 16
18 13
8 15
16 4
15 14
3 12
9 14
14 1
14 17
7 8
13 18
1 0
7 13
3 0
10 12
16 11
17 1
3 6
15 9
6 8
12 1
3 4
14 15
3 9
1 7
15 18
2 6
13 10
8 11
8 6
10 15
0 1
12 14
12 8
0 8
16 18
3 14
5 15
7 5
8 9
11 15
17 5
8 0
2 4
8 18
4 2
1 3
4 13
7 3
6 1
0 3
0 14
2 8
15 3
1 10
1 18
0 15
6 18
18 3
7 16
13 6
6 5
16 3
11 10
2 3
11 14
6 12
13 9
9 1
9 7
7 18
5 14
2 18
5 4
1 6
10 9
5 17
10 14
12 15
18 17
11 4
15 7
8 16
0 10
10 8
16 5
7 11
1 13
8 5
7 12
9 18
2 10
15 6
7 4
13 3
7 6
3 17
15 13
18 15
2 14
18 0
11 17
5 6
9 17
10 6
8 7
9 4
9 0
16 7
4 10
18 7
4 14
5 0
17 9
14 4
6 13
6 4
18 6
2 5
6 15
3 2
3 7
2 13
9 8
13 12
13 2
0 9
1 8
9 5
4 8
9 10
5 7
16 8
14 6
15 8
1 12
10 17
5 11
11 13
6 7
14 5
14 0
1 11
11 6
0 5
3 15
5 2
12 16
10 0
12 5
4 15
6 10
13 0
3 18
10 4
2 17
17 7
17 4
15 12
16 12
13 17
0 11
5 1
3 8
12 9
9 2
3 5
5 3
6 16
14 18
5 9
1 9
4 18
12 7
15 0
0 16
8 1
7 2
16 14
4 0
14 9
0 18
11 5
11 7
1 14
0 17
13 7
13 5
10 18
4 16
15 4
11 16
16 1
17 0
0 4
8 4
2 12
10 16
16 0
17 12
3 10
8 14
10 3
4 12
4 17
0 2
7 9
4 11
8 13
9 3
18 5
3 11
16 2
11 9
15 1
4 9
18 11
9 11
15 5
16 9
2 9
18 1
18 12
11 8
9 16
6 0
9 6
14 2
17 16
8 2
13 8
16 17
4 6
11 3
15 2
0 7
8 17
16 10
13 14
207
18 6
15 19
5 2
6 8
12 3
19 1
14 2
18 0
8 5
16 6
15 4
7 11
18 10
3 1
16 9
6 9
9 7
2 0
1 3
4 17
18 2
15 6
2 6
10 3
1 12
11 4
3 15
5 1
10 6
14 16
18 8
9 5
3 0
16 12
9 2
11 7
7 8
10 0
4 2
11 14
6 7
3 7
11 3
0 16
6 0
0 10
7 16
2 10
0 12
5 17
11 12
2 9
16 3
5 19
18 14
1 17
17 8
7 2
13 14
19 6
13 17
3 17
17 3
7 0
0 8
13 15
14 15
17 12
15 2
15 9
3 9
14 11
11 9
5 9
11 5
8 4
3 19
16 0
11 19
15 17
7 12
17 11
1 13
6 11
18 13
14 5
8 11
6 4
14 18
2 4
9 3
19 8
8 10
19 13
16 5
7 19
16 8
4 19
1 10
11 18
7 18
4 18
8 16
11 13
0 4
17 1
14 10
12 10
14 1
5 10
5 11
16 18
11 10
19 15
13 4
11 16
19 10
9 6
19 4
10 19
15 10
1 2
8 1
13 3
0 18
0 7
18 12
3 16
2 3
11 2
3 6
17 15
10 17
12 11
8 3
14 7
3 4
12 9
5 0
0 17
15 12
17 0
10 18
11 15
0 19
2 14
16 1
7 15
9 0
5 15
3 8
17 10
0 6
1 11
11 8
4 14
14 0
14 19
12 19
15 13
4 5
4 8
8 6
17 7
9 13
10 16
19 18
2 18
19 3
18 19
17 19
1 0
0 5
5 12
18 16
17 13
2 1
4 7
5 8
5 6
6 12
13 5
12 4
13 1
17 4
15 7
16 15
0 11
7 6
16 10
18 4
0 3
14 6
7 3
12 0
19 14
18 15
16 14
19 12
3 2
5 7
12 8
11 6
13 11
18 11
2 8
6 2
1
1 0
379
4 23
2 3
0 5
19 6
25 2
2 22
7 20
8 2
0 24
14 15
11 13
4 24
21 26
26 25
15 2
10 3
8 23
3 26
6 14
19 0
19 10
12 5
12 23
3 7
5 25
25 26
24 9
11 4
4 22
3 4
25 19
9 10
24 25
23 2
12 20
6 20
4 13
13 17
20 27
24 7
1 12
11 20
1 11
13 11
14 26
11 21
13 24
16 18
24 13
20 2
7 27
27 6
17 27
7 1
21 25
18 15
25 18
13 5
24 4
12 22
15 18
7 26
25 17
1 4
22 19
22 13
20 13
22 27
23 11
27 4
0 13
3 25
14 23
13 22
14 1
14 12
13 6
15 4
1 22
3 6
9 12
5 9
12 18
7 18
7 23
7 15
25 6
4 9
15 9
7 13
3 13
15 7
10 6
15 12
26 18
0 25
2 25
8 13
23 20
17 7
23 15
18 19
27 9
12 1
18 5
17 19
6 23
23 25
21 22
2 26
22 9
5 0
11 7
22 7
1 21
2 23
3 20
16 9
5 26
13 16
23 4
17 4
11 25
7 19
1 24
20 23
2 27
4 1
20 5
22 1
11 8
26 0
5 7
22 11
6 13
23 3
15 8
24 19
24 8
2 19
26 8
26 23
15 16
5 4
22 17
25 15
1 16
14 2
6 10
9 13
26 1
14 5
22 3
14 13
18 10
16 17
8 14
1 23
3 12
26 3
1 18
22 2
23 24
19 21
19 7
5 19
14 24
13 26
25 16
15 14
9 27
0 21
26 14
11 14
26 21
20 21
19 11
7 9
27 5
16 1
21 18
4 21
21 3
0 11
2 20
7 8
18 4
25 24
13 20
7 4
19 17
6 21
0 14
27 0
22 14
18 23
10 4
17 20
20 3
10 18
8 26
15 26
16 21
8 20
8 7
20 7
22 8
10 22
1 10
27 3
6 19
5 13
13 18
23 16
23 21
6 24
18 9
14 25
22 21
0 19
9 23
7 24
16 4
5 11
24 18
9 11
17 21
27 11
2 9
19 2
2 17
13 10
20 10
5 27
13 3
6 4
5 1
9 18
1 8
13 21
26 10
16 19
5 12
20 25
10 13
10 8
18 2
8 18
6 25
16 10
6 15
15 1
24 3
19 18
27 7
18 12
4 10
12 25
0 1
25 11
22 24
15 13
16 6
6 3
10 2
15 19
5 15
0 26
11 1
6 22
12 9
8 21
1 3
3 11
25 1
19 12
24 11
26 22
2 13
3 10
18 1
0 15
3 8
0 27
22 25
17 14
21 23
23 9
15 25
12 17
4 12
22 5
12 3
0 18
21 8
0 6
12 8
21 19
12 15
4 2
27 10
27 17
9 7
20 19
9 4
27 22
2 1
25 14
11 23
2 4
0 3
6 1
9 26
10 11
27 12
23 12
17 0
4 16
6 2
3 15
20 9
4 5
9 22
5 23
2 24
2 6
9 20
15 21
3 22
25 20
19 5
24 22
9 1
21 16
19 20
7 17
20 4
18 17
24 20
16 23
4 3
23 27
2 16
7 14
8 12
17 16
27 8
13 7
19 24
17 25
6 7
5 2
26 16
26 24
23 0
20 8
11 15
1 20
12 2
5 20
16 15
15 6
4 27
1 17
25 9
26 12
5 21
0 8
9 2
1 0
15 3
14 17
15 5
15 0
24 12
10 1
5 24
17 13
14 21
21
1 5
0 2
0 4
2 4
5 0
3 2
3 0
2 0
3 4
1 4
4 0
2 5
2 1
4 3
1 3
3 1
4 5
5 1
1 2
0 5
5 3
361
20 16
22 16
6 4
9 20
18 24
13 4
2 0
14 0
11 16
25 22
16 4
1 6
8 0
24 2
21 22
12 13
11 12
19 10
8 7
19 16
3 5
9 3
6 20
0 5
3 6
3 16
19 21
3 17
10 1
8 10
4 1
18 5
10 25
14 10
20 23
4 15
21 25
21 10
19 20
8 5
14 16
0 9
25 5
15 19
25 17
17 11
1 15
5 15
8 15
0 19
14 25
1 16
2 16
11 5
23 13
18 14
19 22
17 8
12 7
10 15
3 15
24 6
25 1
19 14
7 17
12 4
3 13
21 4
20 17
9 17
16 12
17 9
13 24
21 23
15 4
24 15
16 24
20 0
10 12
18 7
16 9
5 6
15 3
0 17
22 23
23 9
2 12
20 18
23 7
11 18
3 18
24 7
19 2
22 9
1 25
23 11
19 8
7 25
18 15
12 1
17 16
10 5
9 19
25 24
19 5
0 12
5 14
13 6
10 0
16 25
13 16
1 17
11 4
12 10
2 7
12 16
23 24
4 9
8 1
15 24
16 17
12 21
0 10
25 15
20 1
21 14
12 8
14 23
5 9
3 25
9 6
15 10
23 10
16 19
14 3
21 6
13 9
20 11
0 21
11 8
0 13
24 16
18 13
9 1
14 15
7 4
12 3
8 18
17 20
25 9
12 5
22 24
20 21
4 22
23 17
10 18
22 1
23 12
14 5
8 13
15 22
2 21
9 2
24 19
25 16
6 16
14 8
14 7
9 18
13 19
8 16
1 12
6 21
17 5
0 8
17 18
7 13
1 21
4 3
3 9
16 1
21 15
3 22
16 2
0 25
0 14
4 8
24 25
16 11
22 25
2 5
19 12
24 12
17 24
20 22
5 18
23 16
23 18
25 4
4 5
13 23
15 16
24 5
18 9
9 0
6 13
23 0
24 3
8 14
19 18
7 23
9 12
6 25
17 15
11 3
4 12
3 0
20 13
23 5
13 22
2 22
11 15
18 21
11 22
25 20
22 17
9 4
19 0
12 15
19 24
23 19
7 24
10 9
3 14
24 23
23 25
23 4
16 14
2 10
1 0
24 9
4 17
13 14
20 19
14 18
6 5
1 22
11 0
8 23
15 7
24 13
10 7
22 10
1 10
6 7
16 8
20 15
10 11
21 11
15 11
20 25
10 6
15 1
25 8
15 17
3 20
2 11
2 8
17 3
17 4
6 12
11 23
23 20
16 10
1 7
22 5
8 4
18 4
20 3
9 23
13 8
13 10
15 2
2 25
11 9
21 16
4 10
22 6
25 19
16 7
14 19
21 17
10 21
12 20
16 3
21 20
2 20
14 1
18 25
17 21
4 18
8 17
20 24
19 11
25 3
18 17
12 9
10 14
7 9
20 8
6 1
6 14
4 7
21 24
14 24
21 8
7 16
22 18
6 9
21 5
20 7
10 16
10 19
21 1
12 18
25 11
2 23
21 19
0 23
11 24
2 24
14 12
7 18
13 18
24 8
3 21
1 23
0 1
4 25
0 24
25 23
9 13
8 21
12 0
19 4
23 3
13 11
5 17
15 21
9 11
23 14
5 13
11 25
4 11
17 13
5 1
6 10
4 14
15 12
1 4
4 19
72
9 5
9 0
8 2
10 4
5 6
6 0
1 7
1 2
10 5
7 2
6 5
7 4
2 6
8 10
10 1
4 8
0 2
0 10
8 3
0 8
5 10
0 5
3 9
4 3
1 10
7 6
6 10
6 3
2 7
6 9
5 9
5 7
8 1
6 8
3 5
7 0
1 8
10 9
2 9
4 2
9 4
6 4
5 8
0 7
4 10
4 7
2 1
5 3
7 3
10 7
3 0
10 8
8 7
9 10
3 6
1 6
1 4
3 1
1 0
2 10
6 2
4 5
2 8
3 8
10 3
3 10
2 3
4 9
9 2
3 7
8 0
10 0
617
15 12
8 18
17 6
24 6
13 3
5 26
13 9
18 14
17 14
23 14
20 5
23 9
25 27
4 15
12 6
16 24
1 21
3 9
9 22
23 5
20 4
20 26
17 24
18 20
28 6
22 25
4 19
2 19
27 23
22 19
21 15
15 23
25 14
4 16
28 1
10 13
3 24
8 21
10 20
16 8
26 4
17 13
11 28
4 14
12 1
2 5
14 21
1 8
21 22
11 7
16 22
11 6
28 0
0 20
13 4
22 23
13 20
14 10
4 11
20 28
10 27
24 11
14 4
26 19
20 2
0 28
12 9
1 3
13 12
26 6
6 10
16 9
18 21
9 17
24 10
19 8
7 0
9 16
3 23
19 24
19 14
26 28
18 15
26 3
11 23
25 16
17 3
13 16
1 10
25 2
15 1
14 26
16 21
19 3
20 23
0 15
12 5
0 27
28 11
27 16
3 13
20 1
26 11
23 0
21 20
17 11
25 1
7 22
28 5
16 0
20 21
22 5
0 17
26 18
8 12
24 23
18 24
2 4
16 17
3 11
27 19
22 15
11 25
25 9
28 19
12 16
11 5
21 5
28 2
8 9
6 17
4 0
19 2
21 26
0 25
1 4
0 26
18 19
5 27
27 3
23 27
5 3
4 23
10 0
10 23
3 8
24 13
4 21
20 19
22 12
21 23
19 17
17 18
5 19
6 12
17 16
1 23
16 5
7 23
2 20
0 24
2 17
12 20
3 7
9 27
17 1
24 28
26 10
17 22
23 24
24 15
20 24
28 26
21 9
13 8
6 8
8 27
27 2
12 15
2 14
7 4
10 18
20 25
18 4
9 23
13 21
1 12
12 27
28 9
17 28
13 1
11 16
4 28
17 27
9 24
2 15
18 10
15 6
23 21
22 8
26 2
14 15
24 18
10 24
7 9
13 25
12 11
6 26
23 8
14 1
6 24
2 9
11 19
7 25
11 4
13 18
24 5
4 17
9 15
19 7
28 10
19 26
28 22
14 24
13 10
27 13
7 3
1 19
24 25
15 7
7 13
26 20
17 25
16 6
3 12
10 2
7 10
22 18
9 7
11 3
15 18
26 13
4 10
19 27
12 13
9 5
15 17
5 22
6 3
16 18
10 7
4 24
3 20
12 23
4 12
23 7
8 10
27 15
2 23
22 24
3 6
10 28
24 17
4 22
5 15
12 0
21 0
16 23
12 19
14 27
27 9
2 3
22 20
10 17
4 27
18 23
22 27
25 10
28 23
1 14
28 13
25 23
19 18
22 4
3 25
23 3
24 26
25 6
20 12
21 1
7 14
15 0
9 1
20 10
16 15
16 3
17 12
12 22
8 4
6 4
1 27
27 20
7 20
4 7
12 21
9 14
0 13
22 10
28 17
5 14
19 21
25 22
18 22
26 8
2 28
27 12
10 3
20 22
1 25
9 0
11 8
5 12
21 2
19 16
25 17
5 11
8 22
21 24
9 18
27 22
27 17
27 11
3 5
27 6
4 6
27 5
21 10
18 16
3 15
2 16
12 18
20 0
4 9
0 21
7 27
2 13
25 8
14 13
25 3
8 19
17 15
16 10
20 11
18 9
7 17
3 26
13 27
0 1
13 0
0 10
14 17
0 8
5 20
22 6
18 26
10 16
15 13
27 18
7 26
26 7
25 0
17 0
12 3
18 3
16 12
21 6
1 16
15 22
20 16
15 20
2 25
23 1
0 14
15 28
20 18
20 9
6 21
8 15
7 5
24 4
8 5
28 15
17 19
22 26
11 13
13 23
2 27
4 26
24 20
10 6
11 24
21 14
2 8
5 10
14 20
1 9
12 10
9 20
20 13
2 18
26 17
0 16
3 17
21 25
26 24
9 19
16 1
10 8
0 12
13 26
28 27
20 15
11 22
22 16
6 13
7 2
0 5
7 15
7 28
25 26
16 4
22 21
16 25
16 11
8 1
19 12
10 11
10 15
3 27
6 2
14 22
15 10
5 16
9 12
5 21
15 25
9 26
16 2
1 22
1 5
2 12
27 25
18 8
22 1
18 2
15 5
15 11
17 26
15 8
1 2
9 21
8 3
15 14
4 25
19 10
14 2
2 0
4 18
12 8
4 20
18 17
28 12
18 7
18 12
27 21
3 16
15 2
9 10
23 2
24 22
9 8
23 28
1 24
18 13
6 11
25 7
17 10
15 9
27 24
7 21
17 20
5 7
1 17
1 18
19 25
21 18
1 28
14 28
4 8
25 24
11 26
12 7
6 19
23 13
28 8
26 14
3 22
2 1
0 3
28 24
25 28
21 8
27 26
22 3
11 0
25 13
5 28
25 18
26 15
15 27
6 16
24 16
2 10
18 0
20 6
6 5
16 20
28 25
3 10
10 14
0 11
23 11
4 3
18 1
3 21
28 3
8 0
19 9
8 17
27 7
13 14
0 23
23 16
19 1
5 24
0 22
24 3
9 2
4 1
14 3
14 12
7 19
1 0
24 8
1 15
5 6
3 1
6 18
14 0
18 6
27 1
1 13
26 9
17 9
10 19
24 7
18 11
7 6
6 28
8 6
28 20
24 27
15 4
28 14
24 9
17 5
17 4
21 19
15 3
16 27
13 24
19 13
6 15
16 14
21 11
15 16
11 21
24 14
28 4
13 7
17 23
22 9
11 15
25 15
20 7
3 19
17 7
10 21
23 26
13 11
14 6
8 25
10 4
23 6
10 5
5 0
2 7
0 9
7 16
17 8
11 1
19 4
6 14
12 14
5 2
22 2
16 13
236
4 9
12 15
7 8
13 15
10 13
15 4
5 2
9 3
10 0
5 3
9 8
6 2
9 16
15 2
13 8
12 0
7 13
3 0
2 10
9 14
11 5
0 15
6 8
6 5
1 12
1 3
4 13
13 5
12 13
8 4
13 11
12 3
14 0
15 10
16 9
4 8
15 16
0 6
1 14
8 14
1 13
14 6
11 2
3 5
7 16
0 8
10 4
14 7
14 9
2 14
3 8
10 7
1 9
2 7
11 12
4 14
0 16
7 3
7 0
12 2
8 13
15 6
14 8
4 5
13 3
15 0
4 6
12 6
11 0
7 2
4 12
8 2
4 15
15 3
7 14
5 1
11 13
3 13
10 1
9 1
5 4
15 9
5 7
10 2
13 1
0 7
2 11
3 7
14 10
7 6
4 3
15 14
14 5
11 7
5 14
7 4
6 7
0 2
11 14
2 0
3 6
14 13
1 10
4 0
0 5
8 15
12 7
7 15
16 15
3 15
2 15
0 4
14 11
15 12
11 4
12 1
12 9
9 5
6 9
9 12
14 1
12 5
4 2
9 0
15 7
7 10
8 5
10 9
3 16
2 5
16 5
7 9
1 8
10 15
1 5
16 2
10 12
12 11
12 10
2 9
6 1
8 12
0 12
0 9
8 1
11 15
8 11
5 0
15 13
3 4
4 7
16 11
5 11
5 9
1 6
0 1
4 11
15 11
12 8
16 8
10 6
9 6
11 6
3 2
3 11
13 7
16 3
5 6
2 1
8 3
2 3
6 13
13 10
6 3
1 4
3 14
1 16
6 11
0 14
5 15
12 16
13 16
16 1
15 1
1 2
3 1
1 11
10 8
8 16
13 0
14 12
9 11
6 16
13 6
2 8
10 5
0 13
4 1
15 5
14 3
8 10
8 0
12 14
9 7
13 12
6 10
3 9
8 9
11 1
2 6
11 3
2 4
10 11
5 8
5 16
2 12
16 14
2 13
1 0
16 10
4 16
4 10
16 7
14 16
16 13
12 4
7 12
7 1
9 4
9 10
0 11
13 9
16 0
0 3
6 15
10 14
192
8 1
1 7
9 10
2 5
15 13
1 14
16 14
2 14
1 2
2 17
3 0
4 6
5 9
8 11
13 6
5 8
12 18
10 5
1 9
2 10
9 6
17 4
7 18
13 0
12 5
11 3
10 3
2 11
4 12
7 4
15 18
17 1
8 4
1 12
8 6
2 16
11 2
6 3
12 7
2 6
6 1
3 2
12 8
10 6
11 1
16 12
11 17
10 0
3 9
15 17
7 16
14 11
1 18
4 3
16 18
16 17
0 16
10 7
17 7
1 5
6 15
14 15
16 11
12 17
6 10
12 0
5 7
16 8
9 17
16 10
18 0
6 11
17 16
9 16
15 0
12 16
0 13
5 11
0 10
1 8
17 14
4 13
3 13
13 4
7 15
1 0
12 13
9 0
10 13
18 7
2 0
10 14
7 11
2 3
13 18
17 15
18 13
6 4
1 10
16 13
0 9
2 12
8 7
6 12
13 12
12 11
6 16
14 8
11 8
6 17
3 4
1 13
9 15
7 10
14 17
9 13
13 3
6 5
7 17
0 1
11 0
6 14
3 7
18 5
10 11
6 8
5 3
8 0
6 13
12 2
0 6
9 5
0 18
10 12
4 9
10 1
1 16
5 16
18 8
2 8
15 8
7 5
3 5
13 15
12 14
10 9
0 11
16 4
18 12
4 2
4 5
17 12
3 10
4 18
5 6
15 12
18 11
8 2
13 10
17 10
18 1
8 18
4 7
5 15
7 6
7 12
12 15
8 14
18 4
3 14
10 18
1 15
1 3
4 16
3 12
0 3
0 2
11 18
2 15
18 10
0 15
17 13
0 17
10 17
6 2
16 0
12 4
1 6
15 11
15 5
18 2
13 16
10
1 3
1 2
0 2
1 0
4 3
0 1
3 0
2 3
3 2
4 1
274
17 12
13 16
19 3
9 2
11 19
21 2
0 5
22 0
4 5
8 13
9 10
13 9
3 12
16 17
1 19
14 7
7 15
0 18
6 3
12 14
12 3
18 21
14 5
18 14
0 2
20 22
13 14
10 5
11 14
15 0
17 2
11 13
6 14
1 9
10 22
14 16
11 0
15 11
17 15
12 13
14 18
22 6
19 9
22 16
8 14
16 9
2 3
21 5
21 19
3 9
7 8
18 10
3 15
12 7
8 18
10 4
6 19
13 17
18 2
20 16
16 10
1 6
7 12
22 13
17 0
19 22
9 0
6 13
20 18
17 19
1 11
1 21
15 21
21 22
1 2
10 14
4 12
19 20
8 6
12 15
22 11
5 14
12 2
0 11
14 21
11 9
20 10
6 1
2 20
22 10
20 21
5 8
1 16
1 20
22 14
3 18
14 20
22 8
3 5
0 10
20 9
6 16
20 19
6 2
14 10
22 12
16 8
18 9
1 13
15 10
8 9
21 12
0 7
12 16
2 13
13 4
4 17
21 18
9 8
20 5
11 18
4 11
0 13
12 4
5 0
2 21
16 5
11 8
13 19
6 0
13 21
10 19
0 4
2 18
4 18
18 19
15 18
2 1
10 11
11 20
4 6
20 15
16 12
21 10
0 12
10 8
3 22
16 21
5 20
4 9
6 8
7 3
11 15
4 2
2 14
3 0
10 18
13 7
4 13
10 7
15 1
13 15
6 22
10 15
7 5
18 5
19 15
11 12
9 6
7 13
13 6
9 16
3 13
13 20
19 12
19 5
16 11
19 18
7 17
9 12
16 14
16 18
20 2
12 1
8 16
13 12
10 3
1 7
20 8
17 20
17 6
19 11
3 11
19 21
17 4
6 12
16 22
13 22
4 20
15 14
12 11
0 14
20 1
14 11
21 4
12 9
21 16
3 8
15 5
5 21
9 3
2 5
9 17
5 3
6 20
4 14
0 21
5 4
19 2
5 10
8 17
17 21
18 4
18 0
22 3
21 6
1 22
17 18
6 7
15 7
15 12
17 1
18 16
22 7
21 13
11 3
2 11
22 15
4 8
10 20
9 21
4 15
21 8
2 16
22 5
2 0
2 4
6 4
19 13
17 7
2 15
2 9
7 22
1 18
21 0
17 16
6 10
22 20
0 8
21 1
17 13
22 9
16 13
4 0
14 4
4 3
16 4
2 19
8 21
11 22
14 8
13 10
12 5
4 7
180
0 11
8 6
13 3
7 12
10 15
10 2
14 8
7 9
0 12
4 2
10 3
13 11
8 14
4 1
11 10
0 8
7 0
10 7
10 9
13 0
8 3
6 8
7 1
5 7
11 13
13 2
4 3
9 8
2 12
2 0
8 13
12 7
5 0
9 3
10 13
1 11
4 7
7 15
11 2
3 9
15 13
3 10
4 12
13 1
11 8
0 10
1 7
9 12
4 6
0 5
12 15
0 4
3 4
3 0
12 10
3 6
3 12
15 3
7 14
8 1
8 15
1 14
11 15
6 1
6 11
8 4
0 13
12 2
2 15
5 13
14 1
13 14
11 14
11 12
7 13
14 7
9 7
11 9
13 7
6 0
14 6
1 2
10 0
9 5
14 4
11 4
12 5
11 1
2 3
9 14
0 6
8 11
3 11
15 1
8 12
9 6
2 14
6 9
12 14
5 9
11 3
11 0
12 9
2 5
2 8
2 4
6 5
0 2
13 12
2 9
4 11
1 3
2 11
0 14
4 9
7 11
14 12
8 0
15 11
9 0
14 5
0 9
1 4
15 5
4 8
2 13
12 0
10 14
4 13
14 10
15 0
10 11
13 4
7 6
11 7
3 1
13 6
4 15
3 8
0 3
13 10
4 14
11 5
3 7
1 10
1 12
12 13
15 7
12 11
11 6
2 6
5 14
5 6
8 5
5 10
9 10
8 2
10 4
9 13
10 5
15 6
9 2
1 9
5 3
7 10
13 8
15 14
1 6
6 2
9 11
5 4
14 9
3 15
4 5
1 13
7 2
2 1
5 11
3 13
5 1
28
3 5
2 0
0 4
4 5
5 4
3 1
1 2
2 5
0 1
2 4
1 5
0 2
0 5
4 0
3 2
2 3
0 3
3 4
4 1
4 3
5 2
1 0
4 2
3 0
5 0
1 3
5 1
1 4
18
0 4
4 3
1 0
0 2
3 4
2 1
4 0
3 0
0 3
1 3
1 2
2 4
3 2
0 1
4 2
3 1
4 1
1 4
26
2 3
1 0
1 5
5 3
1 3
2 1
4 5
4 2
3 5
2 4
0 1
3 4
0 3
4 3
2 5
1 2
1 4
5 0
5 4
0 2
3 2
4 1
3 0
3 1
5 1
0 5
175
18 3
18 17
5 2
0 4
11 12
7 5
7 8
13 0
9 13
11 0
4 8
14 13
7 11
12 9
1 14
4 14
1 6
10 6
10 18
16 6
2 5
1 7
17 0
15 1
15 16
3 10
8 15
3 5
15 14
13 3
18 10
1 18
12 3
5 1
6 17
12 13
15 4
10 0
7 17
11 7
6 18
1 16
3 2
10 11
2 14
4 9
0 9
4 3
3 14
10 17
10 14
12 11
17 10
7 12
6 11
1 9
9 15
14 7
11 18
16 8
13 7
12 7
14 17
9 18
3 4
15 5
12 15
12 4
4 16
8 14
15 18
7 18
15 10
0 12
9 6
8 2
16 0
11 8
18 14
0 15
6 12
17 16
3 9
7 6
9 4
12 14
15 6
8 3
9 14
8 6
5 11
11 1
10 13
5 10
7 14
10 3
18 2
10 1
6 15
0 8
15 7
14 0
17 8
6 13
17 14
6 14
3 17
5 8
17 4
15 9
8 1
12 1
0 1
6 3
11 9
0 16
18 13
2 18
13 8
10 8
14 3
1 12
5 13
3 13
8 5
13 4
8 0
7 2
18 6
0 6
1 3
13 5
13 17
4 15
12 5
1 4
2 9
8 17
7 16
11 14
9 12
8 7
8 11
7 0
6 8
17 12
1 17
1 2
13 9
13 11
1 15
14 11
11 2
14 16
11 3
4 18
9 7
17 3
0 10
1 0
14 10
4 12
5 0
17 18
17 2
2 17
17 15
13 1
14 9
10 15
7 15
13 12
16 1
3 6
6 4
