277
23 7
22 19
5 8
3 12
20 19
20 1
22 6
17 19
16 13
19 4
4 20
2 12
10 14
8 3
0 3
7 18
7 19
4 5
13 0
23 13
18 15
11 2
10 0
0 7
23 10
17 2
13 22
17 0
11 18
13 19
17 9
1 6
16 3
23 21
23 2
19 20
13 14
4 12
23 15
15 11
4 21
16 10
22 1
3 22
18 22
6 3
12 7
18 20
9 19
21 16
3 5
11 12
19 21
18 16
20 5
6 12
2 3
3 16
10 15
16 0
13 20
19 22
9 16
15 6
0 4
6 9
5 22
12 15
16 21
16 23
6 5
18 10
22 11
5 4
22 14
16 22
7 22
14 6
23 20
8 14
15 16
0 19
23 8
4 7
10 16
20 18
3 13
4 15
7 15
17 4
9 11
9 21
4 0
16 1
9 5
11 22
9 15
8 10
12 13
7 23
22 20
1 3
19 9
5 3
13 15
23 1
23 9
2 22
20 23
0 1
3 14
21 8
1 19
14 2
2 9
4 6
4 11
19 2
0 20
5 2
23 18
7 17
9 18
1 9
20 13
8 17
20 10
7 1
17 1
13 11
17 10
19 17
22 21
21 7
19 11
6 7
7 12
8 21
12 10
13 16
3 21
13 2
22 12
3 8
20 7
0 5
8 0
5 18
13 7
16 4
1 11
7 2
2 15
23 22
13 10
14 0
5 7
1 23
18 21
1 0
9 10
21 2
10 20
7 9
13 17
1 4
2 7
18 1
17 15
1 14
1 21
0 18
3 15
23 12
14 5
8 19
16 11
16 5
15 12
18 23
3 23
16 8
12 9
9 12
12 20
4 16
15 4
5 1
4 22
12 14
6 14
22 23
13 12
15 17
21 17
18 2
13 21
23 14
23 5
2 10
6 10
14 9
21 1
1 15
14 18
16 6
5 14
21 22
2 11
6 23
2 23
20 12
12 18
20 21
6 2
8 15
15 3
3 9
7 21
1 8
12 5
18 11
18 7
11 6
4 1
16 12
15 8
4 23
3 17
11 13
0 6
22 13
1 13
18 12
14 3
6 11
8 5
18 8
11 15
7 20
12 8
5 13
18 9
23 3
8 18
12 21
0 22
9 0
15 7
21 11
22 9
6 18
1 22
19 6
5 11
16 18
4 19
7 5
11 16
19 18
7 14
9 14
11 4
16 7
4 10
8 4
6 16
20 11
5 10
21 13
15 1
15 21
8 9
13 6
14 16
11 19
6 4
742
23 16
24 7
20 24
25 1
11 14
17 5
12 15
7 27
6 9
9 1
8 10
26 1
5 3
10 22
16 21
17 22
23 0
11 27
3 18
18 26
16 17
27 12
20 19
18 17
17 1
4 20
16 24
16 20
17 12
24 8
10 27
14 23
18 9
15 18
8 11
11 8
27 8
12 25
21 23
21 13
1 10
16 26
13 7
7 23
9 7
9 3
20 3
10 20
26 17
2 4
1 14
26 27
20 2
20 22
18 11
25 17
3 27
1 12
12 8
18 12
4 25
26 14
16 13
27 4
8 23
3 20
11 26
3 0
7 16
1 3
21 26
10 2
14 1
14 21
20 6
13 26
15 14
18 15
22 6
1 6
11 23
2 27
10 21
8 16
18 10
16 12
6 26
8 1
2 8
23 19
25 19
7 3
20 11
10 19
26 12
5 16
27 0
4 21
22 23
4 26
26 9
3 25
22 27
19 18
2 20
5 1
22 20
4 18
19 25
7 10
12 0
15 24
13 15
21 12
5 13
5 0
2 9
0 18
22 24
26 21
6 12
19 5
23 27
24 12
25 23
7 17
15 0
22 9
13 8
24 27
22 5
16 19
15 22
23 12
18 5
3 12
4 2
19 20
24 23
22 1
26 6
17 14
2 6
13 22
9 0
4 16
15 9
6 21
12 6
2 16
9 27
0 22
15 16
10 13
15 12
6 27
6 3
10 26
13 3
10 3
25 10
8 18
20 5
13 2
25 21
2 24
17 21
11 13
17 15
27 9
14 8
19 1
10 1
3 19
3 5
17 0
24 21
25 8
14 11
21 3
23 25
4 15
6 17
6 14
8 20
27 23
27 2
12 18
26 15
26 23
13 6
8 21
8 26
6 1
17 23
15 19
11 9
12 9
5 14
24 26
17 9
23 20
2 10
3 17
23 10
13 16
5 25
14 18
6 0
10 7
1 19
24 15
22 8
14 22
17 11
16 3
17 20
11 4
7 25
11 18
5 24
6 8
22 16
2 7
15 8
0 15
25 0
24 13
25 20
19 17
17 25
5 10
16 9
26 8
6 4
6 11
16 23
21 5
10 5
0 9
24 2
24 22
19 8
15 6
17 6
22 10
3 13
13 9
14 13
1 26
7 20
4 6
9 14
26 0
26 10
14 6
7 9
14 24
12 14
21 0
13 27
27 26
24 19
19 22
10 12
15 2
6 2
12 20
19 3
16 6
23 22
21 22
7 19
18 1
13 5
1 0
20 13
1 20
23 7
19 6
4 14
0 17
22 14
17 24
16 18
7 2
4 0
1 2
2 13
12 2
8 4
18 19
27 20
26 19
9 4
20 25
0 27
25 7
5 27
10 25
16 14
27 15
0 24
24 10
3 16
9 15
12 5
9 21
22 4
26 16
4 17
6 22
13 25
18 4
14 9
10 15
5 4
25 27
20 27
4 10
17 4
26 3
0 8
12 4
8 0
16 25
27 25
18 25
3 7
20 26
11 2
7 22
6 20
19 10
23 9
14 20
23 26
5 9
12 22
1 24
3 4
10 17
24 14
15 4
1 16
5 20
7 4
0 26
10 4
13 1
17 10
12 16
24 18
22 11
12 13
21 9
0 4
22 15
16 4
21 16
18 27
20 9
9 13
26 22
1 21
6 23
0 3
25 13
2 11
21 1
18 8
1 8
9 24
9 10
24 4
19 0
9 6
16 5
10 6
26 4
0 2
8 12
21 20
11 0
10 14
4 11
5 6
5 12
7 8
18 2
18 7
21 15
7 24
27 5
1 4
2 15
15 1
26 24
13 20
1 7
20 21
5 7
20 16
24 6
0 6
5 19
4 23
19 7
18 3
2 0
22 2
23 6
13 4
10 24
6 10
16 2
12 10
26 13
6 25
7 1
15 11
22 7
17 3
16 15
21 4
10 23
3 23
3 24
7 21
9 5
26 25
23 4
5 11
1 23
5 15
2 23
21 6
3 1
26 11
16 1
4 13
1 17
13 11
21 7
23 3
18 6
23 1
5 22
14 0
20 0
7 26
10 11
14 12
4 24
25 26
10 16
18 0
24 16
11 3
4 9
4 3
8 3
15 7
2 21
16 10
2 19
22 17
3 2
26 18
24 0
2 26
13 14
3 10
21 24
10 8
9 22
13 0
3 15
15 13
3 26
23 21
3 9
21 11
4 7
1 18
8 7
17 13
17 2
7 18
20 23
18 23
1 13
9 16
13 12
0 11
14 5
21 27
25 15
0 5
20 8
13 23
17 8
22 18
11 24
9 8
7 6
21 10
26 7
23 2
12 27
25 11
11 19
1 22
0 19
5 2
22 13
0 20
15 3
11 6
6 16
25 3
12 1
27 21
14 16
23 8
15 25
14 25
1 25
25 24
1 15
22 25
2 5
8 15
24 3
18 24
19 13
0 21
19 23
15 21
27 11
11 25
13 24
7 0
19 2
20 4
9 19
11 10
14 3
2 18
19 15
5 21
18 14
2 17
4 27
20 7
8 6
25 14
14 4
2 25
24 20
13 10
3 6
3 8
23 14
15 26
20 1
4 1
25 16
8 13
2 3
24 25
25 18
14 19
18 13
8 5
6 13
7 12
12 23
8 24
4 22
17 26
0 23
19 24
15 20
19 4
6 15
22 0
0 7
27 13
21 14
4 5
4 8
23 24
4 12
5 18
10 0
23 11
2 1
20 14
16 22
9 2
25 22
5 23
8 19
11 20
17 16
24 1
24 17
17 7
8 14
27 24
2 12
3 14
14 2
10 18
19 26
5 26
6 7
18 22
23 17
13 18
22 21
21 17
21 18
14 26
3 22
25 5
18 16
15 27
9 18
11 15
23 15
23 5
11 5
11 21
9 11
0 13
12 3
19 11
15 17
5 8
24 11
15 5
6 18
8 17
4 19
1 9
9 25
16 8
19 27
26 20
15 23
8 9
18 21
9 26
27 18
11 17
2 22
7 13
16 7
10 9
0 12
12 21
27 19
11 7
24 9
14 7
8 25
27 7
25 6
0 14
23 13
8 2
11 1
25 2
23 18
26 5
5 17
12 19
0 16
12 7
3 11
6 5
12 17
7 15
7 14
13 21
20 18
27 3
27 22
3 21
21 8
14 10
13 19
0 10
2 14
17 27
11 12
8 22
8 27
21 2
14 27
18 20
9 23
24 5
0 1
11 16
12 26
19 9
27 14
27 10
26 2
22 3
25 4
25 9
12 24
16 0
6 19
17 19
22 26
27 16
16 11
21 25
12 11
22 12
15 10
20 10
9 12
27 1
20 17
16 27
27 6
17 18
19 14
25 12
11 22
7 5
1 27
19 16
20 12
14 17
27 17
5
0 1
2 0
0 2
1 2
2 1
187
9 3
6 4
6 5
1 7
3 7
5 12
14 15
6 14
8 3
5 4
7 3
12 3
14 1
10 6
11 6
14 6
12 8
8 4
4 2
9 0
14 4
9 15
10 2
8 15
4 9
13 8
15 13
9 10
7 1
11 15
11 7
14 9
8 12
1 5
7 13
3 0
0 4
9 6
2 0
13 0
0 10
15 0
2 4
1 11
5 8
7 0
4 5
9 5
7 8
4 3
4 0
5 13
12 0
5 0
12 11
11 0
11 8
15 7
15 5
4 8
5 2
12 15
0 1
6 1
1 15
5 7
10 4
15 6
1 14
8 7
8 10
3 1
9 13
11 4
4 13
13 2
6 15
10 7
4 7
7 2
0 6
2 3
9 12
12 6
15 8
1 3
6 7
6 0
11 14
9 7
10 13
10 15
8 0
7 4
1 2
10 5
7 12
10 3
12 5
9 14
2 11
15 3
4 11
2 10
2 13
4 10
6 9
4 12
1 12
7 9
10 1
7 5
5 14
3 5
14 12
2 14
0 7
5 6
10 14
7 14
1 6
13 15
12 1
8 2
9 1
14 2
13 6
2 9
10 9
8 5
0 12
15 11
6 10
0 5
4 1
12 10
15 4
4 6
3 13
14 13
6 3
12 14
9 4
12 2
13 3
3 4
3 9
0 11
5 1
11 5
10 0
14 7
2 8
13 11
8 14
1 9
12 13
1 10
14 8
1 0
2 6
11 13
6 2
14 0
14 11
10 12
3 10
1 13
15 2
6 13
3 2
13 7
4 14
15 12
0 8
3 11
12 4
0 9
0 14
3 15
0 13
8 1
3 14
1 4
9 11
15 1
11 9
570
12 17
13 2
15 25
13 19
6 9
17 25
16 14
6 7
12 25
17 8
24 6
2 12
0 5
7 5
11 8
1 6
25 3
4 19
13 8
17 3
21 15
0 16
1 17
8 21
11 18
20 17
16 7
7 18
24 14
20 22
10 4
9 24
11 2
19 17
2 15
10 17
17 21
23 24
24 2
10 20
10 24
19 6
17 11
25 18
15 7
3 11
23 12
2 23
10 11
12 2
25 23
24 18
20 10
4 5
0 17
19 23
24 3
6 3
10 25
13 25
0 8
6 17
21 13
3 2
6 16
18 25
14 13
2 13
5 20
3 24
15 5
23 3
17 18
10 13
9 1
16 0
10 15
18 24
4 14
20 24
14 19
2 17
22 13
3 1
15 9
0 4
14 9
20 6
10 1
20 11
22 18
2 8
14 7
18 3
10 6
11 4
21 25
24 7
3 0
1 15
5 21
7 20
24 15
20 15
18 1
17 20
18 8
6 11
4 20
11 24
21 10
25 6
20 12
4 6
23 8
8 24
4 7
11 1
11 21
12 14
24 8
11 14
25 14
3 19
18 0
3 6
11 17
1 13
10 8
12 24
24 13
7 16
6 13
5 11
10 19
19 14
16 8
12 19
23 20
21 17
13 18
4 12
24 17
22 7
0 3
5 19
7 14
2 11
23 10
20 23
7 3
8 7
3 20
25 5
22 25
5 23
6 14
19 0
5 18
0 1
22 16
4 3
13 20
5 22
7 12
9 13
22 24
16 10
11 20
11 3
19 13
5 12
14 21
23 11
24 10
16 24
0 9
24 9
24 11
2 7
9 8
14 22
2 1
13 23
1 5
16 18
14 17
6 25
1 8
11 0
12 10
19 3
9 16
25 24
20 8
25 16
0 14
18 11
1 10
14 20
24 5
11 7
5 4
11 23
19 7
21 11
7 25
6 2
13 9
16 12
15 10
16 15
4 9
3 14
23 19
22 14
10 2
18 12
3 23
14 15
6 0
0 2
4 18
17 9
3 18
21 8
15 4
24 0
11 22
8 10
4 25
22 9
16 9
14 6
25 2
17 22
15 19
11 5
6 18
25 21
16 25
20 19
9 15
2 20
23 4
19 1
7 19
25 15
1 2
18 4
2 9
0 12
6 1
22 20
18 22
23 15
9 17
13 10
3 17
17 4
25 9
7 17
11 9
7 23
0 11
17 6
23 17
18 16
5 16
22 21
12 22
1 25
24 12
1 18
25 7
19 15
8 0
16 22
18 17
0 18
17 7
15 24
22 23
16 17
13 5
11 10
24 21
21 14
14 24
7 6
22 3
6 4
8 2
7 10
6 15
15 14
21 12
14 0
10 3
22 6
23 18
21 16
8 6
1 12
17 5
1 22
0 25
8 3
14 2
2 4
16 4
18 6
9 14
2 10
23 14
13 22
5 6
6 21
19 4
0 19
11 25
5 2
12 13
24 22
12 8
22 10
21 2
19 5
12 3
7 0
8 19
0 22
15 1
16 23
0 13
10 9
24 25
12 7
10 16
10 5
5 15
19 16
11 13
1 4
10 18
5 8
8 16
4 23
15 17
19 22
20 13
21 6
18 21
7 8
19 20
8 18
7 15
20 5
9 19
12 9
17 10
14 16
0 10
20 21
12 23
15 20
14 12
21 1
7 9
1 11
14 23
4 22
13 15
6 20
6 24
6 10
25 17
14 10
3 25
9 20
19 21
8 20
13 6
12 21
15 3
11 16
19 10
24 1
25 10
8 14
13 0
8 12
23 13
23 25
16 13
15 18
10 0
14 5
15 16
2 19
2 24
7 11
13 24
25 4
22 11
8 5
16 20
2 6
12 1
11 6
12 20
17 13
19 12
1 23
14 25
5 3
0 24
6 12
14 1
2 16
17 19
15 21
7 1
4 8
4 13
23 1
0 6
20 7
18 2
8 23
24 4
12 0
13 17
17 14
5 17
9 10
18 10
8 9
6 8
6 5
1 16
11 19
8 13
5 1
25 11
9 4
21 3
16 3
22 2
16 5
13 7
0 21
12 4
3 12
20 14
14 18
9 12
20 3
2 21
0 7
13 11
17 12
6 22
4 16
23 21
15 22
3 10
7 21
7 4
19 9
16 11
15 6
19 25
18 7
15 11
2 25
8 4
19 24
3 4
0 20
4 11
10 14
23 5
21 20
13 1
22 1
12 18
21 9
15 0
4 1
24 20
9 11
22 8
10 7
1 9
3 9
25 13
9 18
10 22
11 12
1 20
18 5
25 1
23 0
10 21
4 24
20 2
7 22
6 23
22 4
4 21
7 13
17 24
1 7
4 10
22 19
20 4
9 5
17 23
5 25
17 15
2 14
8 15
22 12
23 6
22 17
23 2
18 23
8 11
13 12
12 6
13 14
7 24
16 1
9 21
3 5
19 11
8 1
3 7
21 0
16 2
3 21
3 8
15 8
1 21
25 19
6 19
23 9
13 4
16 6
19 8
14 11
1 14
18 9
12 15
3 13
4 2
22 0
7 2
17 1
5 24
18 14
4 0
25 0
19 2
1 24
22 15
21 5
14 8
22 5
50
9 7
4 2
8 4
9 5
9 2
5 3
2 5
3 4
7 8
2 8
4 3
3 7
9 0
4 9
9 4
3 2
1 2
7 0
4 6
2 6
5 7
7 2
4 1
3 6
4 5
7 9
0 5
3 8
8 5
6 8
8 2
6 0
0 3
8 0
4 8
1 9
8 3
7 5
1 5
2 7
3 0
2 0
3 9
8 6
9 1
6 5
6 3
2 4
9 8
5 2
37
1 2
0 6
6 3
0 2
0 3
4 0
5 0
1 6
4 5
6 2
2 3
0 1
3 6
5 3
3 5
5 6
6 4
5 2
0 4
4 2
1 0
6 5
2 4
2 6
3 1
1 4
3 2
5 1
2 1
3 0
3 4
6 0
2 5
5 4
4 1
2 0
4 3
35
6 5
2 6
3 2
2 5
6 3
4 3
6 4
6 0
4 6
1 6
2 0
3 4
5 0
4 1
3 0
1 4
1 3
2 4
5 3
4 2
3 6
2 1
5 1
6 1
3 1
0 6
0 2
0 4
2 3
1 0
5 2
5 6
6 2
0 5
4 0
7
0 2
1 0
1 2
3 1
3 2
1 3
2 0
310
9 1
16 12
19 14
22 20
13 10
10 21
6 8
22 8
0 9
11 12
0 21
20 18
7 5
14 11
9 11
1 20
7 11
19 4
6 11
10 4
1 24
9 0
11 5
18 15
12 13
16 21
19 7
11 22
17 4
4 21
16 0
23 9
20 23
13 3
14 6
18 23
19 8
12 20
13 19
16 5
6 20
18 16
24 18
0 2
17 10
6 4
19 18
7 12
12 9
19 0
10 5
15 12
6 14
21 6
7 24
20 2
20 7
10 13
9 16
14 1
10 9
22 5
18 2
7 8
15 18
21 23
23 17
24 17
5 11
9 10
4 9
13 5
21 5
14 10
2 18
9 19
19 13
9 6
24 21
4 3
9 24
13 0
21 20
23 21
11 13
1 2
6 16
0 3
4 18
13 11
24 19
20 4
3 9
5 14
8 7
17 14
3 14
11 0
17 12
16 9
22 18
14 15
19 11
21 19
6 0
17 16
1 6
1 0
19 22
19 2
3 16
5 18
23 3
9 5
6 1
3 4
18 12
8 18
10 17
2 11
23 11
2 7
2 12
17 2
0 7
5 15
14 22
22 10
15 1
11 8
17 23
5 1
0 16
24 5
17 9
17 1
22 12
0 11
17 6
7 17
20 15
1 23
14 16
5 6
12 18
1 12
24 13
12 4
14 3
1 7
19 23
13 24
16 7
23 13
1 18
4 0
16 3
21 2
13 22
0 5
7 2
10 16
13 16
13 9
15 14
4 10
9 22
5 7
24 9
0 20
5 2
5 17
13 2
10 23
15 3
24 22
17 22
10 0
24 6
11 15
19 21
19 9
14 4
18 21
7 0
3 11
10 12
6 3
23 7
5 10
6 12
23 10
3 2
4 16
11 14
9 15
15 17
17 11
8 20
21 22
4 14
15 19
7 19
20 6
11 19
14 12
13 12
4 7
15 16
16 20
8 0
0 8
20 9
10 20
7 4
1 4
12 15
18 8
17 7
4 1
24 4
2 5
0 4
12 10
24 14
17 15
9 20
11 17
17 19
11 9
17 0
5 0
19 1
8 4
23 6
15 10
0 23
3 18
5 19
16 1
5 22
4 20
10 3
2 9
18 3
13 6
11 3
21 7
21 24
12 19
12 23
19 12
10 22
11 4
18 0
23 20
13 4
10 19
9 21
15 13
15 2
9 8
18 13
20 24
15 4
3 17
1 21
24 7
8 21
21 8
8 2
22 17
23 15
8 6
0 22
22 6
16 14
15 24
13 18
15 7
12 0
6 23
21 17
1 17
19 16
22 2
13 23
14 18
12 22
0 17
6 17
8 24
1 9
5 21
23 22
12 21
6 18
20 19
24 12
16 6
22 14
24 10
3 12
3 22
2 19
8 9
16 23
2 23
7 10
20 17
465
15 5
6 11
20 4
22 0
4 15
6 16
6 7
22 21
3 2
4 10
11 16
14 21
20 2
19 6
18 12
1 17
0 6
20 17
22 1
0 9
14 2
22 9
0 10
1 22
0 23
11 17
4 21
18 3
9 18
17 5
7 12
20 10
5 2
1 8
1 12
7 4
1 4
5 16
8 16
19 9
1 0
23 15
16 6
4 6
20 3
23 21
17 22
20 21
1 7
22 15
23 10
6 1
17 21
10 7
11 0
11 21
1 20
21 6
22 7
12 17
15 0
0 7
17 1
21 19
5 22
20 22
7 20
16 21
16 0
10 15
13 6
16 15
2 22
12 21
4 9
11 5
11 2
3 10
3 0
15 8
1 23
10 6
6 13
5 8
5 10
17 8
12 4
16 1
20 5
20 15
23 0
15 19
8 4
15 20
2 3
14 11
15 22
0 3
11 6
13 2
19 10
4 7
8 2
7 19
3 17
10 3
5 0
1 21
1 13
7 5
3 11
13 18
6 2
7 10
1 16
14 0
8 3
15 7
9 4
0 17
7 17
21 4
8 14
1 14
10 13
7 3
7 23
3 13
5 20
7 18
22 5
21 16
10 4
17 20
13 9
2 10
20 18
10 17
8 0
12 9
16 12
12 14
1 3
14 6
20 7
4 2
3 9
7 14
3 22
14 19
22 6
6 20
10 16
3 14
9 21
5 1
11 13
15 6
1 2
14 3
2 4
7 13
9 10
23 14
13 3
2 6
15 9
9 17
15 23
9 2
15 3
13 11
18 21
14 4
17 6
7 2
18 23
14 10
15 21
6 9
14 23
13 5
5 17
9 13
11 10
18 4
13 0
2 23
9 6
4 20
14 15
4 16
1 15
23 20
23 18
13 23
15 13
6 19
22 16
0 19
20 12
12 3
6 4
4 1
4 8
2 19
5 9
14 13
4 11
6 21
13 14
14 22
0 14
3 18
10 14
23 16
8 1
18 9
19 4
14 12
15 10
19 3
5 6
16 7
16 23
19 15
5 14
0 12
2 11
9 20
15 2
0 21
14 16
20 23
11 15
18 20
8 12
14 1
23 7
16 17
20 8
7 8
22 4
9 16
12 7
5 23
0 20
10 8
13 15
8 23
12 8
9 8
3 15
21 14
12 6
20 9
11 1
12 0
16 19
19 13
4 5
11 8
2 15
19 16
16 9
0 4
1 10
23 2
11 20
21 17
12 10
18 13
17 7
3 12
18 1
19 20
11 12
23 13
7 9
22 11
14 8
18 14
17 3
14 20
21 0
17 14
17 11
15 14
20 13
21 22
11 18
0 2
5 12
2 18
21 13
21 9
23 8
16 10
6 22
17 9
16 13
12 2
12 13
17 12
4 13
7 16
22 20
2 16
10 5
13 19
19 5
0 8
17 18
6 14
3 16
6 15
2 12
7 11
12 11
19 8
22 2
23 1
19 14
8 17
4 23
7 21
4 0
7 0
5 15
21 8
6 0
22 18
16 20
17 19
8 13
23 3
11 22
6 5
4 19
17 13
12 1
22 17
19 7
3 20
21 23
10 22
8 19
22 19
4 17
2 20
6 17
9 7
5 13
3 6
5 4
13 7
2 13
10 11
23 5
22 23
18 2
0 16
2 5
6 23
8 21
2 14
22 10
1 6
9 19
15 1
20 16
21 12
18 17
16 22
23 19
5 7
6 18
19 22
23 9
11 14
13 17
3 19
19 23
8 9
0 18
11 3
13 4
8 10
10 20
0 13
8 22
18 7
8 5
16 18
10 19
8 6
9 12
15 4
1 18
21 18
14 17
16 11
15 11
13 10
10 21
4 22
13 22
20 6
23 6
19 1
7 15
5 21
3 7
10 23
21 10
9 22
0 11
20 19
17 16
0 22
22 12
10 0
17 15
22 3
7 22
13 21
7 1
9 5
0 15
2 21
3 5
1 11
6 3
11 9
19 18
21 11
21 20
9 3
5 11
4 14
2 9
15 17
11 19
19 17
23 22
18 15
11 4
18 22
3 23
21 2
1 19
10 18
2 8
4 3
23 4
18 11
14 5
23 12
6 12
19 2
16 14
11 7
22 14
21 5
18 0
45
8 7
8 2
6 7
4 2
0 8
1 8
6 2
8 5
5 6
0 7
8 6
6 5
1 0
7 4
8 1
6 1
3 2
3 4
3 5
4 3
7 0
5 4
0 1
5 0
3 0
8 0
7 2
2 0
7 3
7 1
2 4
2 5
5 7
0 2
1 7
4 5
5 8
7 8
8 3
0 4
4 7
8 4
2 1
2 8
5 2
4
2 1
2 0
0 2
1 0
96
1 12
11 4
0 11
9 5
8 0
11 7
5 7
10 5
4 5
1 6
5 2
1 9
1 10
9 1
4 10
11 10
8 9
12 11
10 9
7 3
1 3
5 8
11 6
6 2
10 11
4 1
11 8
10 1
2 8
1 4
1 0
12 6
6 12
3 11
3 2
12 2
6 5
8 11
5 1
9 2
5 11
10 7
11 1
5 10
4 3
3 12
2 9
3 8
11 5
1 5
1 11
0 4
9 6
4 11
4 12
8 2
3 6
12 0
7 11
11 9
11 0
2 4
0 3
3 10
9 0
4 0
12 5
4 7
7 9
0 9
10 6
6 9
3 1
7 5
6 7
1 2
3 7
2 6
3 0
8 6
10 12
6 0
10 8
3 5
5 12
0 10
6 8
4 6
2 0
7 6
0 7
0 2
12 1
2 5
9 12
9 3
34
5 0
7 1
6 7
0 2
5 6
0 4
7 0
2 1
5 1
1 0
7 3
3 5
2 7
0 5
3 4
4 0
4 5
4 1
7 6
0 1
0 6
1 4
6 1
3 1
5 7
6 0
0 7
7 4
0 3
4 7
2 3
5 3
4 6
7 2
368
17 16
8 5
19 1
9 11
9 2
14 11
4 5
6 0
17 9
8 2
13 4
18 0
8 1
17 0
14 4
1 0
5 0
4 17
5 16
6 10
7 19
15 10
18 19
12 1
7 12
15 12
13 19
10 9
18 1
9 17
2 12
15 3
9 4
8 19
17 15
13 6
19 0
14 5
0 10
16 4
10 16
3 7
15 6
9 13
18 9
19 9
12 4
12 14
6 11
14 0
6 14
4 19
10 13
17 19
11 6
14 8
12 5
16 15
11 17
7 5
6 19
2 18
7 0
3 17
10 7
2 14
3 9
0 1
3 0
19 6
10 15
13 3
17 1
0 4
0 17
16 1
8 3
17 7
13 9
19 18
4 3
0 18
0 15
8 15
2 16
10 18
9 5
11 7
3 10
6 8
6 4
15 8
5 10
10 5
8 0
6 13
5 8
4 6
0 6
3 6
7 16
13 16
15 7
14 17
3 2
10 3
5 3
9 8
14 13
12 6
13 12
12 19
3 11
15 16
0 14
13 10
4 14
7 3
17 8
0 11
6 7
11 4
19 12
8 18
11 12
14 12
11 19
16 3
2 7
1 3
9 3
10 17
2 6
5 2
9 10
1 4
16 2
8 6
13 5
0 8
4 0
19 7
9 19
14 19
17 4
6 1
13 18
16 10
19 5
8 7
9 12
4 18
7 6
2 13
9 15
8 16
7 10
0 5
5 13
13 15
18 17
7 15
16 19
15 11
19 14
15 14
5 14
1 18
2 1
16 17
2 5
18 10
14 7
11 9
16 11
2 0
4 7
19 3
1 10
6 15
19 2
13 11
9 14
6 12
4 1
1 11
5 9
10 0
17 12
7 13
6 9
6 17
15 5
9 6
5 4
19 10
4 16
16 13
10 2
12 17
18 2
15 13
4 2
1 7
11 10
13 1
0 12
8 4
6 2
10 14
16 14
7 11
8 13
17 10
1 9
8 14
18 6
9 0
12 8
5 18
3 13
8 10
1 19
2 11
16 9
18 7
15 18
18 4
5 6
8 17
11 16
19 16
8 9
10 1
0 16
9 18
0 3
15 2
5 15
17 2
2 10
0 7
7 1
0 2
16 6
4 8
9 16
5 19
15 19
3 14
4 11
1 5
3 15
0 9
12 15
14 16
9 7
7 4
15 17
18 14
0 13
2 3
10 6
12 7
11 5
13 14
4 15
1 17
19 8
6 3
4 13
2 15
10 8
3 1
3 12
18 16
12 11
6 18
1 13
16 8
14 15
19 4
2 4
14 1
5 1
6 5
3 4
1 2
7 8
17 18
18 8
2 8
17 13
11 18
8 12
10 11
1 8
14 2
12 13
18 5
11 3
16 18
15 1
14 3
5 12
19 13
11 14
7 17
7 14
13 2
3 16
0 19
16 0
19 17
12 2
4 9
15 9
3 18
3 5
5 11
10 12
1 16
10 4
11 8
11 13
11 2
15 0
6 16
18 15
12 0
13 0
14 6
13 7
2 19
2 17
15 4
18 13
16 7
4 10
7 9
18 12
18 3
5 17
12 16
14 9
9 1
1 6
10 19
11 1
1 12
13 8
18 11
7 18
19 15
14 18
5 7
8 11
3 8
12 3
7 2
17 11
11 0
12 10
17 5
16 12
4 12
11 15
17 3
189
4 0
6 2
1 3
9 8
13 4
3 12
9 13
13 10
10 11
3 13
7 14
7 0
14 4
5 8
13 1
0 2
12 6
10 4
8 12
13 9
14 13
11 0
0 14
3 9
2 10
2 3
4 3
14 3
0 7
5 6
5 7
2 7
1 10
0 11
14 0
3 2
8 4
4 8
3 6
7 1
2 13
12 7
14 10
1 14
1 13
2 12
14 2
7 2
13 8
11 9
11 10
12 3
4 1
9 11
6 11
5 0
9 10
1 6
0 9
4 2
1 2
7 9
13 11
4 7
5 12
7 8
13 6
12 5
0 1
11 5
9 0
11 2
0 6
12 2
12 13
10 2
3 0
2 5
8 9
13 2
6 8
14 11
2 1
7 4
4 5
3 1
8 1
8 5
0 8
11 12
6 3
1 11
8 13
5 4
13 5
9 5
8 10
9 7
11 13
4 9
12 1
10 6
10 12
8 14
12 9
14 1
10 8
8 6
0 13
3 4
12 4
10 0
14 6
8 11
6 1
2 14
3 8
2 4
3 5
6 14
1 9
14 5
12 11
5 11
9 1
5 1
14 12
5 2
3 10
14 9
9 14
7 11
8 7
10 13
5 9
4 12
11 1
6 12
6 9
7 13
2 9
9 4
5 14
11 4
4 6
12 8
10 1
6 7
13 0
10 14
11 3
13 3
6 5
2 6
12 0
0 3
1 12
0 5
8 2
6 10
11 8
2 0
11 14
4 11
7 10
12 14
14 7
2 11
5 3
9 2
2 8
5 10
6 0
1 5
14 8
10 3
4 14
9 6
13 7
6 13
8 3
10 7
0 12
7 6
0 10
13 14
3 14
7 12
10 9
10
1 3
2 3
2 1
0 4
0 3
2 0
1 2
4 3
3 2
4 1
527
12 8
4 11
1 18
2 20
0 9
0 15
9 10
3 11
12 23
5 4
9 2
19 11
19 8
18 11
23 5
0 13
13 15
18 12
4 8
5 20
4 10
21 16
11 14
12 2
5 11
20 13
9 18
17 3
23 10
15 16
14 7
16 14
16 17
16 7
12 3
8 21
12 20
16 15
13 9
6 10
0 14
20 21
5 7
16 1
4 20
13 3
8 22
16 4
13 16
18 23
8 17
19 4
23 9
11 18
18 9
17 1
23 18
4 5
16 5
21 15
10 5
23 16
6 14
22 14
20 10
3 10
7 0
4 18
10 1
6 3
0 18
7 11
0 8
3 21
18 15
7 5
11 1
15 20
3 22
10 21
6 0
19 2
1 13
6 7
3 16
20 1
23 17
2 10
10 16
20 8
11 2
20 16
10 15
18 2
7 20
21 3
16 21
12 11
22 0
6 2
11 13
22 20
18 10
1 9
16 23
19 20
5 3
7 13
8 0
9 16
1 12
14 23
2 19
0 1
15 11
1 20
15 6
14 13
4 22
15 3
17 0
4 21
23 14
8 1
2 9
8 2
21 7
12 0
16 3
4 3
0 10
7 3
19 0
7 4
19 6
10 23
14 15
4 16
17 8
0 12
18 13
11 8
11 21
1 7
18 1
10 4
2 15
8 10
8 14
22 10
20 14
22 18
18 20
18 22
19 18
0 6
8 4
9 12
9 1
23 7
4 9
8 7
10 2
23 20
20 7
7 21
15 2
9 5
15 18
16 20
23 19
20 6
3 19
13 23
19 16
23 8
21 14
2 23
12 7
3 5
4 7
7 12
14 22
13 14
5 6
16 13
8 19
8 13
13 4
10 7
2 13
9 11
21 1
20 17
12 5
6 20
3 12
5 15
0 23
14 17
11 17
17 10
5 18
1 22
18 3
3 17
14 5
17 11
7 15
16 11
19 21
19 15
19 9
11 0
22 4
13 2
11 23
7 17
19 10
10 6
6 8
16 10
12 1
22 3
13 18
22 21
14 21
22 16
9 8
10 13
0 4
5 0
6 13
19 13
1 21
18 8
17 4
7 10
13 19
7 19
0 5
20 18
3 18
18 6
4 14
18 21
1 2
10 9
1 16
21 12
14 9
11 19
20 19
15 14
15 23
2 17
2 11
12 4
19 5
4 23
13 12
8 20
23 2
12 10
22 15
5 10
19 1
21 6
8 3
6 5
4 15
11 3
13 17
5 2
18 7
23 15
20 9
10 17
20 3
21 22
3 13
6 22
13 21
21 10
9 0
5 8
6 12
9 17
19 12
16 9
1 15
19 14
1 10
10 19
3 6
23 13
9 23
10 3
5 16
9 20
22 2
17 15
12 17
14 10
8 16
20 4
0 3
11 6
7 23
20 2
18 0
8 6
21 0
14 19
23 21
20 22
11 15
16 18
8 23
5 21
11 16
22 11
12 19
3 20
1 0
21 17
5 17
0 7
15 10
6 18
22 12
21 13
4 12
12 16
4 19
18 19
17 6
1 19
5 19
17 7
17 22
5 22
15 8
13 6
3 4
8 18
4 13
6 9
11 4
5 13
7 18
17 20
3 7
6 19
13 10
0 19
18 16
14 11
3 14
10 11
16 12
14 8
22 8
7 22
5 23
23 11
6 15
22 17
22 7
16 0
8 12
2 14
3 1
14 4
9 14
12 21
16 19
19 3
17 19
2 21
18 4
1 3
18 14
2 16
22 5
19 17
21 20
12 15
13 0
21 2
10 8
19 7
22 19
14 12
1 11
14 20
2 7
7 6
17 2
15 22
21 5
17 14
10 0
7 1
0 11
11 10
15 12
11 22
23 3
15 0
8 15
17 18
0 17
13 11
23 12
5 1
20 12
21 8
2 12
2 0
14 6
13 22
10 14
12 9
13 5
12 6
16 6
4 0
11 12
6 4
20 23
7 14
11 20
19 22
20 5
6 17
16 8
22 9
3 15
15 5
15 9
14 1
12 14
14 16
11 5
16 2
2 18
1 4
14 3
7 9
10 12
2 1
0 20
17 23
15 19
9 22
0 22
10 20
17 9
4 6
14 2
8 11
21 4
5 12
1 6
9 21
3 9
1 8
4 17
21 19
2 22
0 21
3 2
22 6
12 18
22 1
2 5
15 21
10 22
12 22
21 18
13 1
6 11
11 9
18 5
23 6
23 4
17 16
17 21
9 15
7 2
9 4
7 16
8 9
2 8
21 11
5 14
15 7
20 0
4 1
6 16
6 23
9 7
23 0
15 17
18 17
21 23
10 18
9 13
19 23
6 21
23 1
16 22
1 5
20 11
0 16
22 13
3 23
11 7
22 23
2 3
21 9
7 8
8 5
3 0
9 3
1 17
268
11 13
19 18
4 14
16 17
0 5
19 12
1 0
1 6
0 14
3 14
5 7
4 10
0 9
18 19
13 15
19 7
10 4
1 9
6 16
10 1
19 10
5 12
3 2
8 14
4 5
10 6
17 15
10 2
2 16
2 5
19 5
6 7
12 17
14 18
18 1
14 11
8 16
0 19
10 8
6 0
14 5
12 16
13 6
11 5
12 2
13 1
8 3
18 17
18 10
7 17
0 17
13 12
17 13
5 8
11 3
11 18
2 14
1 11
9 11
12 3
15 14
19 9
16 8
17 14
4 7
13 10
17 19
18 15
10 16
9 17
15 18
1 12
0 6
4 2
11 14
13 8
13 2
6 2
13 19
18 2
8 9
1 4
13 17
0 3
19 0
1 14
7 14
9 15
0 7
16 14
7 5
3 5
4 9
11 8
19 15
2 6
4 6
12 6
16 0
10 7
0 1
11 1
3 8
0 13
6 9
7 2
15 6
6 4
17 10
6 1
5 9
18 4
14 3
13 9
5 4
13 14
7 15
0 11
3 11
17 9
1 2
6 18
4 19
2 19
0 12
15 4
14 4
18 5
7 3
16 18
15 19
12 9
9 3
10 17
0 18
8 12
5 3
2 0
11 16
13 7
16 13
2 1
8 0
3 12
13 3
19 1
9 0
9 10
7 4
4 16
8 1
12 7
16 4
14 8
12 10
14 15
3 1
3 18
9 18
7 6
15 7
12 11
6 11
9 8
18 12
7 8
5 1
7 13
6 8
9 19
12 0
15 5
8 10
12 18
3 10
18 0
18 9
4 12
2 11
14 6
17 0
0 2
15 11
2 15
14 17
2 4
15 13
18 8
6 15
19 6
15 2
14 1
9 1
9 6
16 7
10 18
11 10
12 8
14 19
6 13
11 2
8 5
7 11
5 6
3 4
15 9
14 9
7 0
8 4
18 11
2 3
12 14
15 17
8 19
5 16
8 13
6 3
4 13
4 8
1 7
19 2
15 12
15 1
2 10
9 5
5 14
8 17
17 3
8 6
1 17
11 4
12 15
5 18
14 13
17 5
17 2
18 13
11 7
17 16
3 15
6 10
5 0
14 7
12 13
3 7
1 8
4 18
5 11
12 5
17 4
2 13
18 16
5 10
5 17
17 18
3 17
10 12
16 3
7 16
9 14
9 4
1 10
9 2
11 9
9 7
5 15
2 17
11 17
55
3 7
7 4
6 4
0 2
0 5
0 6
5 4
6 2
3 0
3 5
7 0
4 7
2 0
6 0
5 0
6 3
2 6
4 3
6 7
3 4
5 3
1 3
6 5
1 7
7 3
5 7
3 2
4 5
4 2
5 2
1 6
2 5
1 5
7 1
0 7
2 3
4 1
1 2
6 1
3 1
0 4
2 4
7 6
5 6
0 3
0 1
1 4
1 0
7 2
2 7
2 1
4 6
3 6
7 5
5 1
421
2 9
21 3
8 18
8 4
18 8
1 12
19 3
20 12
22 11
14 15
1 5
19 11
12 1
16 17
9 17
2 12
4 5
21 20
13 5
14 10
12 2
2 22
21 6
11 1
4 10
13 22
21 16
10 12
19 0
9 1
2 17
16 4
13 15
5 21
4 3
2 13
10 3
18 20
15 12
15 2
3 21
7 3
18 14
3 18
0 3
14 7
10 13
10 17
10 22
12 18
2 10
22 1
17 5
6 9
0 16
20 8
13 20
15 8
11 10
3 4
7 10
1 7
13 1
8 3
5 13
16 19
13 0
12 17
17 20
8 13
17 6
18 7
22 3
14 20
14 8
18 11
17 12
8 16
18 9
0 6
7 11
15 6
16 14
18 1
19 14
6 18
15 16
8 20
4 6
20 17
15 7
16 6
5 14
16 11
2 14
13 8
20 13
18 10
6 0
4 2
1 21
12 0
13 17
5 22
10 6
14 13
3 1
18 21
3 14
1 8
1 2
16 0
20 6
21 4
21 9
11 7
0 19
12 4
11 9
22 8
14 12
11 14
16 7
11 3
21 14
20 3
16 13
2 21
11 18
5 0
3 12
1 3
15 9
4 13
19 20
8 9
18 13
2 7
0 1
14 18
4 18
6 8
7 9
9 18
0 10
6 14
3 8
7 15
4 21
9 15
18 19
20 0
4 11
11 21
2 11
3 16
0 14
2 5
14 9
13 9
6 2
6 4
17 4
0 12
14 21
1 17
12 13
10 19
15 1
12 5
21 11
17 8
20 15
10 21
8 14
22 17
22 4
12 19
5 11
0 11
1 6
10 16
11 22
9 4
14 16
13 18
16 12
13 19
9 12
0 13
17 7
16 10
8 1
22 16
15 18
14 1
5 12
8 6
12 20
3 22
21 7
12 15
20 9
5 3
10 9
12 3
15 21
1 22
15 5
4 0
7 1
21 10
9 20
20 11
4 22
9 13
20 18
19 17
16 5
17 19
1 11
4 7
12 14
6 19
7 12
17 2
0 17
21 1
8 12
3 17
12 7
10 20
17 18
7 22
19 5
2 1
8 15
13 10
5 2
11 0
14 0
19 9
20 16
6 11
21 19
21 13
0 8
9 19
4 12
14 19
0 18
5 10
7 20
4 20
11 20
17 21
4 14
8 7
9 21
16 21
11 4
12 9
8 2
2 15
21 2
7 8
14 4
3 9
4 19
21 12
17 15
15 19
9 10
12 10
6 21
10 8
7 2
20 21
10 4
19 2
22 7
8 5
11 5
1 14
0 9
11 12
22 10
22 2
22 0
3 11
7 19
13 11
15 10
15 11
16 15
8 22
19 12
21 22
3 15
18 17
19 8
17 3
14 3
12 21
13 16
14 5
0 7
19 16
9 11
2 6
14 11
10 0
18 3
16 20
15 17
22 13
1 16
6 13
7 17
0 15
9 2
7 14
3 7
14 6
12 16
11 16
17 22
1 10
6 20
20 2
17 0
22 19
21 8
10 7
13 21
18 16
5 15
22 5
9 3
14 22
19 13
18 22
4 15
22 15
19 21
15 0
5 19
1 4
13 3
20 1
13 2
22 21
10 14
6 22
9 5
12 8
5 8
9 8
20 7
2 8
20 19
11 13
21 17
1 20
5 4
0 20
12 11
6 16
5 6
18 6
11 6
14 2
3 5
22 6
21 18
13 14
21 0
20 4
4 8
3 0
6 1
6 17
1 9
15 14
20 10
17 10
0 22
3 6
3 19
0 2
13 4
4 9
7 0
6 5
6 12
16 8
13 7
3 20
13 6
8 17
20 14
5 20
9 0
7 5
4 1
18 2
19 15
17 13
0 4
16 2
1 18
8 11
5 7
22 12
15 20
17 9
14 17
0 21
8 10
18 12
19 18
84
9 0
3 10
3 11
3 5
3 6
2 9
0 8
2 10
1 3
11 4
8 1
0 1
7 2
0 6
6 5
9 7
9 5
6 0
11 8
10 3
1 9
2 8
3 8
4 11
9 4
8 3
10 2
2 7
10 7
10 6
1 5
8 5
7 4
3 7
9 3
3 4
7 11
1 10
10 11
6 3
6 11
11 0
6 1
4 5
4 0
5 0
1 7
5 6
2 5
11 2
6 10
3 9
4 3
9 1
11 9
1 6
11 3
8 9
7 5
4 1
8 0
4 10
4 7
10 9
1 4
3 0
0 9
5 3
10 4
1 11
10 1
7 10
6 7
8 10
1 8
5 2
10 8
8 11
6 2
8 4
11 7
8 2
5 9
4 6
4
1 2
0 1
2 0
2 1
188
13 6
5 14
5 1
4 1
6 3
6 8
7 11
9 3
9 13
3 5
16 11
16 6
2 11
9 1
10 9
2 15
10 0
7 14
7 9
2 4
4 16
0 3
6 11
3 8
10 13
13 15
16 5
4 7
8 3
11 16
13 2
15 1
11 5
1 11
0 16
1 2
6 14
13 5
4 2
11 4
1 5
5 15
11 13
11 15
14 4
14 16
9 11
11 8
8 7
14 8
1 15
10 4
5 9
6 16
7 8
16 9
14 2
13 9
10 8
13 0
14 5
8 0
9 7
2 7
6 13
13 1
4 8
15 13
14 1
0 4
12 11
8 15
4 5
14 12
11 10
16 0
14 13
14 9
7 12
16 13
3 11
2 5
2 9
3 6
0 10
14 0
4 10
9 0
15 6
13 10
15 12
12 16
8 10
6 12
5 13
11 2
16 2
10 11
11 9
3 4
0 11
9 2
8 2
13 8
4 6
7 2
1 16
5 7
16 10
0 6
9 5
15 11
2 6
1 0
5 12
11 0
0 7
10 5
16 3
10 2
16 15
1 10
7 13
12 6
1 3
3 1
13 7
12 10
3 14
1 6
9 4
13 3
16 7
15 0
7 1
9 10
1 7
2 3
5 0
5 8
13 14
0 12
14 6
3 2
0 13
12 5
12 3
8 4
1 14
7 10
12 9
3 0
0 9
12 13
13 4
8 12
8 16
5 16
0 5
5 2
7 3
8 1
1 4
6 0
11 14
6 2
12 14
5 11
5 10
16 1
10 14
14 3
10 12
3 10
4 3
15 9
8 6
1 12
11 3
9 15
8 9
2 14
15 16
1 13
9 14
11 1
15 5
15 14
27
5 3
3 1
0 5
1 5
1 4
1 2
2 3
2 1
1 0
0 3
1 3
3 5
3 2
2 4
5 0
3 0
3 4
2 0
4 0
0 2
4 3
4 5
0 4
5 4
2 5
5 2
4 2
343
7 12
15 0
8 19
16 5
16 20
13 10
7 1
0 13
4 22
21 2
22 21
18 11
11 4
21 16
4 20
3 13
14 17
7 19
8 20
12 8
18 19
5 20
7 23
15 3
15 10
5 15
2 18
6 2
22 0
14 22
10 17
8 1
18 3
3 23
4 8
0 15
11 0
15 8
9 6
16 13
17 16
4 0
17 13
0 11
15 2
2 10
0 8
6 4
1 15
14 16
22 16
17 11
2 19
10 22
6 12
9 22
7 3
1 7
9 3
21 8
0 20
5 18
2 21
23 9
13 6
23 8
23 3
15 16
8 6
13 19
11 17
10 14
20 9
9 18
20 7
13 5
17 23
5 4
0 16
2 12
5 10
18 14
20 18
12 16
0 14
3 11
14 9
1 11
0 18
4 7
5 11
20 14
16 12
22 15
7 9
13 12
6 21
22 3
22 2
15 14
15 1
1 14
16 17
4 21
13 17
13 16
2 15
11 18
9 17
7 16
0 12
13 4
2 11
7 17
2 17
3 21
18 7
11 12
0 21
18 20
14 20
13 8
7 11
14 5
15 22
6 14
19 23
16 8
20 3
18 0
3 17
3 15
6 19
13 0
10 23
17 4
0 19
22 4
22 14
21 17
8 9
22 10
10 8
4 13
20 4
7 15
13 20
17 10
23 21
10 2
20 0
19 4
12 10
4 15
7 8
11 19
20 2
2 4
19 2
12 20
16 23
11 8
4 16
12 2
17 20
6 20
23 7
6 0
20 10
1 13
19 15
11 15
16 2
23 13
0 22
19 6
14 6
11 5
20 11
18 6
19 17
1 21
11 16
14 0
10 5
3 4
17 8
8 15
14 2
0 4
8 23
18 15
17 19
5 23
16 19
10 13
8 5
3 20
22 7
14 10
19 8
0 9
19 11
19 0
8 7
6 3
19 9
5 14
5 1
18 2
2 23
3 9
7 18
10 0
11 14
8 18
13 18
14 18
17 2
3 1
9 12
10 15
18 21
5 21
7 6
9 8
22 17
2 22
21 5
9 13
4 19
10 18
17 5
5 3
23 22
12 7
1 8
9 23
3 0
19 3
16 10
23 4
13 22
9 14
4 10
6 1
6 17
8 11
14 4
9 5
8 4
22 23
23 19
6 18
1 22
4 23
2 16
16 14
15 11
14 13
9 15
11 1
1 4
9 1
19 1
8 22
23 12
10 21
21 10
16 6
10 1
5 6
4 17
17 1
3 8
12 17
13 1
9 10
0 10
12 23
21 19
1 17
2 13
19 13
12 11
8 17
12 13
16 9
7 21
10 16
9 19
0 17
15 21
18 16
17 7
16 3
2 0
7 0
18 8
2 6
1 3
1 2
2 5
21 0
9 0
6 16
21 3
21 7
20 15
16 1
11 22
11 20
10 12
19 5
8 16
14 8
0 23
20 13
8 3
23 16
14 21
6 8
19 7
15 18
2 9
18 22
5 2
19 21
21 1
17 12
23 11
4 12
5 19
9 16
18 12
9 21
12 15
10 7
22 1
22 12
1 19
23 15
3 14
