1 56 193
77 152 174
101 183 34
228 241 213
163 83 85
15 80 197
152 254 85
166 149 244
7 188 86
37 223 103
176 145 13
142 184 65
56 240 169
225 84 102
156 234 205
70 15 124
72 236 71
146 222 247
19 120 79
150 238 183
126 177 97
71 253 23
92 213 50
164 194 221
56 71 21
129 16 81
148 206 43
201 233 26
168 170 180
137 79 171
240 134 111
196 161 169
134 118 68
39 93 245
171 138 124
94 76 223
24 113 33
254 199 56
240 165 216
103 85 219
32 155 120
35 134 136
231 201 234
44 241 152
172 238 144
21 82 7
135 101 127
43 67 104
236 17 53
71 80 179
232 24 70
99 204 7
34 87 252
180 191 206
106 214 23
238 254 0
233 8 70
126 169 201
127 20 251
124 247 220
181 123 140
67 19 90
172 86 228
49 127 253
49 111 157
49 87 240
254 53 91
83 93 170
141 16 154
183 27 255
187 105 84
79 99 5
245 141 7
41 40 244
240 133 123
215 151 199
222 80 117
6 65 53
94 172 84
255 91 22
196 179 24
132 60 196
218 150 116
207 230 58
126 229 34
62 53 25
32 175 15
131 41 168
61 15 215
146 210 89
135 106 188
108 195 51
72 167 8
214 199 231
126 99 176
151 186 65
70 241 195
150 223 32
31 47 70
96 176 243
16 10 109
231 165 116
251 54 148
138 10 96
32 157 227
65 55 73
164 52 131
121 83 60
131 239 80
46 102 58
217 176 8
138 73 211
86 203 195
71 36 23
145 233 198
146 222 193
202 67 34
29 222 132
29 183 247
48 230 31
205 164 188
108 33 41
59 255 20
85 11 118
150 111 217
80 173 120
53 70 141
30 44 133
1 210 93
26 194 129
34 96 28
66 198 234
71 51 115
15 182 228
50 107 162
13 93 132
149 213 100
220 119 71
135 110 102
37 206 243
62 102 178
252 215 32
201 81 113
35 27 41
98 199 93
108 32 216
49 34 53
253 252 12
117 112 148
249 102 120
151 221 101
144 43 161
34 78 178
173 2 168
70 56 109
22 90 159
152 73 76
188 18 159
155 114 217
236 140 224
200 124 45
247 228 32
185 177 14
216 6 16
128 194 105
15 243 36
50 216 233
215 135 162
205 10 25
181 232 197
82 212 94
137 161 225
207 199 121
97 152 208
80 125 23
241 79 71
252 77 186
255 167 5
211 126 158
81 28 237
139 206 42
40 202 171
168 29 76
214 180 136
163 130 147
33 241 68
107 49 49
28 148 255
71 79 233
167 248 15
23 157 7
127 122 102
249 45 24
95 73 213
210 46 223
47 238 90
138 61 88
81 201 175
28 209 223
188 69 230
227 123 70
197 64 12
123 8 80
39 109 115
182 38 95
193 8 165
120 125 238
134 171 125
73 104 149
240 248 159
83 233 224
172 85 159
170 58 83
166 255 25
136 88 56
70 130 44
196 163 171
6 143 206
147 26 84
100 46 0
188 107 164
108 105 94
33 213 47
37 218 182
247 95 23
93 45 17
158 160 163
148 234 161
95 32 243
66 51 27
57 178 185
5 70 167
75 8 47
126 211 57
242 235 244
77 118 144
143 217 46
4 111 58
99 173 241
255 202 125
219 80 37
174 200 165
68 8 169
7 34 181
240 56 32
146 228 212
72 99 5
64 88 114
58 154 50
22 180 226
217 158 198
34 205 230
19 17 98
128 31 218
180 104 103
149 40 165
42 111 205
42 64 202
152 72 245
25 197 54
220 81 18
150 78 146
89 70 10
38 35 139
237 186 13
211 129 178
204 194 194
101 135 239
2 114 164
46 42 37
30 93 8
82 17 28
12 73 201
255 39 250
5 214 251
242 188 252
125 63 92
251 3 196
163 82 82
182 121 151
160 207 72
115 33 10
13 78 5
1 165 136
94 18 179
204 180 53
11 49 14
29 104 172
79 185 160
240 242 21
145 246 94
99 226 126
234 215 214
214 167 226
231 15 142
92 55 106
201 217 93
186 36 179
42 84 161
59 240 205
183 166 95
252 225 55
222 137 24
117 167 103
32 2 177
211 243 6
216 200 140
120 175 60
226 133 138
30 77 72
62 113 245
162 30 216
179 90 134
83 123 108
220 13 173
51 90 81
88 1 24
6 154 31
199 118 235
72 194 7
40 220 222
206 207 97
122 201 80
132 105 94
206 187 86
128 61 237
71 72 146
63 28 210
104 226 62
42 154 224
232 105 209
13 154 102
103 29 59
0 42 253
117 249 123
43 81 56
214 161 57
99 109 78
4 43 85
252 128 121
213 131 151
51 208 244
13 206 9
177 8 234
86 124 75
119 201 171
45 158 142
150 201 221
22 150 71
89 202 139
111 217 211
86 167 169
170 116 203
23 211 140
61 137 6
55 160 12
138 238 87
214 240 62
178 33 156
225 123 169
197 135 167
93 63 229
200 108 57
104 229 135
74 20 192
52 33 142
255 46 246
87 173 89
44 39 205
35 72 155
57 212 52
191 108 227
105 156 95
13 97 177
129 165 126
245 120 24
116 20 29
48 223 109
169 253 126
174 181 195
88 107 158
251 64 99
157 13 178
225 36 21
203 251 69
15 86 107
116 67 40
91 246 94
183 116 12
10 107 2
196 245 90
230 145 74
139 76 247
164 149 177
201 85 232
4 215 195
234 237 250
112 67 83
108 54 89
104 160 166
209 108 29
193 110 119
137 133 17
10 154 121
49 144 77
86 157 0
199 226 83
102 198 161
173 32 167
223 246 49
167 239 222
66 33 125
125 227 210
32 225 34
187 155 42
12 123 25
24 101 169
77 42 140
239 131 216
94 224 133
77 136 206
195 180 236
235 19 249
145 91 52
144 223 172
62 216 32
225 160 71
47 224 255
228 133 53
55 92 82
29 146 243
227 196 213
174 237 233
175 186 210
66 36 71
204 219 111
129 165 99
147 91 59
254 46 141
234 150 248
82 237 223
227 3 49
140 91 98
109 127 100
64 17 179
37 199 249
129 206 246
78 191 188
205 71 39
231 239 130
146 157 240
128 101 168
3 10 186
123 38 128
2 83 212
91 209 208
201 113 240
157 153 3
42 79 123
215 165 62
78 163 98
26 65 64
246 66 237
181 51 19
185 175 161
82 157 58
87 254 205
238 2 146
191 102 121
71 91 14
194 31 118
254 172 71
77 179 78
6 18 193
137 124 61
173 246 230
192 39 145
236 115 228
232 175 166
145 89 147
83 10 160
247 236 207
210 254 16
236 136 232
41 1 88
111 177 36
22 9 114
192 219 184
193 245 176
0 193 206
37 35 231
135 202 155
159 79 20
165 101 132
84 82 93
181 114 177
55 221 0
202 127 105
59 194 180
230 38 63
131 234 87
241 210 186
67 217 41
99 166 144
195 17 169
102 88 82
6 87 72
35 157 133
90 203 190
50 135 99
175 174 196
206 79 236
28 244 146
173 234 10
61 196 160
119 254 56
77 109 72
26 187 12
120 161 104
58 124 170
212 48 174
130 107 66
36 126 11
189 248 88
135 115 193
105 61 138
181 200 228
42 214 43
172 183 167
245 156 67
9 196 192
8 194 211
244 244 120
154 217 140
113 236 181
43 111 113
150 104 137
205 188 112
172 118 145
67 41 187
28 113 204
48 177 249
112 61 176
81 36 245
252 146 51
62 157 98
209 189 206
117 161 82
228 87 78
210 200 188
178 130 131
248 13 176
36 145 66
48 52 140
201 251 58
133 173 255
20 172 21
156 59 188
61 254 208
31 52 108
254 232 65
138 221 121
130 53 143
76 237 130
45 111 139
231 5 196
40 144 98
115 243 56
107 150 208
204 128 52
230 22 32
161 179 236
222 125 172
60 79 136
161 34 208
37 156 134
204 191 144
239 249 106
140 110 196
118 151 190
196 26 22
71 243 71
216 160 49
88 6 21
138 50 125
163 6 114
188 195 207
73 17 218
175 78 235
15 250 19
13 224 206
255 202 130
83 26 151
194 240 125
210 193 35
33 164 6
239 82 242
208 10 47
233 129 42
175 251 177
27 238 150
201 245 112
123 173 120
183 254 8
73 192 36
67 136 60
50 61 179
9 204 110
242 144 75
138 191 228
8 195 22
70 254 90
184 187 161
38 145 195
237 37 132
65 250 115
209 213 31
56 69 41
159 0 50
109 42 228
113 140 98
176 185 68
21 101 0
116 222 249
146 111 213
36 124 148
204 66 254
200 145 248
118 65 248
24 205 97
204 184 73
226 91 119
111 204 10
227 166 152
26 39 38
249 222 134
193 170 226
83 242 15
159 247 228
57 81 203
234 114 243
106 118 56
207 180 233
89 122 58
27 38 209
223 60 219
205 200 36
180 133 188
125 72 140
11 219 214
9 177 88
157 79 37
72 149 166
87 39 206
208 247 77
254 206 147
200 157 61
138 58 208
44 105 50
66 184 147
35 240 46
63 18 73
246 46 36
204 73 122
95 234 254
17 58 136
128 17 183
231 228 63
160 195 161
242 243 221
40 13 10
144 226 171
64 66 20
11 195 119
27 150 40
101 0 29
179 221 109
115 205 197
46 50 100
206 31 72
105 248 124
101 98 101
204 199 32
102 157 179
36 124 206
111 228 205
46 84 222
20 17 1
239 124 228
113 126 233
165 228 222
126 108 154
135 233 15
112 56 22
122 97 17
201 234 221
38 39 217
63 155 6
49 0 233
6 153 149
85 53 201
244 83 56
180 115 75
109 60 57
58 103 254
32 183 141
165 214 76
31 34 109
168 72 195
237 13 216
246 109 114
95 226 190
24 175 250
150 143 125
218 53 247
69 198 114
229 82 59
21 199 146
249 59 179
157 42 138
130 206 27
66 43 154
139 106 253
141 203 41
69 16 131
101 71 60
71 61 6
7 27 191
12 11 46
113 20 96
182 73 245
76 156 138
17 221 252
201 186 231
93 193 213
6 66 147
191 253 189
237 114 243
126 215 138
170 180 40
85 188 127
104 7 77
134 56 245
231 25 195
12 104 172
100 152 73
68 129 78
237 55 105
230 62 117
49 87 32
208 224 203
121 122 212
154 241 59
218 198 113
209 101 168
89 180 115
164 41 63
42 23 113
140 213 72
131 244 34
116 123 181
71 187 24
33 129 69
30 6 220
3 162 186
0 56 107
176 106 227
140 216 120
45 188 108
143 47 194
170 202 199
25 255 38
128 81 242
24 5 24
243 215 26
229 254 7
216 249 115
155 18 248
60 34 42
126 45 122
201 158 199
177 234 64
6 64 165
43 127 254
46 110 8
10 4 82
138 76 11
117 19 211
37 26 108
64 237 37
208 159 33
149 117 115
131 96 189
150 10 148
215 136 132
170 16 151
255 170 238
241 176 156
142 162 242
147 96 160
93 213 16
148 5 148
161 116 17
17 165 42
153 227 110
181 22 138
49 244 122
171 133 67
237 46 36
210 45 50
176 33 30
168 18 127
128 102 175
211 106 196
67 34 242
135 76 151
32 185 207
165 246 151
168 74 149
167 192 198
21 78 47
17 134 22
225 143 16
69 5 1
193 248 199
38 117 163
143 16 29
202 33 30
131 186 7
244 42 17
167 109 145
187 188 245
109 41 179
67 41 252
243 133 100
225 199 216
224 133 115
15 152 26
32 111 109
235 227 90
230 218 40
150 181 242
138 211 162
34 106 103
133 192 116
4 129 19
2 149 129
120 202 70
198 221 24
49 29 89
130 25 222
32 136 154
21 80 206
58 145 234
55 217 131
194 172 244
212 184 91
80 103 83
226 85 202
129 69 55
51 43 253
82 228 253
44 178 80
49 188 210
107 101 166
0 34 134
36 125 55
219 51 203
8 238 99
100 139 19
96 114 124
180 137 216
158 88 229
104 130 85
216 202 222
206 85 217
115 189 134
172 144 42
222 102 145
132 107 56
252 62 117
128 171 212
27 167 220
148 13 182
132 169 22
31 143 216
136 141 73
253 242 211
14 84 11
135 246 53
242 91 133
76 245 10
231 12 17
156 116 117
239 214 49
251 30 230
215 74 35
27 210 66
15 9 47
32 80 104
165 135 215
223 169 13
229 37 182
169 200 241
87 160 84
250 234 184
48 145 21
9 35 242
221 77 179
71 97 72
11 115 60
98 79 38
7 35 23
17 192 191
118 18 116
243 114 91
92 45 51
233 25 144
21 191 143
129 25 133
253 204 25
244 90 139
114 241 49
98 51 91
228 45 175
128 77 153
202 8 119
105 22 133
3 195 126
195 164 143
153 153 194
26 191 166
204 86 214
128 147 117
97 13 36
150 253 18
134 8 104
80 86 9
11 147 127
46 250 234
6 26 65
50 89 235
207 107 134
22 194 158
99 38 31
106 135 220
38 218 182
166 188 234
88 175 54
181 102 20
184 157 56
2 171 113
134 239 204
211 75 11
248 25 42
205 49 254
87 140 15
137 159 35
199 47 0
209 152 19
6 156 249
150 117 187
162 34 62
219 19 216
179 113 158
177 211 121
31 82 243
79 104 6
12 58 124
221 97 62
234 131 29
55 6 251
47 78 59
153 255 217
113 146 150
97 142 121
194 243 245
21 108 191
84 124 212
195 169 138
248 88 243
110 232 22
7 132 111
110 183 91
238 225 207
238 189 79
25 190 230
170 196 233
242 35 60
255 16 227
138 61 88
175 54 111
143 255 200
64 156 103
29 80 32
99 52 196
201 33 218
9 38 31
238 213 230
138 255 116
96 194 252
168 20 99
98 255 157
32 121 76
72 3 133
50 244 170
115 11 35
249 116 231
72 139 179
48 235 31
79 48 110
80 172 172
95 237 221
210 157 157
41 206 121
227 118 134
98 91 122
145 14 103
201 0 118
195 138 182
74 101 255
158 185 94
13 229 20
148 158 214
16 152 215
89 57 70
40 183 171
253 143 68
130 1 165
162 94 208
208 136 159
52 61 63
98 122 255
176 37 197
113 225 170
98 127 171
29 191 234
252 89 189
106 106 122
208 243 121
45 105 115
229 184 91
189 60 143
114 181 28
249 250 90
130 109 50
63 179 205
85 186 190
218 141 80
167 127 139
87 115 217
50 148 42
173 159 225
172 136 75
71 51 76
179 216 61
202 223 188
159 181 58
28 55 20
130 119 86
191 14 43
120 130 221
237 163 204
158 167 188
64 162 178
65 3 12
206 151 175
139 162 56
199 9 40
77 238 170
250 216 254
123 218 64
31 152 3
159 220 167
124 78 166
100 112 115
86 250 203
73 69 130
4 121 16
89 76 98
37 110 196
26 155 26
4 116 149
215 196 231
80 92 186
139 240 44
53 192 247
211 195 164
196 132 113
94 159 171
223 241 107
20 82 120
107 242 20
127 138 46
154 47 250
177 23 25
189 148 175
251 44 11
87 250 31
214 174 203
193 7 58
78 207 243
30 223 38
118 193 220
219 186 85
6 86 142
236 63 202
124 103 44
133 215 151
136 82 103
247 197 40
13 53 52
180 188 95
134 91 120
120 205 255
51 38 106
123 55 189
76 127 83
83 117 217
27 180 104
11 12 9
60 209 208
30 157 66
149 211 36
140 190 158
59 53 56
160 194 221
153 23 131
105 92 18
101 191 107
179 197 71
67 54 153
227 93 61
98 65 91
55 57 87
154 114 122
192 194 102
229 126 244
11 149 94
194 229 248
120 151 203
165 112 126
121 224 40
154 204 4
194 203 2
119 226 122
243 11 87
127 45 166
79 141 203
96 67 209
93 121 155
92 21 217
103 151 102
217 98 39
86 40 176
122 141 135
41 214 14
186 117 113
118 92 192
78 19 170
77 113 47
18 101 190
96 47 76
249 192 100
119 138 158
127 120 114
231 247 119
153 165 180
162 203 160
76 172 219
42 103 231
61 174 160
61 73 234
153 44 84
204 94 63
123 202 110
196 27 206
189 172 142
203 50 100
89 159 121
79 103 2
121 182 70
243 170 53
14 46 42
17 9 37
249 174 229
132 133 177
124 122 103
47 106 6
1 51 45
18 35 186
132 33 216
101 44 88
159 78 37
126 52 38
16 210 34
106 210 98
167 103 21
24 42 110
184 220 149
144 137 81
140 137 129
140 180 64
34 38 170
82 75 139
110 176 98
255 41 17
42 4 5
67 90 235
143 178 17
231 60 82
178 173 243
195 244 96
86 32 234
66 245 46
244 47 186
102 103 222
119 117 155
143 112 222
226 255 58
152 49 179
220 60 72
250 218 246
22 165 71
75 43 121
141 95 173
210 25 89
238 195 81
185 115 230
186 81 100
20 243 114
159 209 16
22 16 21
28 222 213
6 134 173
205 170 21
74 72 39
203 75 23
91 2 154
93 87 214
56 191 71
128 202 224
184 249 187
179 196 44
87 83 67
2 214 168
39 137 162
220 253 114
98 168 135
176 155 255
183 249 149
89 234 36
20 113 176
5 175 157
139 9 51
94 251 31
213 212 53
212 154 20
62 40 9
116 73 112
236 214 86
63 226 200
192 59 17
38 175 67
131 44 92
251 211 17
250 167 222
46 253 248
97 205 9
76 115 182
28 121 129
235 173 255
147 228 109
253 210 12
219 44 194
194 74 230
217 173 216
196 99 83
235 245 187
90 225 238
109 163 226
31 146 136
41 235 151
225 253 12
41 255 240
103 166 126
94 18 208
26 140 190
210 29 124
125 70 243
228 230 190
48 175 53
13 153 96
79 119 55
76 120 106
35 25 130
74 16 254
152 221 50
178 4 18
57 85 249
102 91 188
131 209 147
65 125 186
7 124 92
28 29 6
162 167 92
189 58 0
209 19 254
231 247 43
170 179 79
78 0 42
198 167 47
178 209 7
241 219 12
37 56 75
82 61 160
79 149 171
89 229 151
61 155 147
25 4 170
172 115 8
191 93 47
129 120 239
206 109 192
192 72 250
126 163 67
161 106 198
112 108 155
161 97 139
198 252 165
113 189 109
30 91 200
183 39 94
108 77 184
192 135 20
106 253 113
195 41 205
105 85 132
50 188 173
161 7 236
146 179 90
231 148 239
229 193 100
168 166 0
25 184 56
87 76 126
22 164 83
76 181 73
58 218 76
241 116 254
186 79 12
200 156 141
196 52 97
134 216 76
115 198 20
58 148 66
175 171 214
254 138 190
216 66 226
226 99 66
119 160 122
78 198 226
26 210 130
52 7 73
108 140 90
169 189 142
105 164 204
97 105 233
25 31 77
246 80 153
73 87 233
139 58 92
79 198 172
69 248 99
168 62 182
153 35 255
66 47 190
43 145 38
138 239 176
232 180 8
189 145 240
114 103 107
4 79 165
235 59 81
51 189 68
35 39 85
199 213 36
142 213 101
183 205 110
8 168 151
25 246 94
19 192 48
236 234 53
58 95 107
243 228 241
193 219 40
56 161 189
41 162 228
249 177 203
128 28 254
157 78 57
195 141 234
134 60 98
29 241 3
186 171 198
83 105 202
73 51 196
154 182 15
121 253 104
117 250 186
203 14 254
145 96 202
227 182 173
60 89 137
146 120 30
3 83 141
217 207 214
228 186 143
235 72 174
62 89 129
103 88 125
219 28 55
12 68 51
214 251 114
216 22 207
11 242 21
23 91 56
131 126 127
240 160 244
140 66 61
67 154 242
199 182 97
77 184 124
160 7 70
47 16 36
204 50 101
211 175 5
196 219 37
205 151 234
0 31 164
105 137 68
92 201 11
39 198 229
139 81 118
163 191 33
219 103 4
7 26 12
161 130 19
49 61 225
50 254 231
0 215 165
201 55 211
225 215 216
24 9 164
12 248 250
229 66 154
27 244 72
152 212 220
134 77 5
48 100 11
116 61 214
229 247 190
28 30 173
188 166 202
186 58 108
252 38 129
21 104 98
9 187 79
146 135 255
61 146 166
87 228 196
146 225 116
225 178 215
42 17 227
47 81 223
130 163 227
83 134 233
141 89 53
28 155 224
67 222 203
166 91 136
192 15 62
89 56 236
77 247 32
28 231 28
210 25 59
28 134 191
220 218 105
24 49 174
197 66 9
63 24 78
45 238 106
241 155 187
49 145 239
20 63 50
239 28 104
172 56 201
34 64 77
244 13 188
105 173 77
9 166 88
246 175 130
107 139 183
194 248 89
176 173 15
179 198 124
132 157 124
14 155 74
46 196 253
58 112 154
45 130 146
196 181 82
72 233 115
249 153 164
7 0 220
135 147 228
168 7 209
132 221 218
242 95 145
144 88 229
169 213 172
102 138 68
91 101 109
235 65 111
233 36 83
119 13 86
249 159 227
105 24 137
250 46 201
81 77 173
25 37 169
56 75 221
172 198 92
226 62 30
161 94 35
193 6 13
193 220 170
202 241 145
66 133 109
50 238 88
247 145 179
117 79 209
110 201 163
78 175 146
192 103 136
252 146 72
38 137 65
79 85 116
251 176 128
26 202 175
60 247 180
192 239 184
188 243 52
187 113 217
2 3 44
165 55 93
10 144 7
155 70 72
20 52 165
247 160 0
243 175 129
197 142 20
40 192 17
50 184 16
201 87 228
7 84 100
244 40 251
56 79 16
232 83 94
235 98 132
183 142 12
207 255 21
121 228 100
6 98 40
149 181 122
163 124 159
148 209 81
244 49 18
116 20 17
22 202 183
179 162 87
144 147 197
160 186 56
46 64 79
109 3 17
1 235 95
75 125 200
218 52 4
191 21 155
194 229 45
17 26 202
154 222 161
236 17 41
72 15 108
10 81 219
5 39 170
187 190 212
158 14 99
96 34 233
15 174 101
107 65 117
163 167 100
197 182 214
101 11 13
155 5 173
165 168 134
111 81 173
117 24 175
48 195 61
222 106 217
148 15 179
101 11 34
47 31 4
11 250 97
243 25 22
32 133 79
146 212 183
187 5 218
151 221 81
97 126 165
60 121 122
28 154 156
101 145 13
96 31 147
88 106 222
93 35 132
121 21 32
246 168 26
68 221 243
34 172 143
41 243 213
123 116 144
171 41 27
251 13 74
174 67 1
134 244 121
187 11 195
88 246 145
130 221 248
193 94 90
198 230 112
17 91 228
235 58 112
126 80 86
182 42 42
97 156 45
26 193 16
9 243 18
244 124 129
131 207 76
205 42 9
215 211 181
171 38 136
42 37 156
31 40 147
87 69 194
142 118 51
247 225 28
121 95 186
29 197 230
229 93 92
248 38 89
200 93 206
227 79 140
242 179 222
151 146 169
150 142 137
58 29 159
96 101 29
149 87 239
19 230 118
67 139 14
90 237 105
179 180 2
8 218 11
163 106 181
98 71 163
93 81 78
10 196 92
139 67 172
156 93 252
65 252 56
231 205 95
186 18 195
236 75 246
129 30 242
120 42 197
134 155 103
100 24 27
128 49 157
56 172 149
6 187 252
85 105 113
31 195 34
139 43 166
234 107 110
18 109 165
236 87 106
241 137 163
35 44 1
23 142 206
53 161 6
133 238 162
245 32 14
181 45 16
43 1 197
29 63 26
189 208 171
18 251 225
39 73 205
26 248 36
25 2 43
159 36 185
72 49 13
146 210 234
246 52 102
186 10 110
129 50 5
225 43 85
216 58 199
36 177 174
73 79 75
61 230 57
170 80 16
84 254 127
92 6 56
23 71 123
0 93 181
140 40 113
147 199 197
147 18 35
201 33 74
22 137 69
210 137 81
232 197 193
54 59 252
248 219 87
29 179 28
120 6 135
117 203 204
42 79 80
11 236 107
61 129 23
24 145 251
72 163 84
157 95 90
150 222 167
60 155 186
88 152 19
188 217 25
94 132 140
167 127 101
156 7 218
127 78 27
182 172 166
156 185 70
248 214 39
151 230 59
184 28 33
171 235 52
92 254 102
77 81 236
92 84 192
228 214 55
187 84 7
222 162 234
163 218 140
160 13 158
208 33 121
217 88 69
164 200 83
101 217 187
98 192 209
128 243 32
12 56 187
32 129 174
53 3 120
44 73 102
232 10 199
85 244 105
159 189 170
79 110 48
217 93 229
230 165 99
75 209 165
146 34 162
223 230 59
231 181 113
38 100 254
236 37 29
128 166 110
226 231 197
194 2 234
106 236 65
181 54 240
75 162 150
9 27 230
75 64 169
98 133 36
173 88 232
28 121 141
64 91 234
242 247 12
95 198 166
81 181 12
210 111 125
56 123 119
242 202 38
155 34 225
38 59 172
22 103 0
192 31 169
77 187 7
173 240 235
176 81 230
236 198 196
106 152 254
231 224 71
147 20 37
180 146 177
81 86 52
164 72 197
102 163 144
65 91 126
215 237 12
77 7 41
203 241 164
37 61 144
232 235 69
36 164 188
154 115 231
162 154 228
99 215 75
223 32 15
47 90 240
232 129 194
192 216 178
165 146 98
143 88 173
19 145 155
221 7 153
188 155 221
120 30 162
73 64 6
153 26 149
87 70 171
23 86 26
221 12 171
166 91 246
153 183 243
170 53 241
250 100 4
175 154 23
103 191 172
35 65 180
191 83 127
45 195 217
229 76 239
80 36 55
30 231 66
16 142 141
42 178 249
40 126 15
132 165 166
23 130 224
150 133 43
90 9 59
46 226 180
32 130 55
249 63 236
120 19 152
5 171 22
57 9 100
148 241 134
207 201 224
29 180 71
186 191 82
155 225 151
179 69 70
65 91 171
43 20 202
0 85 181
166 33 226
185 182 68
244 47 248
135 92 200
180 149 86
172 120 230
186 120 178
175 109 37
183 123 255
37 170 107
200 189 191
175 126 168
174 192 58
202 218 252
29 158 137
190 172 93
254 79 173
35 195 202
196 192 244
60 13 196
119 94 175
185 7 165
219 61 127
87 27 30
129 15 160
98 68 194
0 46 130
133 35 142
4 103 53
90 249 176
46 205 42
80 211 47
12 17 80
106 60 240
97 135 52
173 40 63
137 69 249
205 126 41
210 130 63
176 199 227
96 105 155
24 119 83
190 146 193
39 99 198
122 49 81
149 225 247
175 235 212
208 49 161
169 109 136
193 39 141
224 137 204
22 77 16
192 225 140
170 140 205
102 29 94
9 46 115
94 89 124
152 190 245
155 116 247
97 195 84
162 16 191
137 160 186
196 46 132
136 46 246
143 40 37
61 163 12
109 94 41
222 126 83
97 160 67
170 245 32
158 42 19
24 84 129
105 248 129
213 202 230
213 228 221
250 167 57
128 75 121
36 227 134
233 124 231
111 71 93
98 25 139
28 95 166
36 252 175
254 246 213
191 145 2
103 106 148
179 227 37
76 3 87
191 213 208
52 5 156
181 135 137
125 176 111
215 239 200
28 86 198
202 148 186
80 89 13
0 221 161
182 232 74
216 113 130
73 56 15
225 169 10
55 247 230
228 136 78
52 50 172
234 63 158
238 211 95
255 12 228
185 63 31
189 80 67
1 152 43
4 254 235
16 43 12
7 235 63
211 57 214
139 24 57
156 221 142
10 15 16
10 96 129
15 144 203
28 40 230
53 31 153
216 92 105
38 117 64
86 200 241
85 195 143
164 204 235
0 78 81
131 65 36
114 237 126
78 45 24
191 60 24
105 123 41
106 7 97
146 181 33
7 55 20
218 3 164
55 232 143
195 232 240
170 184 208
237 154 149
255 118 197
2 25 111
71 253 166
88 92 90
110 188 54
193 180 146
11 7 52
191 32 106
29 246 65
130 4 220
103 75 44
209 236 19
110 213 191
23 222 38
228 178 195
213 89 77
209 140 102
104 151 228
102 160 165
192 247 40
17 243 163
11 189 194
190 68 100
149 184 171
59 92 163
223 116 180
252 92 214
51 188 74
130 157 73
90 46 3
17 224 55
72 162 181
156 1 160
161 28 64
7 67 123
137 186 187
104 213 30
245 171 136
45 33 146
39 23 119
126 229 2
4 251 233
171 241 186
232 202 69
59 234 127
196 74 30
153 140 36
197 174 107
253 198 61
103 97 93
14 123 78
180 149 84
42 235 166
148 22 219
240 230 172
2 1 49
47 191 132
9 215 65
126 123 228
160 249 32
139 24 218
244 229 100
28 189 221
182 68 206
243 188 229
112 166 43
252 170 58
11 157 204
15 129 117
237 79 24
130 181 245
121 47 59
25 69 169
130 170 181
199 18 130
192 12 98
59 8 242
179 99 213
136 255 136
229 220 82
162 142 99
172 91 186
247 132 91
212 104 78
72 195 210
93 36 52
188 92 125
127 120 46
115 87 139
215 251 166
201 89 86
3 123 181
100 242 143
10 47 194
153 40 188
162 124 135
148 69 118
98 24 123
162 205 21
244 104 130
47 87 152
184 127 215
1 125 190
237 255 102
188 2 22
81 125 220
219 123 128
103 237 3
79 218 165
130 191 85
163 129 246
6 5 45
240 66 219
187 149 34
185 45 92
246 17 94
111 228 64
86 20 165
170 147 75
251 13 215
106 0 245
116 202 102
78 238 183
172 254 4
144 29 144
108 197 167
202 240 105
37 77 41
157 136 103
93 78 249
128 5 72
134 77 95
103 180 231
247 251 211
66 236 112
225 250 86
9 199 87
236 134 87
52 192 163
220 43 223
174 241 226
237 217 57
111 255 85
71 202 99
77 90 177
48 135 169
34 167 146
50 79 81
197 252 96
216 113 231
26 198 47
170 61 45
87 41 46
212 215 22
190 224 88
1 61 1
254 120 42
61 247 89
255 125 93
88 104 183
21 232 119
132 18 26
138 6 210
161 147 126
75 111 143
55 247 142
122 201 114
173 50 147
214 135 191
49 125 39
47 68 156
88 200 63
43 220 101
157 166 208
132 166 5
117 67 227
90 218 227
155 196 121
195 58 104
108 77 5
122 64 117
109 225 127
96 232 227
175 105 110
89 16 222
238 177 197
100 246 218
241 146 70
235 112 245
74 103 186
170 174 67
19 86 209
130 225 248
177 197 149
187 91 187
101 215 197
134 73 79
184 200 109
118 43 86
133 79 163
22 100 152
16 231 61
117 106 0
199 128 183
140 202 116
242 22 200
216 167 197
60 28 211
132 19 130
3 25 190
146 156 73
202 141 43
144 243 252
134 119 90
243 127 162
77 109 165
64 191 42
225 146 251
84 180 0
207 235 253
57 123 152
42 224 176
41 117 81
117 198 50
169 169 215
165 130 121
43 111 137
248 148 131
126 180 153
80 24 194
244 26 122
176 56 247
211 89 91
67 247 69
65 125 127
224 23 83
139 57 105
69 62 32
190 62 135
254 118 29
117 224 166
195 169 183
174 8 231
141 76 241
118 167 53
198 38 89
215 180 1
28 33 161
151 69 124
125 188 242
24 23 215
233 40 115
121 97 84
245 134 164
168 48 244
172 42 107
83 214 123
230 163 135
179 2 14
198 69 174
244 167 165
232 168 51
143 38 116
44 117 49
230 88 161
171 19 189
165 219 104
87 37 120
190 214 132
86 37 208
169 130 176
118 16 135
34 178 126
146 33 62
111 128 16
163 212 72
43 2 232
22 172 173
171 19 189
49 70 198
115 128 149
105 216 127
224 2 204
24 182 255
18 254 252
104 149 135
105 154 249
102 150 103
38 249 242
112 75 72
209 106 86
86 223 27
77 135 53
10 208 170
59 99 172
134 59 173
8 41 203
57 46 109
149 134 214
77 239 172
61 199 165
120 249 184
185 104 139
80 70 57
56 52 11
203 190 159
207 159 151
137 250 121
36 179 49
145 143 41
60 164 185
1 128 193
148 252 137
116 64 28
222 3 138
146 163 94
174 131 67
186 78 224
165 229 233
130 161 142
195 39 70
0 128 161
249 138 15
216 242 198
230 62 139
101 14 7
134 213 231
92 83 153
164 91 122
69 95 209
32 72 15
81 209 16
161 136 172
223 168 63
41 56 173
55 127 45
157 122 92
48 73 109
18 200 246
228 76 56
25 61 6
6 95 242
29 71 174
198 1 234
23 136 89
102 19 113
184 192 224
101 103 107
147 73 80
136 243 250
58 156 82
250 167 236
209 24 136
71 109 91
155 165 246
41 127 93
105 43 141
113 239 22
164 42 188
104 133 253
53 3 96
78 133 145
200 185 111
169 175 2
246 196 14
248 239 171
232 41 22
10 59 134
108 202 59
197 16 181
27 118 128
169 226 144
121 70 97
70 79 133
106 68 201
207 121 230
67 126 31
112 27 57
18 80 201
56 31 201
69 211 91
236 126 95
133 70 129
152 170 238
4 86 105
240 107 55
76 150 40
28 230 239
241 219 59
111 97 179
119 191 64
104 62 48
120 196 71
109 248 253
132 200 141
90 69 207
241 129 192
187 242 39
210 203 128
92 75 161
124 14 45
67 233 52
28 27 171
34 245 177
81 81 157
248 138 247
208 90 50
132 26 165
179 236 198
194 54 133
186 196 130
40 160 62
127 200 53
178 210 69
234 125 129
141 255 123
159 127 108
36 109 28
121 122 213
127 99 69
34 180 7
116 246 69
179 27 12
183 157 62
57 20 189
5 204 216
160 214 255
169 101 139
176 174 189
209 12 28
227 4 42
68 190 5
133 33 184
238 58 89
163 89 134
106 69 21
160 57 8
161 33 167
78 188 217
238 123 227
243 139 156
202 71 192
95 239 113
134 239 38
91 205 81
140 235 109
41 91 10
58 122 61
124 108 232
113 26 215
37 173 235
246 194 139
122 4 155
124 0 1
22 152 91
215 118 188
188 216 82
164 186 155
183 160 46
177 194 208
236 162 2
94 62 83
29 78 207
220 164 147
123 231 194
189 120 196
251 148 221
156 170 222
170 178 227
189 40 229
63 241 21
219 154 255
41 42 225
106 210 112
210 119 108
222 3 84
116 77 63
228 167 148
76 242 17
86 180 197
128 187 97
39 110 252
185 130 139
13 203 23
178 212 251
87 240 101
63 47 138
74 242 73
49 85 240
49 192 217
173 121 208
219 19 153
124 190 100
115 196 4
88 140 185
225 249 227
176 102 1
217 6 102
123 36 3
120 213 214
162 143 227
197 195 37
56 82 45
13 189 142
39 55 70
190 5 155
2 117 63
247 246 47
209 189 83
255 253 76
168 246 209
220 191 100
90 42 245
145 108 174
119 152 141
36 145 144
182 75 96
164 211 183
112 153 29
131 189 52
89 184 183
162 113 167
30 114 95
191 124 229
85 57 17
16 105 79
202 10 44
148 9 58
39 12 182
171 180 157
60 131 198
111 55 5
223 2 16
108 255 154
43 83 146
72 107 94
139 58 236
18 204 252
199 118 106
210 240 83
64 92 49
82 166 58
52 23 169
175 148 168
39 51 172
102 100 190
48 8 194
42 146 89
127 128 161
117 231 197
236 139 76
192 175 8
15 34 112
113 244 220
94 30 175
130 78 137
20 129 53
118 168 14
87 24 238
155 172 45
186 166 251
227 144 153
206 51 55
196 20 153
162 166 20
232 87 213
69 29 115
62 160 225
79 75 115
193 23 161
3 219 14
187 133 45
212 18 58
198 11 5
40 212 90
7 85 210
93 169 17
81 127 148
219 26 118
155 5 110
70 151 250
153 248 81
164 115 100
214 43 128
101 214 64
218 115 112
251 64 218
169 252 210
104 233 79
3 35 63
224 96 207
70 170 124
197 42 88
156 56 215
27 103 22
231 193 199
226 133 137
250 222 178
40 20 28
219 242 10
98 45 152
5 150 14
144 210 147
193 245 37
184 80 15
160 200 90
81 37 57
224 133 110
1 188 157
111 208 101
250 80 151
108 211 129
62 98 205
149 200 213
241 152 229
193 126 245
230 57 249
115 228 22
156 69 122
61 178 2
50 239 79
64 49 50
144 250 75
247 185 249
79 13 243
51 140 228
184 247 196
147 87 107
121 195 82
146 115 242
76 21 66
19 48 118
254 196 89
110 254 31
191 131 247
155 122 222
156 119 224
193 82 53
111 241 31
26 195 111
117 180 110
210 159 165
137 71 130
91 9 162
84 107 213
63 18 238
4 204 243
58 207 13
93 144 186
247 183 198
209 115 125
2 68 169
44 16 124
72 210 80
63 16 69
170 188 243
204 29 159
251 129 129
25 23 244
169 113 92
25 233 7
247 169 158
165 161 202
170 150 182
56 214 14
199 154 175
244 158 153
151 104 86
64 193 180
228 54 46
47 180 108
224 230 118
237 36 64
182 40 205
244 91 181
153 57 108
239 116 69
0 192 15
124 89 229
78 84 30
22 194 223
109 219 142
227 12 77
242 159 195
125 126 153
103 13 146
112 66 186
42 89 164
121 75 138
236 235 148
170 77 124
63 83 59
67 30 78
221 107 164
150 9 108
23 191 123
9 66 65
20 13 116
183 129 70
71 55 160
180 118 130
253 223 172
75 215 90
142 188 89
154 175 163
176 4 208
93 166 139
191 210 209
222 99 14
50 254 83
181 198 114
32 215 236
226 144 84
37 115 212
248 177 25
117 72 55
98 41 182
144 115 159
43 179 218
64 157 251
169 75 215
89 186 18
210 153 56
90 238 114
190 12 176
145 113 224
74 156 251
95 51 2
132 39 109
79 189 18
108 133 76
101 10 101
111 248 28
87 148 69
4 136 66
37 137 52
126 31 229
92 39 39
34 135 56
188 68 140
104 147 105
174 180 165
74 27 77
29 5 196
197 116 127
234 115 206
181 75 212
213 42 140
190 92 212
84 175 90
127 246 79
117 25 148
161 79 26
37 39 171
27 131 41
44 152 255
155 223 19
93 137 74
144 226 191
37 107 30
222 228 204
23 156 145
218 251 228
40 219 1
63 41 65
228 246 211
192 0 199
188 154 77
243 67 249
97 173 219
176 210 106
72 39 93
153 93 5
136 53 103
99 170 195
119 116 102
108 242 246
146 124 170
6 186 59
104 234 90
231 76 254
19 73 42
249 201 24
30 215 117
148 86 137
237 230 189
91 140 186
241 128 101
97 184 54
155 243 85
227 131 93
21 58 33
47 172 43
39 203 60
56 226 17
82 19 27
153 188 68
157 90 102
106 129 104
104 209 160
226 114 125
100 169 188
165 103 23
155 60 141
205 144 112
215 79 56
208 208 180
65 205 89
92 190 155
143 10 236
149 12 164
79 95 79
221 197 166
98 176 205
36 55 15
161 152 239
21 101 6
155 192 41
196 171 53
204 59 189
88 65 13
55 240 94
205 153 155
65 145 200
85 44 107
180 55 96
96 228 178
133 148 32
218 217 193
179 103 32
210 123 160
61 210 155
51 172 157
15 42 105
94 152 52
131 166 167
11 42 39
77 103 253
48 111 246
162 202 54
148 184 203
175 224 105
199 148 30
176 244 250
131 187 204
132 143 73
203 208 34
239 26 113
4 159 254
67 175 196
236 152 75
182 24 120
237 102 94
30 157 240
230 128 69
106 250 199
23 14 176
18 180 165
201 2 6
69 122 155
90 95 252
78 113 225
87 2 116
97 242 15
138 142 6
47 191 226
107 14 211
24 38 179
151 240 186
123 112 100
150 116 96
129 6 163
173 1 169
131 94 58
157 133 45
65 31 183
170 76 130
110 211 209
77 220 46
8 182 203
228 48 224
231 82 126
133 63 27
58 68 201
118 53 218
248 21 240
21 84 132
240 27 18
36 81 69
205 72 93
143 161 42
125 219 11
95 15 217
230 152 74
67 204 174
242 63 177
249 247 146
184 38 209
26 63 31
49 61 56
89 6 93
187 203 87
115 66 68
76 125 220
177 225 57
41 178 107
155 151 229
178 92 76
64 12 88
71 107 216
229 201 88
197 8 145
21 94 254
37 136 104
230 98 101
4 162 253
197 217 118
79 254 42
188 168 228
115 183 233
194 150 82
230 8 94
135 119 232
161 0 209
18 237 81
86 147 255
202 106 90
191 31 139
196 99 76
219 225 85
78 2 219
90 90 211
120 78 15
105 62 100
161 184 11
226 163 111
115 145 196
8 138 14
222 208 183
47 71 159
211 97 14
109 207 237
204 3 172
248 243 174
146 94 38
225 48 147
76 92 39
93 177 231
89 120 166
96 232 8
99 182 213
166 129 113
111 37 14
35 175 37
79 223 117
156 119 69
179 156 62
142 146 67
252 72 235
215 247 89
16 115 145
48 142 102
164 59 199
253 49 30
20 155 96
82 133 226
88 93 204
187 156 64
176 113 22
142 57 28
196 234 151
250 253 221
232 184 96
90 102 224
131 79 210
1 77 214
7 50 24
247 44 131
14 100 204
185 135 94
100 9 67
28 59 148
44 162 143
82 225 25
32 50 107
112 224 189
63 42 45
170 127 173
139 174 152
206 27 170
236 115 189
36 30 182
125 238 251
12 171 147
235 49 217
90 48 11
162 189 241
152 38 103
112 230 196
128 232 124
134 45 243
61 58 174
194 94 107
2 98 117
125 206 56
108 97 129
1 161 167
218 104 53
139 236 225
123 31 8
124 194 226
96 223 83
82 150 218
149 232 97
254 26 232
143 141 196
140 168 243
69 228 31
69 55 122
223 32 186
253 69 99
29 203 105
156 56 213
83 79 219
42 18 129
2 99 11
136 15 156
151 121 67
243 124 61
195 142 144
51 180 226
161 230 182
246 240 83
247 240 243
55 115 95
3 66 231
198 121 220
58 224 192
23 87 144
234 111 25
222 19 79
45 195 189
15 61 132
141 89 124
140 114 22
43 228 179
230 183 248
225 35 144
43 61 21
101 207 1
26 158 166
103 96 242
93 62 43
236 14 122
142 7 238
132 220 246
253 188 25
128 12 9
1 50 230
158 85 135
127 15 187
174 255 122
111 163 63
125 119 244
62 36 148
24 142 67
29 232 167
178 53 30
48 52 86
133 46 150
83 191 38
96 146 44
175 121 86
110 179 37
83 52 14
234 219 114
253 72 17
3 67 213
106 51 113
26 113 115
234 102 166
28 226 253
186 71 200
122 246 39
170 209 239
33 131 160
216 18 236
29 44 21
42 54 139
244 134 235
186 97 243
14 0 19
246 214 28
96 250 133
252 253 189
215 184 92
199 1 6
111 180 201
129 70 124
29 231 192
226 205 1
33 246 151
56 141 156
19 149 161
26 56 142
233 53 108
228 120 185
113 56 96
74 129 105
196 157 115
111 221 87
11 18 252
142 183 5
105 61 224
151 87 116
110 189 103
31 214 25
200 76 231
181 100 76
148 241 80
213 69 145
232 236 204
96 26 171
189 198 108
254 217 17
141 104 241
8 136 139
2 227 151
115 217 204
47 175 161
52 134 192
117 154 148
141 186 34
252 116 112
229 189 220
39 248 217
221 143 33
100 152 101
175 159 25
71 149 187
14 53 149
185 40 63
208 239 175
141 117 75
43 36 157
188 66 158
137 252 24
95 156 46
206 57 64
170 169 107
24 195 175
10 73 23
170 211 249
158 245 159
166 155 204
4 89 20
132 228 236
60 135 29
23 126 154
42 176 147
65 14 245
241 96 43
162 253 87
93 167 28
46 20 130
17 34 18
41 213 8
117 146 177
225 84 253
142 65 16
129 3 66
244 193 125
118 183 122
143 140 31
71 190 84
5 235 228
119 74 123
196 9 24
25 53 69
241 110 231
99 207 42
160 206 46
224 192 62
25 39 141
158 39 108
205 60 74
240 104 27
16 208 52
32 213 36
38 197 145
31 233 157
149 56 166
205 171 60
66 156 68
13 141 203
189 251 251
186 203 241
36 162 16
23 215 15
93 108 171
101 98 249
200 119 217
68 60 134
155 92 152
8 0 53
56 104 123
23 185 93
154 137 77
117 89 242
255 126 213
46 103 169
21 170 106
132 113 209
102 56 5
128 241 107
79 244 216
30 103 149
186 32 70
119 135 147
119 184 73
235 205 43
212 207 115
134 120 225
233 221 152
234 192 190
200 232 176
113 187 158
58 107 177
19 236 231
247 86 54
206 126 196
30 220 152
87 171 12
189 166 206
9 48 139
23 9 199
0 0 0
