136 24 196
89 168 233
88 89 82
167 227 24
107 57 148
138 174 253
90 3 104
188 42 66
231 118 162
55 238 181
121 87 238
141 220 73
36 67 25
189 24 7
242 12 216
50 43 76
232 198 132
11 209 100
63 83 104
72 56 249
96 136 28
87 63 56
178 19 89
174 128 110
38 231 11
41 11 32
141 74 24
63 42 151
82 35 83
117 77 245
159 119 13
103 194 191
104 77 104
21 196 67
102 191 115
236 148 161
147 158 29
72 156 76
250 232 65
74 150 157
254 108 164
0 210 153
32 56 35
188 61 108
247 239 126
154 194 101
74 192 143
69 13 17
1 144 29
54 69 34
154 127 123
214 70 105
102 98 27
249 37 80
165 147 145
209 7 124
88 247 224
251 91 187
131 0 15
187 145 2
239 184 218
229 124 106
35 216 147
44 33 2
210 148 217
145 12 2
182 105 76
159 171 36
177 104 69
79 67 172
174 169 239
232 80 2
29 182 180
177 217 249
242 166 163
63 239 244
135 216 241
18 152 225
126 239 74
182 214 112
148 93 212
80 243 255
237 238 185
80 6 222
191 20 59
13 213 74
25 216 215
172 68 198
129 146 166
236 36 137
54 245 248
119 230 164
216 90 162
82 219 44
198 82 163
205 152 69
190 110 189
237 209 158
255 40 165
221 13 235
247 201 68
52 129 117
204 27 207
22 144 138
140 99 172
87 197 148
195 7 251
211 165 113
218 163 165
36 158 189
10 112 45
9 37 115
41 132 158
169 172 16
112 39 170
128 138 228
11 165 58
206 72 76
166 1 124
200 168 181
143 151 252
186 207 110
81 165 6
245 180 170
6 68 119
165 9 176
42 231 101
244 196 72
93 75 218
207 71 142
31 224 6
123 91 172
186 170 90
243 53 96
162 6 159
136 16 213
75 113 167
49 161 56
188 170 226
74 95 67
15 245 56
56 24 44
6 142 1
192 232 31
219 149 147
188 191 142
170 171 111
143 1 204
131 41 184
220 152 189
148 16 154
111 244 243
161 15 40
55 129 180
173 88 116
211 183 108
103 57 189
112 142 112
159 74 31
83 209 63
105 47 90
83 109 104
198 4 222
145 0 115
10 138 89
121 34 179
251 244 115
114 189 170
198 94 169
234 9 174
235 113 106
23 140 129
10 202 62
103 240 53
144 91 70
148 186 155
141 57 90
147 91 7
102 35 63
238 200 8
213 38 159
175 1 1
111 15 46
253 2 133
210 219 66
108 8 184
155 144 151
53 207 202
42 201 200
247 216 173
218 71 159
48 56 210
66 222 215
178 251 219
245 237 219
82 219 220
93 220 158
54 208 215
199 189 202
156 68 84
251 105 172
183 98 245
240 116 240
22 137 155
241 54 158
18 155 6
50 123 46
54 118 95
197 130 232
113 248 21
107 32 72
49 168 54
163 114 173
110 117 8
68 165 49
89 82 173
121 206 220
240 148 209
1 62 31
147 33 26
87 120 177
69 40 148
25 88 147
133 179 143
241 207 99
119 198 75
12 155 91
236 218 63
94 233 220
244 172 212
4 198 238
113 134 145
164 154 77
25 236 92
110 128 19
112 234 62
188 18 40
37 245 116
163 23 63
250 204 230
85 8 229
34 227 103
149 171 4
176 119 211
162 23 126
211 252 96
196 71 104
221 185 179
238 86 204
76 192 58
10 177 174
25 11 100
34 32 14
177 105 222
49 46 167
40 201 44
48 252 229
238 194 219
22 122 33
171 88 212
15 15 52
250 82 140
167 31 220
109 61 195
170 22 112
105 125 154
69 99 57
227 254 104
78 195 242
110 143 19
201 231 76
88 70 234
77 216 189
102 225 239
117 213 116
10 120 121
237 197 121
168 99 9
155 76 98
70 130 23
83 197 220
149 122 165
19 170 61
51 6 47
64 97 114
25 210 168
190 72 120
51 61 221
35 189 188
238 57 209
71 20 168
63 247 237
233 189 50
148 234 4
185 123 189
125 40 135
215 78 116
63 189 210
247 31 138
200 135 117
115 67 247
251 179 66
53 222 220
61 52 50
195 229 137
152 61 123
85 232 38
143 60 55
88 235 63
122 143 46
16 182 160
27 37 220
200 132 26
164 90 108
214 12 104
213 154 112
42 59 229
111 51 237
188 104 211
98 198 232
113 34 240
146 239 155
225 166 135
206 40 1
161 236 79
122 171 72
196 44 164
3 10 174
56 162 53
211 153 198
231 206 170
110 190 63
154 250 20
169 27 154
164 132 228
40 140 3
63 198 107
187 152 26
225 69 92
92 225 31
65 133 171
61 14 196
172 209 181
21 172 5
22 115 25
251 63 129
224 184 119
207 28 197
55 160 79
18 179 206
112 196 90
190 15 107
199 42 105
48 137 18
42 111 140
149 104 121
53 93 100
47 155 173
117 55 7
237 63 187
67 82 212
96 7 146
107 198 221
99 187 90
192 238 95
226 147 98
162 178 37
243 231 72
109 14 190
75 16 144
161 135 149
76 21 87
35 86 193
224 183 53
17 124 159
33 81 134
123 41 247
227 157 201
87 92 161
48 15 208
188 58 227
213 24 51
44 103 24
46 101 11
6 30 119
172 176 139
236 66 137
109 252 165
246 17 17
147 96 242
145 54 198
133 222 219
10 55 84
26 48 173
73 107 237
200 24 181
146 22 203
204 15 170
102 53 77
90 199 166
40 108 90
72 127 43
253 89 250
36 195 159
90 77 119
107 255 248
231 27 0
191 87 236
173 157 89
253 163 159
190 183 225
67 59 80
74 132 248
77 180 137
150 202 230
42 93 216
202 33 125
197 243 135
178 174 22
98 201 76
1 172 118
65 224 241
40 123 184
59 29 231
36 110 75
165 157 23
138 63 252
132 246 103
144 46 141
179 182 125
204 218 216
174 5 147
252 145 106
45 255 157
97 63 27
96 234 47
246 68 196
53 226 138
177 90 12
66 244 252
55 141 80
235 129 180
47 214 215
252 190 35
56 47 207
232 95 172
113 180 239
6 230 196
200 86 254
179 32 227
123 183 17
199 196 200
53 162 46
215 55 196
62 8 245
22 112 203
183 248 139
237 37 39
15 150 243
75 219 65
12 60 145
86 249 92
181 128 63
125 7 208
48 146 28
169 136 6
6 80 6
204 88 226
95 126 108
148 161 217
74 240 5
195 144 85
60 57 168
81 107 129
15 95 47
103 75 250
120 159 49
206 36 153
180 47 176
98 143 84
61 102 144
156 20 38
109 220 192
102 50 10
90 155 26
40 9 211
204 150 101
144 9 217
96 91 95
241 11 97
116 161 113
145 78 181
37 93 48
210 82 36
229 2 229
249 43 162
160 184 164
79 198 175
198 175 42
149 235 160
222 80 146
247 244 244
198 251 156
63 42 15
34 227 137
203 83 22
47 126 137
177 84 47
60 62 127
14 87 205
153 121 145
40 182 134
24 146 50
206 234 5
88 7 134
238 98 103
91 30 198
243 158 166
9 75 79
189 222 148
223 236 3
113 106 97
126 132 169
97 134 158
164 23 83
149 226 156
126 111 8
239 84 143
96 4 83
175 100 69
47 224 12
31 24 76
190 96 239
38 222 77
151 3 51
178 233 83
175 175 3
200 42 97
107 194 83
229 215 86
251 247 158
115 16 53
55 42 179
254 89 199
70 110 62
223 233 116
39 195 6
112 162 138
144 138 206
215 41 223
219 166 81
228 38 30
180 22 249
236 52 189
5 3 134
94 157 61
101 23 13
224 20 65
51 188 90
31 50 224
60 206 192
179 167 51
87 66 202
189 15 91
30 126 2
213 248 247
222 56 58
134 105 100
51 230 48
39 168 140
170 138 225
79 233 98
213 143 97
170 203 229
101 157 45
102 24 196
183 141 98
194 184 234
37 102 37
34 46 156
150 68 122
9 28 13
106 88 103
1 237 238
152 4 232
139 229 76
155 141 216
124 113 197
212 131 41
87 37 75
117 188 103
148 199 37
93 241 197
28 223 170
179 73 127
55 0 49
185 149 84
9 210 21
131 50 70
155 233 58
228 92 155
111 82 233
208 236 18
77 49 35
236 42 50
178 225 173
185 203 6
91 239 29
57 174 252
189 53 177
115 229 224
201 196 77
51 236 13
22 156 237
90 169 30
252 245 121
173 147 212
245 33 52
40 80 137
222 69 214
117 54 201
17 170 51
70 140 95
210 39 70
221 163 88
182 205 4
225 128 133
101 18 71
68 195 119
150 92 31
49 78 231
149 143 8
69 178 96
50 186 160
52 28 133
40 50 130
111 156 56
10 159 116
29 62 233
90 79 50
6 13 182
72 104 145
4 129 200
109 4 200
140 200 209
116 93 12
56 63 107
94 236 228
141 183 149
56 30 45
172 15 181
181 84 201
222 99 153
24 142 118
243 114 241
164 182 122
148 139 60
194 24 153
97 211 26
119 88 171
81 154 10
16 57 45
148 216 96
76 101 225
112 84 69
132 78 214
71 27 6
118 82 232
13 138 22
120 172 52
70 63 225
64 39 1
182 92 174
29 65 154
99 36 57
226 77 27
130 222 6
142 39 34
224 230 121
248 144 214
27 105 126
160 28 146
102 163 68
234 161 217
242 94 217
230 159 31
115 236 7
158 243 42
19 123 167
179 43 146
73 234 219
241 244 246
234 74 74
168 234 240
34 24 5
3 14 236
128 223 56
100 0 162
244 157 2
51 254 86
82 73 169
8 11 212
101 46 233
20 140 29
55 245 163
116 255 23
182 16 161
16 248 74
196 85 254
157 217 174
11 110 98
255 62 164
161 47 49
102 223 102
118 255 226
218 118 196
100 44 177
223 24 200
136 82 36
21 23 170
200 18 117
226 11 138
79 206 185
57 153 76
63 201 94
48 158 185
144 180 59
212 154 98
188 74 200
31 157 68
114 252 95
114 128 141
253 73 101
4 116 176
33 174 146
60 114 44
2 181 208
254 158 92
24 43 66
86 136 175
91 170 174
104 127 93
170 14 85
142 161 180
246 205 103
186 116 111
108 98 238
14 39 47
186 248 14
142 1 176
188 18 238
96 155 80
36 160 85
96 142 91
162 118 63
33 159 2
138 6 111
223 71 213
48 20 22
118 14 122
73 223 162
157 131 75
84 155 94
73 254 187
57 82 64
129 1 84
83 175 191
47 216 13
65 212 148
150 109 92
69 56 163
41 127 52
242 14 180
33 235 231
22 244 94
139 127 161
161 108 107
223 57 246
250 36 118
65 90 154
2 3 216
20 165 137
99 223 138
58 233 81
148 246 239
44 49 194
52 33 149
187 64 138
178 46 235
51 5 105
84 186 76
205 171 181
220 125 44
76 23 49
26 195 128
115 190 20
106 229 109
89 178 103
111 159 204
214 184 46
225 19 146
5 233 207
175 66 40
104 4 157
21 212 41
139 47 189
168 232 36
173 220 29
134 243 85
57 198 126
192 10 3
119 122 184
230 250 92
113 65 117
230 97 245
237 73 156
154 158 162
72 179 44
62 216 119
36 195 136
186 28 227
69 190 47
243 216 68
220 50 59
66 45 22
140 88 176
18 94 168
50 209 79
145 198 178
20 88 99
122 246 135
238 11 117
104 85 59
232 135 42
220 101 87
239 82 182
157 143 109
9 167 135
166 76 222
86 153 197
75 227 235
79 201 62
116 156 94
12 45 235
87 228 118
149 105 160
252 82 79
69 223 233
126 185 20
81 67 185
226 252 169
12 187 220
246 255 181
85 251 12
14 117 119
41 178 75
157 113 30
55 91 47
57 18 78
245 214 103
251 83 27
193 122 113
16 94 209
251 125 87
142 40 113
247 210 33
159 176 72
16 218 243
171 28 72
178 97 85
13 74 99
26 1 64
105 137 232
12 124 137
104 121 126
158 154 128
1 92 182
175 74 100
199 138 247
119 59 161
21 135 100
119 159 25
29 148 239
129 209 101
64 159 122
144 111 34
150 137 186
82 145 26
94 207 182
6 13 74
69 247 151
221 238 181
12 97 222
60 240 38
151 16 249
162 229 63
149 246 204
52 145 29
24 72 183
86 100 120
212 30 87
232 120 132
57 26 73
230 12 139
219 32 29
153 82 79
76 148 254
222 227 34
46 126 16
97 153 74
252 183 249
134 162 245
119 237 203
103 22 61
120 88 203
119 114 131
193 183 183
12 195 102
219 129 188
147 13 49
196 200 82
97 243 204
212 101 2
82 241 8
149 103 227
237 14 192
158 209 81
68 11 117
251 70 154
235 175 33
206 20 67
199 247 52
10 86 31
99 246 101
34 35 213
4 58 172
88 52 150
172 167 231
80 109 164
217 155 103
18 240 85
175 201 27
28 175 234
135 251 97
23 3 41
199 7 208
27 29 159
99 184 78
202 6 36
45 106 68
188 150 186
8 229 176
134 71 226
223 216 21
198 182 142
79 186 141
242 241 22
254 171 214
233 41 4
116 86 194
77 76 82
178 34 164
71 83 189
48 40 40
176 233 227
159 125 240
43 3 251
163 168 104
0 0 0
