77 88 118
77 123 143
204 17 141
205 28 163
110 209 137
246 24 35
192 102 192
207 8 222
195 225 13
169 78 159
108 25 208
137 253 218
33 17 228
19 111 27
87 66 236
51 44 212
57 144 42
135 145 204
12 128 182
97 84 43
156 227 214
215 214 0
255 13 196
55 234 179
122 91 33
229 111 199
51 143 234
94 250 202
44 73 169
252 94 112
152 174 57
181 207 44
119 243 84
222 253 185
52 105 197
198 83 133
141 68 245
156 65 197
8 40 41
254 55 201
210 70 175
41 190 204
175 144 203
155 210 70
100 79 28
172 105 149
198 25 223
100 202 118
87 253 45
152 32 163
15 96 44
26 115 148
195 226 207
124 233 48
83 60 144
177 249 245
126 254 81
154 252 221
10 146 68
61 63 18
168 240 135
56 130 38
187 232 223
173 133 103
234 235 174
185 26 151
36 187 27
58 204 255
125 105 13
106 31 191
24 143 90
156 249 202
237 161 95
28 171 231
43 202 230
2 187 180
154 184 243
118 89 129
15 64 250
190 43 118
1 186 143
7 205 97
188 141 132
194 56 41
191 70 24
28 244 174
82 38 167
206 192 159
80 11 243
86 11 149
189 45 2
101 125 112
154 246 40
250 96 195
28 6 178
131 165 214
45 39 75
6 218 143
225 173 23
16 79 57
71 167 26
7 57 249
184 197 89
18 150 136
153 218 229
172 29 86
40 111 169
164 127 76
203 181 176
25 200 200
250 223 71
170 154 125
191 175 26
251 162 110
92 175 70
64 106 18
152 120 251
95 127 95
196 241 17
246 133 90
120 107 206
67 162 87
149 6 172
189 122 12
12 195 212
232 129 46
131 48 186
159 117 31
200 143 244
236 69 12
182 232 66
48 163 90
242 102 100
27 23 92
176 240 48
199 85 170
95 218 8
255 28 132
238 39 156
108 230 54
255 173 157
60 60 81
79 30 205
143 93 51
26 197 148
158 166 51
55 110 251
125 210 119
86 223 190
238 19 45
115 198 215
146 144 206
127 5 172
135 203 138
218 198 202
46 254 14
5 192 211
171 107 79
184 142 0
104 61 236
68 12 113
149 100 115
233 21 35
131 144 140
134 15 50
77 66 208
199 57 230
36 127 218
200 136 145
63 177 215
196 154 72
64 186 154
63 8 255
137 63 5
213 37 148
214 189 64
152 227 198
23 225 24
149 114 42
96 56 127
2 227 170
111 54 0
37 206 255
9 43 163
236 193 83
75 141 150
212 22 229
159 210 158
141 84 108
235 168 15
130 72 138
70 71 227
39 133 138
40 61 46
195 218 65
241 224 246
11 9 205
71 64 60
198 200 131
144 92 190
91 205 72
146 226 183
243 111 51
8 193 160
145 47 33
167 88 203
85 28 164
230 2 76
195 241 119
141 91 131
189 98 91
210 99 84
162 237 6
139 114 191
162 47 147
196 156 129
71 136 139
183 241 228
202 156 132
248 190 228
172 231 232
80 191 85
170 134 98
162 217 174
251 227 6
204 218 165
140 224 38
96 89 191
137 189 125
175 155 136
116 198 16
115 51 255
160 144 245
33 185 140
194 80 231
172 196 112
255 137 73
61 15 140
151 43 5
39 115 254
34 216 112
41 28 223
248 232 22
186 28 28
64 101 27
234 78 83
180 18 154
42 44 15
24 66 30
244 253 220
5 1 47
34 138 8
107 226 142
130 56 10
247 112 143
227 59 243
71 14 174
170 66 63
139 207 90
187 196 17
9 146 138
47 218 156
154 89 147
54 78 70
31 186 95
20 61 191
123 228 235
22 138 49
144 127 192
245 236 47
99 122 192
2 89 0
61 128 121
20 45 145
142 171 227
0 43 1
228 178 49
52 82 162
33 159 28
164 34 247
231 213 210
40 187 228
205 237 110
4 254 49
209 173 168
41 156 22
50 46 25
114 183 91
147 236 74
235 125 100
9 79 99
231 233 18
146 241 59
109 133 98
0 170 22
64 242 57
97 50 79
147 119 184
100 210 199
43 221 13
77 120 206
117 120 156
128 49 220
223 252 249
156 208 89
116 149 3
198 82 75
141 87 41
148 60 144
17 6 151
178 254 33
153 199 224
61 44 111
124 50 103
105 8 201
135 225 137
229 175 124
237 113 95
35 232 9
182 147 142
104 103 161
181 148 125
78 8 203
206 143 235
43 65 217
19 37 191
110 224 160
250 106 129
236 224 140
198 109 222
197 196 4
213 131 43
60 221 186
102 57 188
183 119 97
36 164 145
199 176 218
114 92 157
233 135 212
72 105 189
89 108 127
40 242 24
46 87 178
113 99 114
160 44 191
24 106 202
34 250 200
146 251 55
177 80 82
118 65 207
146 197 101
23 24 53
76 103 124
49 141 241
162 162 24
88 127 197
223 234 171
199 64 157
171 37 57
203 252 198
74 173 223
213 41 153
232 96 40
251 68 178
103 21 205
112 185 118
207 118 87
60 152 111
71 9 193
55 138 198
63 240 8
26 41 230
60 169 71
35 159 13
94 210 214
149 62 84
154 192 136
36 107 119
64 107 244
14 22 98
61 249 116
107 147 78
70 239 55
254 141 246
201 211 163
135 114 41
76 197 212
108 128 198
179 85 250
50 96 227
128 160 233
28 241 176
2 129 16
232 178 82
19 79 189
134 233 204
213 136 79
60 127 179
145 84 198
140 33 61
163 194 217
233 39 230
16 54 110
234 94 202
68 91 47
169 148 94
10 150 148
108 159 48
178 205 146
200 61 214
10 3 212
226 248 52
143 17 40
118 239 195
8 140 134
211 59 122
102 147 221
223 74 140
148 25 134
242 92 23
176 233 14
252 12 122
181 121 185
84 145 231
156 66 231
39 16 112
142 58 74
93 58 159
142 159 135
112 19 90
197 59 183
126 134 161
99 196 232
177 60 102
163 2 142
161 209 146
121 235 129
97 89 244
250 205 247
95 207 172
113 61 167
43 233 78
201 105 240
246 106 211
177 1 182
62 221 22
160 198 90
253 106 104
171 144 243
97 29 130
196 70 183
211 217 224
223 15 47
205 204 74
17 216 175
219 35 19
161 219 43
186 75 92
163 199 87
105 255 84
154 194 190
181 254 84
51 81 49
122 16 69
15 246 183
183 208 173
65 250 241
38 74 102
227 193 131
245 118 183
245 158 4
213 21 113
93 248 141
119 118 71
197 71 208
51 51 104
170 48 104
106 230 48
214 195 187
228 98 106
32 178 173
53 244 116
34 243 237
246 191 73
71 46 164
77 40 57
93 228 213
26 240 220
151 49 165
200 107 125
152 159 108
145 255 20
1 88 60
179 198 136
162 192 59
231 7 207
47 65 14
35 235 36
49 199 29
98 145 110
139 68 125
11 116 142
196 48 196
55 187 40
0 229 13
211 236 42
69 68 253
129 28 27
130 6 132
164 144 249
113 172 178
241 106 39
77 223 211
131 213 202
247 202 178
68 216 122
240 175 182
36 169 50
97 199 50
120 63 234
8 47 29
123 121 59
182 106 18
190 3 5
204 201 72
18 245 223
219 174 224
46 179 232
76 140 180
28 149 50
188 17 156
59 109 210
119 220 185
77 217 97
46 173 64
236 7 119
225 236 238
102 83 94
146 7 253
198 237 21
65 236 82
146 101 87
57 170 70
139 203 71
187 2 44
115 202 235
138 114 141
164 234 155
226 249 173
250 213 26
229 167 206
94 90 228
123 186 90
250 123 255
68 208 208
215 211 80
1 126 43
122 18 64
165 68 37
181 91 56
236 191 114
204 214 64
42 128 245
156 167 186
177 242 125
97 47 25
253 59 127
92 65 7
136 246 249
90 179 76
244 58 90
237 110 124
239 74 28
221 236 52
248 227 126
26 204 114
241 0 129
45 218 63
37 146 6
255 189 212
37 116 208
119 54 219
176 174 178
51 135 116
120 188 37
108 123 49
139 121 46
196 55 29
170 222 45
146 165 147
202 170 19
231 72 103
153 195 16
90 182 181
195 188 176
107 6 78
64 237 17
240 253 157
247 4 137
240 179 128
125 234 246
213 21 91
179 131 155
219 102 121
149 134 40
46 174 120
116 128 100
7 183 79
119 195 153
217 13 47
14 212 165
60 27 77
194 137 104
67 83 93
139 2 229
96 14 65
135 29 70
251 129 56
211 13 180
110 246 148
207 81 150
4 54 193
16 8 179
41 193 30
218 127 85
238 62 249
206 109 86
144 84 182
44 54 191
163 203 214
228 46 102
16 163 138
72 177 173
1 128 244
22 140 72
122 158 52
57 11 191
43 49 10
118 169 0
186 210 136
213 51 61
158 107 34
141 222 243
67 202 45
192 160 189
5 181 135
61 204 110
76 57 242
49 195 132
205 147 124
100 52 234
189 216 221
118 64 173
119 78 177
63 135 12
230 16 3
56 220 10
175 117 117
148 59 109
244 87 25
126 52 205
32 33 171
142 226 30
34 90 205
114 50 229
4 251 126
102 251 234
178 222 213
229 62 40
125 255 211
197 134 88
154 101 195
147 55 53
166 253 129
235 89 118
253 147 158
39 32 23
103 226 65
143 53 87
96 78 49
253 153 168
11 186 102
133 150 88
151 167 32
168 19 187
147 116 76
33 77 38
131 123 191
57 193 247
199 99 145
93 206 127
126 215 161
60 79 132
16 136 5
187 72 186
145 31 241
130 85 103
7 145 97
234 121 7
106 237 132
160 138 173
204 158 186
43 63 118
15 186 170
58 183 73
23 201 179
112 237 184
82 61 199
255 113 189
16 100 116
73 99 167
3 150 164
114 132 122
221 255 93
127 219 135
231 41 133
110 48 7
255 48 121
124 130 9
106 74 249
103 23 227
92 16 179
112 205 19
22 158 116
112 240 43
27 135 203
51 137 65
194 59 158
0 3 250
51 71 6
235 175 41
138 148 104
115 84 147
192 152 167
109 252 97
130 23 227
81 156 64
27 217 32
100 67 64
40 145 207
80 251 247
167 193 7
51 127 103
157 88 244
26 111 193
108 105 201
153 170 254
146 39 52
207 2 218
101 10 33
24 80 189
3 199 91
73 197 152
152 133 70
22 226 177
165 114 188
33 127 11
233 165 229
192 203 187
31 246 124
116 36 104
174 38 212
177 67 215
251 155 171
100 6 37
1 117 131
86 229 33
90 196 23
96 205 227
216 52 49
14 1 151
106 87 224
35 40 15
214 131 227
20 177 157
151 221 202
125 63 71
222 0 19
29 173 69
130 104 84
211 239 124
107 138 43
191 222 75
181 56 140
103 179 219
161 200 175
151 180 225
19 27 159
87 99 108
34 108 60
40 55 48
16 151 51
102 159 119
161 55 52
132 222 153
165 201 116
125 8 169
55 187 53
172 33 190
0 11 238
239 51 250
120 226 77
183 208 67
253 87 32
127 93 75
67 50 239
181 33 83
88 109 204
33 222 209
92 204 163
80 138 228
159 182 15
130 95 53
186 56 127
55 84 186
232 230 52
73 202 119
160 227 88
58 234 44
71 99 71
26 4 150
110 100 184
52 245 168
252 103 106
95 92 239
52 129 141
171 40 247
110 231 234
197 193 104
10 244 166
56 218 64
219 50 17
134 181 76
33 236 221
167 88 206
203 88 184
107 4 244
151 84 19
222 247 144
73 80 163
144 52 42
14 214 224
125 235 99
208 215 139
229 186 76
251 157 6
73 217 18
5 24 250
119 241 50
190 221 169
72 46 25
41 16 218
115 203 208
117 19 63
171 45 44
75 174 203
229 68 154
143 12 72
111 201 122
64 189 55
68 153 170
34 166 189
194 55 176
84 130 38
174 60 162
252 88 72
38 65 190
188 35 209
242 133 82
123 114 56
86 91 92
209 205 247
81 40 24
28 36 50
234 118 75
253 147 242
2 105 10
212 64 167
188 151 91
115 23 136
122 17 213
33 190 9
9 38 48
162 235 129
105 31 99
222 3 188
86 6 194
102 180 253
130 62 62
218 224 204
24 105 168
3 18 129
2 249 182
38 91 98
17 95 21
209 66 214
237 175 196
49 48 247
123 51 157
183 128 145
25 71 172
149 21 70
230 117 191
89 45 112
236 162 100
174 192 2
224 213 35
15 179 106
227 212 183
238 169 75
89 181 157
155 43 132
217 17 40
242 143 224
196 123 249
153 187 101
3 104 150
83 187 20
253 170 116
181 192 167
189 50 164
61 6 129
237 175 11
158 175 242
7 72 213
192 154 126
238 124 118
189 187 201
205 246 121
232 123 81
239 213 242
164 54 33
233 178 75
142 196 36
86 108 194
72 183 182
233 139 214
236 177 183
167 174 115
237 255 29
143 98 154
241 96 217
232 90 225
228 155 152
28 218 242
89 86 151
194 214 252
246 73 172
76 16 178
123 195 49
104 64 73
158 27 114
31 9 147
223 132 208
55 69 42
250 92 176
92 239 79
151 236 249
33 180 222
126 53 167
213 250 138
73 65 191
201 209 70
108 14 169
107 47 118
14 7 186
109 106 108
6 180 113
208 202 53
253 255 186
135 170 195
128 63 49
15 123 252
133 238 58
49 175 46
183 177 106
203 83 252
126 29 149
75 221 193
163 93 127
73 124 255
253 163 251
94 239 74
140 13 7
46 171 212
234 100 33
62 210 141
254 225 229
8 85 107
82 215 186
113 49 82
124 247 24
142 162 191
124 138 168
82 206 31
246 208 81
166 37 119
189 103 241
244 150 196
252 108 73
42 72 74
11 179 114
199 113 155
175 58 207
105 136 37
82 217 85
251 221 140
123 178 164
110 101 13
137 235 67
167 57 209
133 190 6
3 22 197
131 227 89
168 225 125
228 221 12
116 255 47
133 173 219
73 254 189
146 5 183
19 226 114
155 229 169
167 25 219
32 75 195
126 215 224
169 95 116
210 115 7
43 67 65
162 252 148
67 106 176
179 23 213
145 39 230
125 236 220
61 211 72
175 171 132
99 185 32
167 240 92
0 171 19
15 10 3
152 233 236
142 247 239
162 200 8
29 146 179
134 54 105
131 69 75
179 12 51
13 61 236
16 212 42
120 237 107
215 103 102
162 112 64
159 145 79
133 255 172
24 157 175
139 149 130
209 119 82
47 128 180
248 199 140
145 106 133
242 48 161
103 29 21
72 154 223
113 23 164
46 44 239
83 159 181
186 105 163
137 1 4
131 132 74
207 28 234
55 235 91
53 95 155
119 156 235
178 241 104
241 188 77
246 144 239
141 139 208
208 114 218
54 165 114
87 42 158
120 58 10
194 94 82
10 154 43
142 210 160
12 76 213
102 20 97
114 135 179
229 205 78
248 195 108
40 134 4
145 202 87
214 90 33
52 95 153
254 240 68
116 126 104
247 188 58
58 196 14
51 72 155
172 124 235
155 25 165
247 99 118
235 115 23
159 33 21
52 4 92
127 20 73
98 60 64
157 208 121
121 219 13
131 133 98
242 4 186
181 54 253
76 209 155
131 86 82
218 57 169
68 79 145
88 202 100
194 0 113
191 135 216
82 43 158
124 234 71
252 120 184
241 208 151
155 112 62
234 234 99
216 151 81
109 220 103
110 158 48
13 47 160
30 55 234
166 207 86
57 20 137
46 155 238
168 29 204
2 94 43
224 213 42
213 34 79
25 153 174
38 191 65
208 10 244
240 27 149
79 237 73
241 100 51
214 71 189
180 91 235
153 113 171
72 103 59
175 141 0
70 1 20
168 115 75
151 195 89
94 17 87
25 18 117
69 222 224
18 71 54
64 193 168
20 195 212
198 161 241
190 73 199
224 130 33
123 153 221
65 204 42
50 29 176
139 57 228
137 49 104
125 122 116
29 68 109
161 144 129
224 223 123
172 114 194
134 99 49
177 116 39
161 248 16
218 139 172
213 249 140
66 96 153
89 238 150
35 211 189
149 207 206
113 92 225
161 32 57
166 109 139
246 45 46
63 194 198
131 110 225
60 61 138
19 210 169
167 197 254
158 142 250
231 69 160
248 160 171
113 178 34
8 32 249
11 205 120
97 25 111
200 244 101
246 130 153
95 68 150
66 141 38
140 217 3
28 100 232
161 232 45
10 15 217
103 21 122
212 26 5
11 39 178
167 44 13
161 10 122
1 179 165
136 195 48
72 89 43
179 196 156
177 205 89
165 184 89
228 48 157
157 197 212
131 38 145
72 220 96
125 89 184
247 133 167
206 241 95
35 74 136
35 72 92
200 183 28
125 237 252
229 127 122
186 172 92
25 76 115
187 54 11
53 65 90
123 162 157
72 56 151
82 217 158
95 67 151
59 172 0
28 246 83
211 40 251
203 136 133
110 100 0
155 203 71
116 210 31
49 138 172
233 238 26
158 205 152
189 177 254
141 26 221
105 49 239
32 162 105
225 97 143
210 4 8
214 197 42
90 8 12
236 149 138
97 122 207
71 170 34
143 24 246
161 40 238
55 45 217
197 189 62
166 73 119
32 244 68
232 58 231
207 234 27
124 53 38
74 101 166
79 202 168
160 33 111
246 29 29
228 204 125
1 119 76
50 9 171
216 45 232
124 116 12
133 112 216
0 118 98
88 127 61
14 116 175
69 91 62
141 154 108
112 225 107
101 73 226
65 253 43
168 253 200
246 86 147
66 34 3
137 155 159
109 45 68
108 93 153
61 249 216
104 29 62
10 53 222
151 243 216
110 102 206
95 246 103
70 206 232
209 88 151
203 50 6
216 198 8
193 86 238
31 148 61
79 173 16
149 188 46
251 132 87
0 183 70
223 191 116
236 188 94
21 216 204
10 227 244
235 191 244
181 69 166
89 211 91
53 10 197
214 5 146
254 15 114
123 234 90
244 119 167
22 64 83
131 117 30
156 58 12
9 14 236
25 136 192
224 152 79
18 251 4
20 82 254
237 51 49
131 63 1
232 181 76
240 41 210
158 103 200
98 127 94
38 52 68
189 97 29
94 114 61
112 30 84
209 60 75
187 241 72
102 219 95
207 184 229
177 252 32
220 0 36
158 56 85
198 158 60
212 67 5
23 166 92
253 189 168
112 129 131
213 115 167
125 115 174
176 151 0
56 209 118
220 56 191
12 179 216
253 253 176
8 229 181
99 247 120
69 110 82
229 2 243
59 219 220
190 8 142
127 49 192
139 44 243
86 60 84
88 163 59
249 142 37
87 197 141
121 103 231
188 154 209
177 100 215
216 242 214
150 169 20
90 203 37
246 222 54
109 135 91
95 46 39
6 82 177
190 60 26
162 152 42
0 155 7
63 129 120
183 83 16
90 207 148
144 119 205
53 143 168
30 213 68
176 128 175
71 77 24
135 18 1
82 80 59
157 125 158
111 146 34
206 46 247
39 247 72
90 168 143
27 71 145
221 138 152
251 35 188
130 76 135
153 92 13
197 5 47
138 151 218
254 43 223
168 218 149
154 44 164
128 133 145
160 86 140
104 191 145
247 105 169
209 84 231
140 192 34
21 167 166
66 251 149
203 30 54
90 144 150
114 47 76
175 168 13
232 250 24
251 57 198
5 24 32
5 52 104
99 255 34
94 74 184
8 45 249
34 143 207
145 3 83
210 5 164
26 229 188
63 209 38
235 38 74
41 176 179
183 200 239
243 230 173
237 17 58
160 174 132
109 145 15
248 7 101
162 254 157
129 76 114
202 23 160
176 239 51
250 118 170
132 91 151
23 235 8
101 201 197
225 220 135
249 130 142
198 192 27
82 234 55
16 172 61
166 80 251
171 142 117
101 68 116
160 131 110
112 18 203
237 116 139
193 148 93
99 221 200
188 105 59
186 97 127
5 96 171
241 160 56
146 154 153
188 113 181
78 164 148
132 92 222
134 163 204
78 23 41
253 69 47
132 79 195
86 17 148
109 255 126
55 76 151
224 42 75
82 147 145
111 176 213
48 212 209
33 149 107
126 77 5
117 243 98
39 190 110
63 114 154
120 236 88
161 246 191
48 42 239
49 228 136
26 125 94
7 47 254
179 165 234
70 14 144
223 254 91
99 1 128
183 33 240
53 154 237
6 176 194
143 32 135
222 167 44
245 0 175
119 49 191
178 180 140
47 206 203
77 130 106
103 77 123
56 62 81
150 234 31
42 249 179
189 142 24
132 61 181
43 3 129
179 81 75
50 152 129
103 144 73
53 139 249
29 213 24
58 55 228
78 153 166
236 206 159
62 42 215
166 52 250
61 37 123
1 40 190
226 28 146
4 234 12
126 14 104
222 249 189
223 27 210
204 155 180
25 156 141
172 88 189
234 131 148
60 130 102
2 175 225
24 137 1
39 158 251
254 167 173
19 157 66
212 46 17
130 105 202
142 118 53
191 220 80
223 63 157
191 25 143
93 13 140
130 94 248
132 186 33
82 91 158
180 87 167
26 191 210
35 26 76
238 94 196
89 221 37
119 31 43
177 136 32
223 145 183
243 86 86
115 207 224
0 210 217
23 43 78
46 3 249
65 174 239
190 30 142
9 111 117
156 188 200
165 81 206
63 94 153
57 171 222
97 201 180
231 228 121
249 130 182
142 4 118
141 113 239
135 210 77
210 111 236
109 244 158
71 83 173
176 38 151
28 178 46
134 142 21
174 118 169
110 175 234
92 243 192
107 135 182
126 33 105
159 229 52
205 42 90
229 244 230
116 106 65
169 142 142
167 148 13
5 211 202
113 144 24
239 30 213
30 98 232
252 74 59
97 9 236
3 226 252
44 54 90
170 177 121
217 89 22
155 219 30
14 77 85
247 81 162
129 168 78
69 106 86
142 124 55
229 233 224
55 17 108
217 176 78
6 220 103
96 245 100
239 186 243
177 178 152
31 67 193
219 173 21
91 168 77
154 63 191
92 120 177
155 205 7
78 79 213
136 145 27
90 37 33
209 25 173
224 234 153
12 180 103
211 139 19
105 158 205
81 143 220
133 169 19
103 248 13
164 185 54
173 1 93
24 73 90
25 248 55
102 216 51
51 67 90
96 234 18
154 77 69
78 2 190
118 240 81
228 195 69
72 159 21
138 24 115
64 77 139
76 16 131
244 242 23
104 216 74
57 26 89
82 244 244
102 218 112
171 164 3
74 43 27
121 32 47
161 112 220
162 7 95
193 185 5
127 55 205
229 2 86
249 242 20
52 120 160
146 239 187
120 141 121
77 202 125
38 103 17
69 247 83
36 235 164
129 34 19
107 106 27
64 155 40
126 202 223
210 71 159
75 153 229
186 40 164
236 99 128
171 127 43
104 85 123
166 16 82
100 230 140
56 16 188
95 31 21
174 204 251
244 183 221
188 2 193
48 39 26
227 133 114
4 90 7
162 164 73
93 165 226
49 112 46
93 46 251
84 207 247
212 234 62
147 252 156
232 220 103
206 236 181
140 53 184
11 173 49
54 140 228
241 181 42
241 69 153
78 197 66
195 220 205
152 190 235
0 178 174
65 167 146
249 145 239
107 178 116
48 251 202
39 251 175
245 10 230
116 94 212
23 94 10
151 145 252
12 119 65
117 110 42
199 107 218
47 6 140
12 206 106
248 248 210
252 86 186
9 39 180
65 120 71
34 187 94
247 14 192
239 23 94
62 205 159
80 39 70
39 17 219
81 50 30
87 69 62
94 27 95
140 252 221
242 175 6
239 107 215
199 113 11
219 228 54
100 8 57
119 144 171
113 58 52
96 103 128
56 25 64
49 68 237
69 200 249
166 129 190
244 9 30
184 131 227
128 112 37
216 31 99
196 235 37
63 177 204
203 11 99
229 115 20
239 35 134
155 71 133
11 64 50
101 12 44
15 137 169
2 73 233
249 131 153
62 164 3
255 79 65
143 126 251
112 219 154
5 183 238
146 162 29
140 94 196
137 103 103
36 216 4
9 18 191
110 201 252
103 158 86
192 194 165
65 177 174
159 124 107
209 88 148
87 47 187
174 253 139
255 67 13
132 144 155
43 106 190
10 126 229
39 237 247
68 229 99
97 166 120
204 45 203
114 3 251
183 229 91
232 12 140
90 154 37
188 56 12
242 8 22
26 150 183
254 204 194
231 158 98
207 125 196
36 158 212
153 230 48
33 157 93
4 168 102
37 52 160
24 142 78
231 163 42
243 102 191
23 50 66
169 12 162
200 154 38
65 21 12
112 15 136
172 52 106
233 29 5
40 86 115
135 118 241
106 5 115
75 106 176
140 143 59
184 150 110
136 13 173
206 21 242
206 50 192
70 54 231
57 146 122
244 129 209
99 191 35
3 143 127
53 112 201
101 14 189
35 138 196
176 217 151
108 194 229
54 17 106
97 60 112
36 161 147
121 67 12
233 134 124
190 26 89
46 224 94
216 114 194
50 135 231
189 7 201
58 203 173
214 120 227
126 124 19
21 74 149
182 106 6
76 200 121
51 15 194
201 16 82
49 234 127
10 138 82
184 228 177
248 175 73
72 178 70
19 184 79
51 12 0
116 175 43
64 55 228
141 4 125
19 52 81
20 136 131
114 143 63
117 127 229
84 161 178
201 43 238
105 199 99
22 251 35
124 220 59
113 66 12
205 244 1
55 43 183
103 43 117
109 55 52
253 9 179
21 143 29
198 197 128
244 245 234
125 110 4
22 17 158
104 196 243
36 112 17
21 76 50
58 109 227
54 217 129
221 229 223
181 168 175
80 85 78
255 194 96
77 224 147
26 54 108
237 80 8
248 123 105
74 1 232
49 234 213
28 101 216
1 53 254
98 126 71
62 78 154
212 123 185
168 10 174
178 103 191
187 149 51
45 126 41
237 109 154
121 171 181
0 115 32
81 65 66
202 98 148
107 222 89
167 169 243
51 38 137
112 114 12
198 183 223
172 98 14
1 126 137
82 91 170
37 90 105
86 64 44
89 176 30
226 138 186
22 90 197
217 52 161
62 27 144
29 73 75
108 124 220
183 17 96
200 188 102
199 182 22
85 60 228
233 222 191
157 142 247
117 122 31
42 16 90
193 237 252
34 180 192
78 53 28
9 109 178
140 175 126
113 87 120
145 187 151
35 141 203
250 69 219
8 80 228
213 0 213
213 237 36
62 213 157
70 133 106
19 211 116
119 152 208
243 162 196
149 18 102
99 76 214
247 38 41
196 217 10
103 46 63
136 6 64
36 129 70
202 43 232
225 203 55
45 12 193
202 109 44
179 30 90
88 250 5
235 147 212
129 197 198
167 35 101
127 20 36
18 108 195
69 132 150
233 102 84
93 153 233
35 55 208
196 138 39
63 104 197
255 214 85
30 87 21
122 27 73
18 78 103
242 73 175
129 168 38
125 38 251
84 246 127
109 195 207
11 241 124
24 74 38
36 205 47
80 81 59
67 26 144
25 153 14
50 97 117
208 219 243
187 30 200
233 25 136
227 184 244
238 136 11
19 190 21
95 14 235
52 95 116
172 232 253
191 249 88
84 248 198
94 65 42
254 207 187
136 62 136
246 93 86
61 60 184
128 1 134
211 94 149
221 72 181
113 115 242
236 146 128
164 66 9
222 140 210
64 99 101
72 11 2
96 97 115
160 208 36
65 183 152
226 76 173
84 238 130
242 74 29
185 220 15
252 51 66
249 212 243
218 72 95
194 83 19
71 0 49
244 98 43
108 115 175
49 200 51
16 118 243
223 197 163
96 210 172
52 230 136
59 192 23
201 57 7
97 143 63
190 231 188
242 25 29
125 253 28
38 123 209
162 237 200
28 42 5
132 10 101
65 83 62
128 19 127
143 49 165
236 131 131
185 191 140
98 65 205
4 230 190
197 234 96
89 30 90
37 194 191
206 28 204
111 23 10
197 3 25
152 150 65
73 41 159
150 232 94
80 124 252
102 136 169
19 6 174
248 183 108
144 24 176
179 254 247
252 53 37
236 143 149
173 167 203
136 146 217
190 102 195
162 29 116
125 191 4
238 100 112
107 215 102
42 104 129
80 1 39
219 44 211
169 126 97
53 63 118
138 31 197
208 18 87
159 232 148
158 117 111
244 156 174
63 60 139
173 222 57
166 206 212
210 80 31
173 43 5
222 204 125
1 183 246
179 178 186
154 197 222
30 226 213
148 184 122
11 212 57
35 49 254
42 246 14
251 169 121
130 45 225
99 102 23
74 47 32
204 166 99
9 25 183
157 128 114
192 98 203
157 194 166
177 32 116
27 216 107
255 58 223
198 126 18
58 249 56
211 209 189
154 25 88
229 247 250
108 76 0
206 115 125
2 193 48
37 226 26
40 57 216
72 185 231
238 177 243
62 55 58
61 156 208
150 169 219
152 80 18
58 175 150
251 13 175
203 39 37
173 203 248
253 238 252
136 169 105
24 137 127
1 189 221
130 127 177
244 146 81
247 233 86
4 147 92
229 131 28
13 55 13
6 61 78
247 172 197
36 39 32
243 83 76
179 40 135
222 67 50
164 217 71
106 182 57
155 141 156
52 12 91
116 58 163
241 197 173
178 231 111
96 160 41
83 209 116
150 194 39
34 90 166
234 152 12
115 132 136
134 203 123
244 136 244
108 123 12
250 198 101
103 163 76
111 36 23
72 88 160
76 144 40
101 51 58
67 71 164
31 49 64
10 16 42
12 206 218
100 132 132
252 29 188
216 35 103
219 55 106
183 189 61
82 44 74
225 131 159
148 98 64
110 179 240
171 8 96
27 190 56
84 253 5
51 94 38
29 96 71
74 237 233
102 172 166
6 1 73
123 4 106
197 32 23
214 23 4
229 252 243
79 206 114
250 154 253
198 164 113
48 95 233
138 71 18
178 194 142
131 3 219
202 66 229
247 5 161
20 211 25
87 109 197
255 214 22
116 213 108
107 89 177
27 172 249
40 57 103
223 156 200
166 91 73
147 217 253
15 13 130
208 253 233
163 87 161
120 231 73
18 199 146
11 186 116
42 241 228
84 227 53
9 199 203
179 218 214
186 106 12
17 247 179
231 43 170
63 142 81
6 210 12
79 51 193
34 98 252
44 211 219
61 252 172
120 10 155
212 130 159
118 215 166
12 52 49
148 157 179
157 89 10
199 27 125
100 177 196
220 186 97
77 69 142
108 93 212
250 203 142
15 162 89
69 195 89
11 50 156
146 237 166
135 141 224
152 200 61
21 117 218
251 72 171
10 237 189
244 210 52
251 99 246
217 75 47
96 117 239
66 188 162
35 129 211
37 213 218
169 215 35
15 85 88
152 68 163
115 38 73
106 80 227
168 174 92
132 110 118
249 154 186
108 229 142
6 54 106
94 56 151
74 20 104
68 105 11
112 135 56
225 53 149
230 59 182
176 69 60
217 253 124
194 240 35
114 102 14
167 246 50
13 10 174
33 90 160
198 87 135
46 84 37
142 75 141
187 230 115
170 170 72
235 152 33
62 89 98
228 112 31
94 11 174
123 27 128
188 96 6
54 225 17
222 42 46
131 222 26
143 112 164
8 147 59
227 109 251
135 204 62
4 149 61
160 116 97
168 106 103
124 194 94
214 168 239
39 236 53
112 18 9
30 74 140
146 226 245
96 127 36
202 173 162
2 42 168
184 53 109
23 49 237
145 137 191
106 159 86
160 90 220
90 172 246
181 112 30
219 104 176
34 169 114
105 34 93
188 221 209
110 132 191
244 170 12
109 243 207
5 237 35
233 186 169
209 111 253
234 14 27
210 22 61
141 221 170
93 158 139
245 23 133
3 154 135
172 203 195
202 80 58
37 76 219
162 184 206
1 57 52
58 156 204
74 38 72
34 167 42
190 49 170
226 241 3
223 194 234
102 67 156
100 86 55
242 39 43
64 253 37
130 132 122
86 237 4
55 83 90
154 97 180
68 178 138
43 155 200
125 93 116
165 194 132
113 89 239
198 238 247
181 82 240
19 166 64
206 252 199
37 157 186
218 121 93
198 104 170
228 140 144
252 142 161
146 39 162
196 27 174
131 150 78
1 155 25
150 82 7
234 46 55
2 63 109
4 19 158
211 230 246
99 212 192
76 239 102
198 2 176
76 218 129
214 32 169
154 206 35
133 47 134
197 1 162
96 243 78
255 243 35
88 233 132
32 160 69
71 149 216
168 85 92
64 129 109
132 195 6
107 36 208
224 136 226
249 149 87
66 78 185
123 176 119
212 41 76
148 18 97
119 213 173
235 33 216
27 20 209
198 247 38
113 44 175
168 223 153
243 90 52
253 217 239
210 188 208
136 48 149
75 245 101
54 41 170
117 155 230
131 95 42
132 55 226
144 55 158
19 89 211
163 160 82
246 7 226
158 245 218
164 154 135
186 181 114
52 202 48
128 123 114
134 104 198
216 80 244
14 33 214
176 78 104
94 69 169
123 54 150
90 88 129
156 95 106
193 2 229
131 40 128
114 152 158
247 213 64
145 81 205
235 129 22
123 226 71
207 137 2
40 27 24
56 157 146
107 188 224
93 85 13
54 146 98
175 0 80
200 167 127
159 12 179
106 4 116
73 49 231
48 86 15
166 71 179
210 117 67
103 106 252
155 159 51
174 229 110
2 234 184
68 241 212
98 48 235
242 79 214
246 134 52
46 67 173
254 1 247
60 126 36
183 86 209
115 246 205
144 141 254
62 189 81
191 235 104
27 91 86
36 191 109
163 45 65
29 171 86
90 229 223
181 172 32
227 13 192
87 230 254
195 75 195
238 5 194
217 182 45
18 171 13
61 110 54
181 73 244
22 103 246
114 87 127
181 252 28
103 189 46
242 197 202
65 242 100
151 208 152
227 28 104
102 32 136
210 56 98
253 31 102
72 13 120
156 117 248
162 120 249
163 84 232
126 88 57
66 55 65
195 32 136
161 182 1
117 216 111
161 205 20
248 20 19
215 206 165
47 46 109
112 217 171
159 193 193
39 137 43
126 57 114
104 61 116
82 244 38
100 31 104
141 71 215
151 221 140
76 106 69
13 178 123
32 11 233
116 37 237
139 38 83
184 181 105
153 78 150
182 73 102
185 133 59
79 18 103
193 100 202
227 78 78
202 18 229
252 9 250
67 99 150
170 203 246
101 25 54
229 217 191
247 21 21
241 111 226
3 253 213
151 32 10
227 169 14
172 65 183
215 74 178
66 2 48
1 44 88
115 169 242
115 136 71
168 11 163
192 185 0
209 50 92
39 212 156
214 213 194
76 114 44
92 12 64
40 47 11
144 104 109
141 44 189
136 82 89
116 148 200
140 99 90
240 237 182
59 16 141
119 203 29
102 222 41
231 22 94
32 2 91
108 255 120
77 13 56
48 95 39
187 28 19
131 16 38
128 165 55
216 133 76
63 206 203
199 168 220
124 254 122
254 197 60
33 3 12
189 15 249
241 251 16
87 6 185
108 237 79
204 190 140
120 172 151
116 217 190
210 130 42
95 181 22
6 176 205
198 33 36
134 196 72
202 140 15
29 91 229
92 144 3
203 195 29
240 74 42
200 155 158
114 216 217
74 99 85
160 248 88
67 154 20
170 157 108
39 221 16
195 243 141
124 35 83
22 43 111
209 6 207
55 5 68
62 196 176
253 236 229
156 82 44
120 49 194
38 183 215
89 151 72
16 150 76
2 81 29
92 128 163
33 40 104
254 143 20
121 96 251
2 86 176
75 147 20
86 38 28
133 151 26
106 66 177
143 54 122
186 112 103
126 57 147
10 8 129
236 17 78
209 118 207
203 45 221
47 200 250
236 183 173
92 185 65
9 80 146
115 98 136
166 3 190
10 115 172
238 135 243
239 157 124
134 138 28
10 158 185
235 150 44
48 7 32
206 211 246
100 181 59
147 179 88
233 153 142
218 72 242
7 60 101
189 216 66
109 33 64
38 234 213
161 0 189
107 219 240
218 95 102
17 198 227
50 29 210
104 62 224
20 236 250
94 42 7
94 195 174
179 198 15
120 222 148
126 151 177
132 184 12
158 205 189
76 44 253
142 116 130
146 156 74
181 87 242
248 209 133
33 135 169
149 239 28
95 230 190
245 178 19
190 35 10
18 210 5
69 13 67
136 63 0
39 32 35
23 143 133
117 197 116
46 219 164
95 142 174
16 218 17
68 129 153
213 251 172
104 41 6
89 212 198
247 3 153
208 16 49
207 138 73
151 211 220
33 235 246
135 37 137
232 34 65
198 226 220
202 20 151
240 71 218
216 230 3
16 9 144
83 158 72
192 167 114
87 202 83
99 77 189
27 201 1
96 128 216
49 238 205
193 118 145
224 135 232
160 185 161
145 153 196
85 146 221
231 207 23
46 74 4
252 233 232
73 60 2
218 178 30
196 94 43
30 70 170
88 156 172
115 46 70
35 60 78
71 154 95
37 44 65
220 196 154
194 229 128
178 66 37
73 64 22
212 203 166
69 124 70
139 194 136
46 67 102
145 130 253
175 104 237
174 59 227
158 193 2
104 231 123
87 59 151
48 156 135
24 40 200
46 73 78
154 80 25
158 154 157
232 76 212
91 158 181
84 54 135
7 96 203
245 175 120
243 148 133
14 207 139
185 5 152
88 125 236
36 104 112
247 55 121
206 193 143
176 88 196
174 121 4
148 101 34
101 222 37
55 216 36
5 155 116
54 146 107
175 111 90
147 208 181
55 44 25
46 92 156
176 195 33
108 81 85
142 231 182
194 169 120
193 150 128
193 111 145
245 123 125
221 76 16
216 12 118
250 198 211
26 217 213
136 105 87
134 93 159
188 185 90
88 80 216
28 152 116
195 79 152
127 127 237
81 89 158
52 202 218
108 104 34
224 222 77
92 50 59
99 238 24
136 223 8
182 180 110
165 45 136
169 82 112
77 86 193
230 58 100
13 196 164
165 203 40
228 73 212
246 7 30
213 115 57
137 147 163
238 67 255
98 214 213
254 69 126
210 244 46
198 214 22
177 6 65
108 42 255
179 169 154
131 72 171
70 228 144
208 14 30
85 254 142
196 12 113
246 171 23
67 170 88
192 189 153
41 246 96
93 70 197
177 23 71
151 200 8
163 45 151
240 219 91
251 39 106
134 132 124
107 222 5
209 8 92
218 114 167
122 252 58
210 181 198
100 234 196
132 50 140
149 192 64
190 12 77
165 226 123
16 206 87
224 145 27
240 224 69
55 22 135
153 56 187
189 190 122
5 135 56
59 183 3
36 246 95
34 76 129
66 35 236
229 7 211
65 1 38
134 215 221
14 211 144
207 25 19
115 80 48
153 58 155
62 174 154
11 86 83
80 50 163
182 240 185
19 112 109
250 194 132
103 94 40
24 56 120
3 241 188
222 3 176
228 203 55
206 250 118
58 88 177
48 28 107
244 64 18
111 107 127
222 19 205
178 252 12
233 170 146
141 114 29
21 133 141
67 187 155
28 48 163
234 200 244
198 124 208
116 157 136
149 7 144
107 225 208
34 104 251
222 221 32
107 5 254
208 141 122
225 76 216
48 43 191
236 246 185
32 93 77
76 115 66
10 241 197
124 176 49
228 198 139
254 226 129
140 88 73
61 232 194
27 7 111
104 144 117
173 13 142
114 194 182
232 202 1
24 87 116
75 194 57
163 42 10
11 139 173
185 167 243
6 118 62
127 228 243
21 187 145
217 0 231
203 116 159
133 100 30
90 163 152
109 29 232
50 28 211
97 93 186
164 9 75
20 239 26
135 100 6
22 27 54
172 148 97
30 79 203
170 27 6
224 144 201
73 239 27
74 114 219
150 243 247
214 47 182
100 175 81
82 27 223
194 60 204
81 123 75
178 245 75
39 146 3
42 112 117
15 94 173
32 210 80
251 88 178
43 114 215
22 58 86
12 108 254
2 150 247
18 148 127
89 192 89
56 228 95
247 88 161
114 93 21
28 130 107
126 245 183
96 126 40
57 7 145
23 73 161
67 93 29
145 109 81
128 202 47
92 38 249
172 251 208
113 136 147
36 218 35
248 74 153
146 187 70
255 98 55
24 49 11
91 149 218
54 52 3
146 175 66
119 12 40
119 239 2
179 14 47
226 253 18
92 53 75
169 90 212
54 37 229
201 38 201
113 6 144
91 194 200
239 109 75
201 132 108
72 40 205
101 154 25
198 155 102
76 225 201
108 30 199
55 39 130
205 127 170
174 52 28
53 133 41
184 154 199
119 50 82
251 13 113
94 23 52
235 223 245
140 243 116
119 203 199
87 116 54
85 54 105
219 209 211
225 147 248
90 159 187
33 134 146
173 8 114
118 0 90
64 73 132
0 107 117
252 44 236
182 153 36
16 208 59
209 20 243
103 6 134
233 6 145
91 5 227
4 207 204
226 64 0
96 1 198
73 176 16
190 95 98
48 195 46
123 13 116
113 212 219
187 19 61
18 219 73
110 232 60
108 178 147
246 151 82
59 31 5
194 193 213
39 141 50
10 136 2
9 18 97
156 40 238
251 50 149
86 201 227
245 136 65
191 201 211
126 54 106
226 151 65
197 201 189
82 215 209
23 252 231
4 93 98
135 119 54
97 72 90
82 125 64
192 71 140
61 47 44
36 198 231
248 198 213
243 152 199
87 241 210
2 95 160
220 63 46
46 187 98
228 63 93
83 2 189
117 177 167
98 26 54
134 6 31
232 170 169
48 5 233
64 177 172
41 64 86
75 86 235
130 204 31
93 97 127
115 86 196
198 191 197
192 130 228
24 4 64
250 69 254
36 199 152
173 145 253
59 68 158
55 135 132
56 178 13
215 23 203
98 43 98
60 174 148
33 22 244
161 102 126
31 121 59
39 208 190
74 147 233
30 79 9
217 185 62
85 166 54
51 66 187
163 30 216
119 16 42
86 113 235
242 238 141
26 99 67
192 219 111
163 163 91
119 4 185
23 117 192
127 246 236
16 57 35
145 74 119
172 183 218
106 220 123
2 232 88
179 81 64
252 151 229
191 115 45
96 255 152
118 171 243
144 90 109
178 164 84
74 6 223
222 220 180
107 154 114
137 172 69
139 41 26
91 16 151
223 138 85
131 52 217
206 87 123
149 145 0
29 255 143
124 33 183
146 40 145
231 246 199
141 47 39
82 44 83
222 130 22
166 26 30
226 54 224
4 48 180
180 250 134
42 211 50
235 91 53
159 69 249
69 250 116
137 94 147
42 23 5
216 145 153
233 166 155
36 155 83
38 209 13
120 216 108
204 127 181
226 253 240
128 105 25
122 215 109
104 196 13
62 63 241
199 122 249
245 85 59
182 155 214
1 214 82
10 94 52
187 245 100
34 243 57
207 41 160
49 241 125
189 205 97
66 38 48
98 129 226
11 21 233
52 183 95
69 96 21
152 193 62
38 248 220
128 105 194
44 194 248
46 213 86
97 23 199
205 69 105
187 70 179
72 235 118
66 1 148
123 240 177
44 96 189
183 99 111
7 219 220
58 164 59
168 104 193
249 135 64
125 166 221
247 69 109
118 186 238
0 249 122
148 66 45
121 52 185
239 153 11
178 239 95
174 49 46
202 230 159
56 214 81
50 33 207
185 28 64
86 51 115
174 52 248
227 125 226
3 21 184
212 110 222
31 137 141
40 159 84
199 161 147
232 56 37
189 165 9
236 2 164
138 115 233
132 20 44
210 242 161
229 246 250
40 248 34
17 185 56
51 222 93
150 80 204
171 151 234
81 42 118
117 251 106
24 227 63
225 180 229
1 134 62
225 226 47
152 177 77
171 120 33
65 159 23
39 220 33
159 224 171
22 82 79
179 76 122
212 62 86
20 110 103
43 59 176
101 125 85
132 151 219
1 163 83
134 188 208
110 19 86
215 139 196
23 73 37
167 176 244
90 108 227
37 125 7
242 157 89
10 201 84
70 192 234
240 238 9
28 3 220
248 211 7
202 45 94
27 167 244
211 123 106
26 186 193
153 147 124
222 152 205
138 215 178
210 76 63
233 32 208
120 126 72
47 168 63
73 191 125
147 170 250
161 70 89
49 252 21
70 240 173
249 191 48
198 52 138
63 201 28
196 112 230
170 124 130
242 194 14
209 39 64
65 63 158
198 32 224
141 72 153
104 64 84
215 84 217
34 95 219
199 96 236
147 7 186
11 228 29
43 119 45
209 6 50
184 170 195
103 94 44
138 3 249
209 129 13
142 200 214
201 55 111
139 145 210
146 4 110
108 97 82
121 107 51
61 244 125
253 19 39
68 144 51
252 190 150
89 90 118
74 167 66
108 250 119
170 197 62
226 28 51
246 16 14
34 5 62
0 168 207
144 88 41
115 156 253
205 200 178
181 163 25
237 63 146
161 251 48
4 197 171
142 80 19
59 46 235
255 95 205
79 87 17
241 167 139
28 125 63
159 102 23
174 236 0
58 192 154
239 26 38
221 184 59
221 242 173
208 94 216
250 212 138
207 110 234
84 146 11
245 44 83
76 119 47
123 56 170
16 30 43
96 196 64
95 155 240
202 61 236
19 74 102
140 115 110
128 60 200
62 193 220
171 28 60
205 189 125
238 8 151
101 136 251
117 164 250
39 161 210
196 123 161
11 251 110
32 107 29
222 157 72
150 171 213
50 14 18
241 172 121
203 112 167
220 227 210
194 224 87
10 68 24
116 161 213
18 241 170
255 31 200
105 105 226
217 194 205
155 62 99
190 49 108
177 28 1
14 115 82
105 161 65
86 19 208
170 94 1
141 40 99
93 243 197
87 254 223
137 37 186
72 170 108
110 98 115
252 206 119
240 12 237
128 95 65
139 134 86
96 34 187
179 205 175
87 72 203
65 52 67
114 67 40
95 111 137
38 205 126
27 19 224
169 197 105
123 62 90
142 59 145
204 242 99
118 237 235
139 125 3
80 8 235
14 215 26
125 216 47
216 220 193
220 220 223
71 214 174
131 88 225
241 170 87
171 80 150
240 167 38
37 156 172
240 202 243
76 115 79
181 245 172
77 150 202
124 102 205
63 16 73
91 119 18
99 28 93
145 102 143
132 177 123
101 191 18
70 203 128
1 157 119
241 97 8
116 212 87
248 174 27
184 200 61
70 52 116
113 129 63
28 162 121
195 55 180
2 135 150
108 106 93
31 118 154
14 71 50
242 6 76
66 226 192
56 212 73
239 150 176
142 113 241
1 127 245
16 227 236
102 244 176
2 30 142
10 105 204
64 168 29
33 26 226
13 61 209
250 117 221
126 48 252
65 29 132
141 222 192
73 245 200
150 110 65
222 159 140
213 179 45
175 77 63
26 228 20
74 203 135
197 148 231
73 68 197
215 3 155
23 254 62
150 197 181
126 31 51
13 83 87
218 68 29
120 249 3
162 109 253
93 81 46
173 136 83
221 21 89
87 162 56
129 26 71
117 138 185
146 181 143
182 102 90
190 204 152
231 143 115
146 111 193
49 170 191
25 167 64
75 218 87
154 217 3
54 127 239
75 245 149
253 221 15
123 75 211
147 165 161
116 175 251
184 46 0
49 99 82
155 228 125
146 219 122
145 58 233
182 76 49
12 29 163
175 182 12
196 187 74
150 190 108
174 31 239
220 149 186
49 234 137
66 196 184
187 58 249
224 139 101
164 116 213
37 63 188
1 148 222
175 201 100
215 45 201
119 45 2
200 61 193
155 200 209
55 134 207
211 169 171
116 3 14
76 40 162
104 190 74
137 177 229
233 6 131
112 86 121
138 218 113
179 170 28
177 10 239
50 240 60
56 84 252
9 163 241
222 142 183
107 232 99
84 150 128
116 91 238
175 160 29
154 105 19
133 36 154
100 4 246
245 109 63
148 123 238
123 155 205
225 196 125
51 155 225
249 104 167
247 93 43
98 255 123
134 86 233
109 221 87
141 8 182
95 86 33
74 42 173
130 207 145
39 170 131
168 109 72
120 150 239
118 35 55
72 182 162
115 111 173
208 92 163
161 11 10
21 180 192
54 82 222
187 153 119
172 48 2
19 186 136
58 218 241
237 152 15
129 148 98
175 157 205
234 94 249
204 101 19
5 53 138
130 230 105
239 77 57
147 34 233
135 113 138
81 134 227
252 110 21
53 28 65
245 44 122
214 73 210
104 233 204
1 157 85
212 177 139
64 10 3
128 8 230
9 126 236
237 91 219
122 170 91
153 188 110
67 131 34
199 243 12
46 193 125
231 226 223
108 101 233
215 216 147
135 17 42
15 66 222
175 174 78
120 223 208
185 190 107
126 91 172
9 72 123
156 255 224
66 62 113
118 224 88
106 211 128
62 171 53
236 17 55
237 0 183
154 185 208
158 253 226
153 48 235
21 104 20
225 2 140
43 151 182
189 69 17
185 9 167
100 231 130
61 73 14
169 159 99
77 153 198
80 39 243
139 113 106
141 227 122
194 217 220
185 28 23
86 38 188
58 130 46
29 155 28
63 140 96
104 18 131
171 238 188
198 130 245
116 63 129
192 34 154
65 138 172
160 135 67
255 84 45
9 223 208
208 101 111
221 63 74
128 83 158
206 154 54
94 165 203
141 221 98
49 2 220
110 73 59
164 196 246
251 248 114
81 247 185
207 51 121
92 125 131
182 12 29
64 240 158
213 77 76
57 131 0
113 193 190
105 228 8
145 98 38
179 246 91
138 238 20
226 216 207
56 245 164
139 149 8
107 91 188
212 114 44
217 230 95
9 179 227
148 73 97
155 79 120
205 213 131
6 234 213
115 178 181
173 20 180
237 73 32
173 145 56
250 79 30
58 69 204
133 143 66
255 238 250
237 93 47
151 215 154
11 98 194
27 43 131
254 30 220
91 134 171
142 79 217
58 8 87
154 33 108
69 231 196
239 214 121
123 84 122
128 65 45
227 60 34
209 79 91
99 28 150
22 110 233
243 10 132
80 146 214
33 160 221
122 46 27
134 106 233
116 84 117
148 9 175
89 225 224
234 34 24
99 82 71
14 220 250
130 198 175
68 115 228
89 48 243
214 44 100
57 192 199
255 175 43
87 30 146
110 145 42
76 216 107
232 145 162
157 62 59
152 219 198
230 129 207
20 75 83
216 200 93
24 133 82
37 158 208
136 94 225
26 233 208
57 234 175
109 68 101
150 45 145
141 111 169
17 58 99
121 62 216
8 79 8
230 37 208
132 42 69
54 84 180
254 166 212
154 255 82
10 109 219
79 74 125
151 51 172
209 244 118
47 229 126
134 170 33
81 167 118
30 174 145
221 152 65
199 65 49
48 185 12
235 227 153
91 99 150
253 105 206
160 57 189
181 128 122
20 112 172
163 12 100
26 231 149
252 139 43
23 104 154
25 99 24
136 4 92
247 196 127
98 104 61
187 129 1
104 164 94
10 16 187
221 179 225
177 147 25
178 201 239
247 150 235
39 44 161
135 228 241
122 47 172
214 165 243
19 129 141
123 161 38
84 231 130
197 91 103
240 39 144
153 97 150
122 166 112
95 6 26
140 8 15
135 98 82
175 218 11
237 72 120
245 254 80
32 147 81
224 128 196
94 252 148
4 253 160
194 85 233
143 183 235
246 219 255
154 18 51
102 0 253
239 18 114
200 221 93
167 15 201
116 39 246
206 177 113
228 95 184
239 2 21
83 154 114
54 14 109
79 9 146
139 105 220
194 47 189
209 151 87
182 109 188
48 38 223
232 64 3
16 255 86
226 110 232
49 51 120
44 243 66
10 84 68
233 102 255
69 22 6
197 59 0
36 207 248
40 5 51
9 18 9
16 161 192
116 109 72
243 250 210
67 33 12
164 194 53
229 65 204
9 83 224
235 163 70
38 151 51
26 135 99
200 164 98
233 214 254
219 118 104
19 120 118
37 233 123
158 4 177
1 219 207
144 223 254
89 43 56
36 126 245
222 231 223
56 110 70
91 228 42
84 76 26
148 164 134
120 208 112
16 35 183
139 160 149
186 13 216
44 125 184
67 110 47
44 14 29
171 207 134
255 80 122
85 106 161
228 124 145
155 207 16
145 218 244
180 59 106
175 218 159
110 107 184
93 115 203
12 171 146
157 145 37
71 127 60
88 20 79
63 12 213
84 187 85
226 46 67
88 231 126
21 222 130
84 23 154
161 92 147
58 154 200
178 48 7
252 186 61
103 253 7
194 118 151
202 198 72
80 133 198
39 15 66
64 50 140
150 254 178
119 89 35
59 104 34
247 135 137
133 114 18
5 12 138
117 47 246
60 131 115
178 92 37
253 25 29
245 43 111
96 157 179
24 189 238
148 26 82
191 190 86
78 140 128
134 60 202
181 245 16
11 174 1
243 214 222
82 206 68
72 216 152
91 169 134
96 42 101
208 25 168
50 229 41
77 134 172
176 110 193
128 152 89
26 172 97
53 75 165
170 150 252
10 126 227
241 92 100
104 242 125
37 58 126
234 91 206
46 184 190
88 235 80
46 229 207
234 128 55
220 202 8
100 95 61
235 45 34
82 33 31
84 89 76
107 57 29
60 134 146
225 63 129
202 27 41
38 229 242
38 214 40
121 66 37
137 169 181
50 213 32
240 200 163
156 104 54
252 54 37
238 199 94
9 224 247
154 225 148
115 254 45
9 200 106
176 81 145
134 182 233
162 126 40
218 247 126
80 144 95
236 109 125
232 105 246
109 9 133
174 168 146
68 109 201
84 85 168
97 144 12
197 75 32
36 33 205
103 55 221
115 250 249
108 172 11
56 221 33
153 148 233
217 90 254
188 14 99
241 131 204
157 115 186
79 232 202
51 26 12
255 229 215
100 20 122
242 73 4
150 243 63
127 233 159
226 98 243
206 143 248
154 11 209
243 109 238
146 40 182
56 254 14
66 179 54
244 239 199
186 6 250
220 147 254
6 115 67
169 235 4
109 32 68
149 68 196
183 31 181
246 2 160
84 155 203
255 8 83
36 164 117
116 223 212
44 200 152
205 149 11
123 165 152
35 217 227
14 29 111
218 235 236
112 201 39
224 88 180
113 231 112
0 147 135
31 209 163
151 247 36
239 193 123
171 166 183
178 108 70
56 108 24
201 193 87
44 143 20
193 201 10
106 42 84
43 119 145
205 144 34
123 240 106
1 195 14
48 150 37
168 5 75
137 208 234
47 15 64
163 110 222
55 107 146
173 23 87
124 13 192
138 32 125
170 30 4
44 197 205
118 140 16
99 144 155
251 228 237
240 126 125
40 136 245
43 25 78
194 45 206
108 161 42
75 84 201
34 2 141
200 23 16
62 28 119
61 123 144
80 178 83
93 50 120
149 252 227
181 102 204
198 165 132
104 8 89
88 198 143
50 189 16
163 29 147
66 90 140
2 136 198
55 142 85
221 151 223
67 43 31
78 174 57
57 47 14
187 4 225
24 125 206
150 148 12
83 227 253
36 179 7
218 221 53
251 223 148
190 62 194
154 15 93
223 159 193
68 139 221
2 71 56
4 13 240
77 232 107
134 194 237
235 98 127
46 98 241
114 112 35
136 114 201
61 235 215
16 119 155
213 3 12
227 157 59
39 161 50
208 29 213
11 204 108
235 110 80
119 200 135
136 255 150
75 80 97
80 15 163
146 12 231
200 218 12
191 59 83
131 59 92
33 39 80
218 111 122
159 221 45
217 149 246
138 65 67
199 51 228
254 113 73
112 182 194
37 26 23
27 203 108
97 35 47
212 8 46
42 232 11
107 58 122
21 207 252
96 85 197
107 0 29
146 214 158
60 138 163
101 28 245
197 54 156
190 254 52
171 225 214
12 169 146
87 5 126
46 141 203
118 227 193
251 227 30
111 109 113
183 13 69
71 223 123
185 227 197
72 159 178
11 171 190
114 236 60
209 72 41
117 90 160
184 236 45
200 44 78
184 76 227
27 19 15
241 35 203
46 207 196
110 149 196
224 214 93
15 161 54
236 217 236
230 203 222
166 238 69
213 169 84
197 164 133
37 237 69
247 69 118
118 41 248
202 35 175
44 99 148
62 140 225
86 42 69
238 234 166
150 210 48
185 26 213
146 2 213
88 241 45
0 178 79
49 149 203
65 79 153
123 18 202
44 160 183
103 81 1
119 163 126
230 87 183
227 115 71
76 122 200
13 254 211
219 245 147
157 16 53
248 243 157
34 255 108
160 21 218
225 253 27
87 252 249
96 217 134
152 89 26
109 182 179
162 150 232
254 6 104
16 25 225
20 194 92
148 166 90
136 189 205
217 111 120
106 132 99
88 219 59
96 36 4
154 249 81
33 209 3
67 79 68
3 68 211
225 88 64
49 69 40
70 238 142
11 191 31
254 122 108
186 85 246
33 153 235
248 67 77
143 155 3
168 34 11
87 9 243
173 189 101
218 12 175
26 19 134
229 116 224
187 77 251
221 177 203
130 33 199
176 241 25
96 252 205
37 75 84
140 239 244
193 155 144
76 46 43
97 122 160
191 161 62
51 119 203
41 216 26
181 127 208
228 104 231
231 21 195
217 113 54
206 196 6
41 223 2
253 248 111
124 169 90
185 29 86
4 24 248
1 182 30
56 219 1
115 203 124
216 116 206
231 222 135
183 66 105
64 68 82
89 53 39
184 156 161
110 237 124
187 180 255
175 212 9
9 29 51
162 115 111
177 65 239
92 19 99
46 178 42
43 102 38
172 17 133
221 209 74
50 182 173
246 136 94
80 12 145
17 159 5
132 48 241
75 191 136
105 96 131
92 22 206
113 56 203
211 200 117
191 200 92
139 229 85
85 25 10
87 173 182
176 140 103
117 172 4
144 58 129
72 247 192
123 71 171
102 139 4
57 188 230
1 162 209
92 106 30
58 121 2
148 227 93
206 212 149
91 131 154
75 84 177
67 52 210
172 77 136
227 61 144
11 187 13
62 98 9
205 156 25
21 38 125
112 158 100
131 232 118
226 21 146
217 51 31
18 146 21
140 118 204
22 133 185
185 4 102
21 228 22
133 12 87
219 162 53
108 230 44
199 115 54
57 231 9
104 67 177
51 156 163
8 61 39
207 30 85
253 84 194
230 220 145
108 182 57
57 10 190
235 134 136
205 154 62
34 219 230
103 105 46
87 201 22
47 7 40
146 9 17
62 65 7
184 122 146
170 87 123
200 141 13
75 133 249
36 92 27
72 69 67
146 250 94
54 121 153
79 71 109
77 87 93
107 62 65
247 213 172
78 161 69
208 225 50
21 114 237
202 171 71
31 143 133
16 203 34
8 115 151
227 8 152
233 234 22
131 17 192
141 52 54
225 91 128
2 242 144
173 13 194
168 208 10
2 153 231
180 196 155
182 118 182
185 98 221
27 28 206
190 141 18
185 38 116
225 148 6
69 78 36
155 123 236
220 159 86
37 248 49
86 10 89
133 118 218
36 75 41
84 25 224
21 189 179
55 146 176
4 134 225
168 79 176
44 78 99
117 66 131
186 92 15
45 85 92
220 194 85
77 76 150
89 17 18
228 155 129
115 158 201
25 127 245
165 100 15
167 91 38
125 11 166
75 38 221
161 146 161
202 109 249
188 186 136
231 58 225
232 28 79
133 219 89
215 141 158
206 90 205
191 72 193
19 51 23
212 241 54
192 123 72
230 103 177
153 158 251
71 11 19
31 94 60
49 219 162
200 179 7
71 154 132
115 196 245
217 215 82
65 11 126
35 150 53
177 99 10
146 228 239
186 147 163
216 155 195
58 150 254
91 39 12
228 164 64
63 7 17
164 214 165
24 99 81
11 212 237
9 229 92
59 236 71
225 191 244
122 137 12
108 135 15
69 226 133
23 71 235
163 82 150
153 245 86
8 189 255
58 52 221
2 245 152
244 8 116
140 236 177
125 234 220
188 70 122
1 85 212
32 126 33
21 197 212
10 188 5
31 202 224
157 22 57
84 146 192
87 196 34
247 25 148
108 158 244
120 222 161
42 211 98
177 215 209
72 189 186
67 242 47
196 61 65
235 99 113
195 8 139
74 153 76
137 200 41
106 135 30
137 250 222
13 166 60
31 255 56
141 223 226
102 165 70
202 56 150
86 69 192
132 252 125
8 37 217
17 186 248
205 176 146
68 71 121
132 215 79
22 172 124
80 146 250
57 167 254
154 77 236
200 36 236
3 214 136
184 225 101
183 255 30
165 18 183
63 16 147
58 193 142
190 194 229
74 69 162
63 82 126
74 252 241
133 248 246
204 49 63
121 191 183
57 211 117
32 139 158
201 108 29
204 224 132
150 119 3
225 154 102
61 253 195
94 184 124
96 47 216
26 240 122
20 84 93
67 153 214
248 58 157
167 56 201
131 22 50
220 180 100
216 116 55
46 241 235
22 161 220
5 113 92
4 186 95
35 34 198
136 74 54
236 131 220
67 14 240
142 205 238
85 102 19
194 185 43
13 121 2
139 36 208
15 15 179
19 149 191
66 180 186
148 124 141
115 162 246
245 158 2
159 132 223
128 5 166
59 10 77
226 117 211
239 232 43
74 54 92
176 190 115
101 169 206
4 244 102
146 8 213
6 138 223
119 73 74
100 122 51
227 234 253
102 17 247
165 61 38
195 110 168
185 110 49
202 13 5
249 84 67
51 6 159
64 199 157
140 92 233
149 28 208
28 162 206
220 243 96
188 187 147
31 116 71
236 113 151
108 182 116
52 78 45
224 226 58
141 207 159
78 77 80
107 231 27
170 164 205
154 112 32
32 222 73
12 2 163
124 135 2
81 62 254
75 176 187
69 145 107
230 122 183
70 1 154
64 31 235
224 124 166
45 226 110
219 195 105
128 76 170
19 230 12
45 170 210
114 240 67
92 151 185
23 47 141
2 33 245
96 63 123
128 205 239
121 189 196
101 130 89
159 83 178
48 32 27
49 122 45
214 82 180
74 32 107
80 218 170
119 28 21
125 108 114
200 15 93
37 208 7
80 38 84
208 221 250
198 223 139
220 151 197
234 177 189
244 112 176
229 81 20
206 120 125
172 234 80
227 7 189
55 129 202
127 35 119
11 90 52
82 175 144
105 21 132
107 38 11
29 232 102
79 113 34
192 23 50
128 27 197
239 158 48
172 233 252
196 162 181
105 163 74
149 45 91
30 151 249
190 63 107
143 21 252
5 49 36
36 247 203
226 12 140
223 245 95
164 52 239
168 82 62
75 160 54
76 38 57
155 116 189
103 81 62
170 177 73
19 222 123
242 100 93
16 86 154
188 114 243
192 92 225
90 242 100
45 138 133
128 188 10
244 91 91
200 141 221
197 180 223
36 243 28
226 68 41
198 229 191
189 207 56
195 166 70
157 38 200
135 111 34
1 89 144
208 243 199
20 101 144
191 175 48
103 108 223
79 176 83
216 52 24
47 52 220
77 141 87
201 73 39
163 196 95
2 97 84
7 70 106
252 106 225
153 56 172
218 240 54
251 117 141
85 92 12
75 94 48
168 55 132
137 98 185
29 47 124
126 30 112
62 40 89
171 146 181
117 155 95
176 177 100
165 26 88
95 93 21
3 166 14
86 145 94
47 72 231
199 64 1
104 5 167
230 51 172
75 28 31
13 242 181
120 66 91
151 118 251
27 44 129
7 56 204
39 162 135
234 217 129
197 0 105
158 120 59
68 195 131
230 111 217
140 152 66
238 14 30
231 7 61
38 146 171
157 176 126
44 96 52
171 180 132
148 88 19
169 192 66
74 179 43
155 215 36
241 201 190
54 197 227
92 187 156
236 235 181
27 205 212
181 193 20
184 244 212
111 60 51
13 230 152
82 2 220
223 178 87
196 12 76
164 162 208
142 37 72
30 249 37
78 114 124
39 206 229
142 217 228
242 13 185
233 6 217
132 106 201
47 99 234
47 199 213
92 61 173
91 95 155
225 229 55
223 173 255
143 147 200
187 241 12
47 93 1
234 191 201
125 110 147
173 245 127
32 110 73
122 17 212
231 189 227
116 193 241
65 225 17
27 29 145
204 98 146
145 231 158
125 233 76
164 213 205
155 84 206
136 161 95
178 40 153
217 122 234
37 130 47
100 10 212
3 117 174
204 46 236
83 121 137
251 17 69
237 90 149
6 74 58
156 196 134
240 45 72
27 94 153
105 111 33
51 22 242
124 208 34
250 7 253
211 94 23
3 40 212
236 155 238
11 158 113
129 135 196
91 99 64
233 86 126
250 176 69
57 99 193
104 61 238
122 157 4
114 87 90
38 129 29
102 99 137
201 90 111
173 60 219
129 97 163
148 154 200
168 246 149
205 90 175
243 3 221
235 100 61
209 77 21
237 131 172
189 61 214
142 101 239
239 101 250
245 164 139
147 207 162
255 131 168
96 221 30
48 199 159
76 56 158
22 207 15
183 38 84
158 219 68
59 69 118
177 38 116
3 115 67
10 54 24
90 110 235
42 149 110
209 113 19
218 213 235
43 223 81
140 128 37
241 182 201
168 105 118
93 87 217
132 129 110
251 249 114
148 18 206
49 180 146
24 17 155
144 6 1
86 232 150
154 73 48
26 231 15
96 110 248
21 61 246
37 246 138
90 35 148
238 1 200
250 164 78
158 244 228
157 41 108
21 252 248
131 175 169
110 115 242
80 78 39
72 1 8
151 123 243
197 229 151
251 52 57
157 202 18
93 236 233
124 23 111
118 244 74
135 156 53
203 183 211
182 4 18
221 0 75
101 124 176
0 36 243
75 105 21
67 198 77
190 34 208
82 144 187
229 22 208
41 19 16
73 177 139
37 179 193
231 10 225
172 61 92
174 35 231
128 166 115
16 60 115
129 255 18
14 133 35
96 161 137
227 57 62
160 34 1
66 231 148
203 135 61
195 114 77
194 224 121
230 16 74
163 35 60
224 81 129
139 7 160
19 244 122
63 47 90
212 17 216
134 223 134
239 230 154
185 24 7
12 73 109
212 203 249
229 140 75
7 131 132
232 77 62
162 177 24
179 149 250
203 141 213
160 52 176
94 26 170
40 44 69
235 213 117
236 183 210
169 24 43
170 42 29
223 58 203
97 191 100
10 235 170
120 13 175
204 99 95
156 187 149
103 97 84
180 172 3
84 2 203
32 181 142
51 0 207
30 167 97
42 216 113
255 36 178
103 229 71
159 159 118
103 119 241
58 126 162
49 106 72
140 41 58
158 201 89
233 148 3
110 137 81
167 130 142
177 83 25
25 156 254
215 2 36
229 3 167
97 57 188
120 12 138
253 62 222
241 82 46
166 0 87
177 45 106
246 241 201
115 92 35
195 22 192
151 106 248
211 129 244
15 5 133
24 17 126
4 107 159
215 41 126
46 156 177
181 185 131
126 230 41
105 219 181
127 16 141
178 199 154
158 47 189
196 233 226
60 228 100
64 106 161
48 148 165
116 98 225
44 225 143
125 142 118
26 106 211
128 61 115
107 144 216
11 218 177
252 229 33
102 55 82
235 102 157
95 125 22
155 170 90
202 123 8
185 188 182
217 168 200
253 37 252
237 6 127
255 132 23
150 217 62
83 155 186
223 199 87
205 188 52
8 220 245
154 255 195
115 137 250
150 160 39
66 146 233
0 132 196
245 145 112
123 162 146
19 111 196
7 245 174
156 5 242
74 26 69
216 196 211
106 198 55
192 18 63
68 188 158
17 193 188
194 232 32
203 203 177
161 205 179
176 56 240
230 96 60
241 210 14
212 20 49
52 33 224
22 150 43
158 185 30
141 144 2
120 224 242
214 109 233
178 37 0
130 238 176
75 73 49
155 22 10
109 182 60
237 184 139
190 95 199
39 164 193
43 169 152
211 77 140
64 223 42
180 94 165
207 58 170
9 148 247
107 127 24
210 215 50
0 202 48
0 0 0
