5 8 1 7 9 3 10 6 4 2 
7 6 2 12 8 11 4 5 10 1 9 3 
3 8 4 6 9 10 5 1 7 2 
18 8 3 4 5 11 20 9 13 16 14 6 10 17 2 12 7 15 1 19 
1 
2 4 1 5 3 
15 1 10 24 22 2 23 21 25 6 19 17 28 26 11 20 27 4 5 16 3 13 9 8 14 12 18 7 
7 4 8 1 5 2 3 6 
7 3 9 5 8 2 6 4 1 10 
15 1 23 13 8 10 3 11 20 12 7 4 18 16 2 21 22 9 19 6 5 14 17 
14 21 8 25 17 6 9 4 12 11 15 19 13 24 23 18 22 16 20 7 3 1 2 5 10 
2 12 16 14 18 9 15 1 17 13 10 8 3 11 4 7 6 5 
20 16 24 7 13 22 17 8 18 11 4 14 21 2 12 27 26 3 9 5 19 10 6 1 25 15 23 
4 5 1 7 2 3 6 
13 7 11 18 12 9 10 15 17 8 2 14 6 4 3 16 1 5 
2 1 
1 4 5 6 2 3 
3 1 2 4 
8 13 6 9 15 5 3 10 4 14 1 7 12 16 18 17 11 2 
14 15 2 3 9 12 8 4 5 10 7 6 16 1 17 13 11 
14 17 2 5 1 19 3 13 16 15 8 18 12 7 9 10 20 4 11 6 
14 12 6 3 8 10 9 4 1 5 11 13 7 15 16 2 
4 8 3 1 7 6 2 9 5 
13 5 3 2 12 8 7 10 1 9 6 11 4 
14 26 16 23 4 29 8 7 27 22 11 9 1 25 28 6 17 5 20 21 2 12 13 19 10 15 3 18 24 
10 16 21 19 3 17 8 22 6 25 9 20 23 12 18 1 13 2 11 24 7 4 15 5 14 
11 6 4 7 9 2 8 3 5 1 10 
12 2 17 16 4 11 10 7 1 5 15 9 18 14 25 8 6 22 21 23 24 19 20 13 3 
4 2 3 1 
1 
7 16 24 15 17 14 13 5 4 9 20 1 22 18 2 10 11 25 6 19 21 23 8 3 12 
3 4 9 5 8 7 10 6 2 11 1 
1 5 3 4 2 
1 4 6 2 8 5 10 7 3 13 11 9 12 
7 5 9 4 1 10 6 3 2 8 
1 2 3 
6 2 3 7 5 1 4 8 
12 11 8 6 18 16 4 7 9 13 17 20 22 1 5 14 24 19 10 2 23 3 15 25 21 
