18 16 5 8 13 14 17 9 4 10 12 15 3 2 6 11 7 1 
7 3 2 4 1 5 6 
9 5 10 12 8 2 1 11 3 6 7 4 
6 8 10 12 17 15 13 20 19 3 4 7 26 14 24 30 23 5 1 29 28 18 21 16 22 9 11 27 25 2 
8 2 4 1 14 3 17 10 15 5 12 9 11 13 6 7 16 
7 2 11 9 5 6 10 3 8 4 1 
20 21 6 1 19 5 14 3 7 13 12 8 18 15 26 11 24 23 4 17 16 9 22 10 25 2 
1 
1 16 8 13 24 11 10 26 7 30 3 12 25 17 21 14 9 6 23 19 28 22 29 2 15 5 20 18 4 27 
2 10 5 4 6 12 7 9 17 18 1 15 19 14 16 3 13 8 11 
4 1 5 2 7 3 6 
27 25 2 3 13 23 19 5 15 24 14 18 10 20 11 16 26 9 4 22 7 1 6 21 12 17 8 
3 2 4 5 1 
2 10 6 7 8 4 11 1 3 5 9 
10 14 11 16 3 12 17 9 4 5 8 15 18 2 7 6 1 13 
12 13 7 10 8 4 6 9 2 5 3 11 1 
2 1 
6 5 7 10 9 1 2 3 11 8 4 
5 13 7 15 11 4 16 19 1 10 18 3 17 6 12 8 9 14 2 20 
3 4 11 12 19 10 25 2 23 26 6 18 20 15 14 5 16 17 13 22 9 1 7 8 21 24 
15 6 1 16 7 3 8 10 12 14 11 9 5 2 13 4 
2 3 4 1 
9 7 6 3 16 13 4 2 1 17 10 8 14 12 5 15 11 
15 5 4 14 6 9 7 2 3 8 13 1 16 11 10 12 
29 21 3 7 26 8 17 10 12 13 20 1 2 22 4 9 15 14 16 6 5 28 27 19 18 25 23 24 11 
1 
14 16 15 23 22 4 17 11 10 5 19 1 8 21 3 20 12 6 7 18 13 9 2 
2 13 16 4 22 8 12 9 21 14 11 3 15 1 10 19 18 20 6 17 5 7 
2 1 13 6 4 7 11 10 8 9 5 12 3 
9 1 7 2 6 3 5 4 8 
5 7 11 1 2 4 6 12 9 8 10 3 
16 3 14 11 1 18 7 5 10 15 9 4 17 12 6 8 2 13 
