18 1 8 3 4 17 7 10 9 12 11 2 15 5 6 14 13 16 
6 3 7 5 2 1 4 
6 8 17 10 20 7 3 11 12 14 4 18 22 21 13 15 1 19 2 9 16 5 
2 1 
3 1 2 
12 5 15 4 6 9 7 11 1 10 2 8 3 13 14 
28 24 3 5 12 20 18 14 8 19 11 26 6 1 4 21 13 15 27 23 16 22 10 9 17 2 25 7 
2 4 3 5 1 7 6 
10 23 19 6 4 17 8 7 5 22 1 14 12 21 9 13 20 11 2 18 16 15 3 
7 10 9 3 5 11 6 13 1 16 12 19 2 4 17 15 18 8 14 
6 13 9 1 5 15 11 10 7 3 14 8 4 12 2 
8 5 13 4 3 7 11 6 1 2 10 9 14 12 
18 13 3 12 6 28 25 26 7 14 21 1 24 16 9 20 19 10 11 8 4 5 27 23 15 2 17 22 
5 17 6 24 13 25 15 4 26 16 12 7 9 22 14 3 21 10 23 8 18 2 19 20 11 1 
5 4 14 19 10 12 3 9 15 8 21 20 6 17 1 18 16 11 13 2 7 
1 
4 1 2 3 
22 23 20 3 2 17 12 8 25 21 7 18 16 11 4 19 6 10 5 27 24 15 1 13 26 9 14 
6 15 3 14 10 1 9 4 8 11 20 16 13 21 12 19 7 5 18 22 17 2 
5 10 4 2 3 8 6 1 7 9 
7 6 1 8 10 5 9 2 4 3 
4 18 10 1 14 9 13 3 7 5 15 12 16 2 17 8 11 6 
7 5 11 8 3 9 4 1 6 2 10 
7 1 12 5 2 3 13 10 9 4 8 6 11 
16 1 8 2 20 18 4 19 3 10 5 13 14 11 12 15 7 17 9 6 
19 12 11 6 24 13 14 7 15 8 22 1 5 20 23 2 10 9 21 4 3 16 18 17 
4 3 2 1 
5 12 14 7 15 6 8 1 13 11 10 3 4 2 9 
18 3 4 2 12 9 15 5 10 14 7 1 11 13 16 6 17 8 
10 4 19 7 14 6 11 1 15 13 3 2 16 8 5 17 9 18 12 
5 12 16 15 6 1 9 4 14 10 11 13 2 3 8 7 
4 7 1 6 11 12 10 8 9 3 14 13 2 5 
6 3 11 2 5 4 1 10 12 9 8 7 
3 11 9 1 10 7 8 5 6 4 12 2 
1 3 2 
1 2 
5 10 19 9 26 27 2 23 28 7 18 22 14 1 13 20 16 8 15 17 24 21 4 25 3 12 6 11 
21 8 6 18 15 11 19 5 13 14 2 7 3 20 9 1 17 10 12 16 4 
