6 5 7 8 4 1 2 3 
13 14 8 11 1 16 12 7 9 3 18 2 6 5 15 10 17 4 
10 18 3 25 23 1 19 8 14 17 7 22 12 9 11 5 16 24 15 4 2 13 21 20 6 
11 6 10 4 12 7 9 1 8 3 2 5 
3 1 2 
10 9 11 24 8 20 23 12 15 28 7 14 3 25 5 13 21 6 27 19 1 18 2 4 29 17 16 26 22 
6 8 2 3 9 4 1 5 7 
21 7 17 20 22 3 10 4 11 16 9 6 19 2 15 14 18 12 1 13 8 5 
2 10 8 13 6 7 11 1 4 12 5 3 9 
2 14 13 15 23 9 12 1 16 25 11 8 21 5 10 24 7 3 22 27 26 17 6 18 19 4 20 
1 2 
1 7 2 3 6 5 4 
3 9 26 17 14 2 12 6 25 18 24 19 15 16 20 23 11 10 13 7 5 1 4 21 22 8 
4 12 11 19 20 15 14 5 3 7 1 22 21 17 8 16 10 13 2 6 18 9 
4 6 1 5 8 2 7 3 
4 26 20 19 13 12 2 18 5 15 11 22 1 6 25 17 21 24 8 14 7 10 3 16 9 23 
10 4 3 11 22 1 2 7 15 9 21 8 6 20 5 16 13 19 12 18 17 14 
3 4 5 1 2 
5 1 4 3 6 2 7 
8 12 2 9 6 4 13 14 10 1 5 3 11 7 
2 6 3 5 1 4 
5 8 2 11 9 3 12 4 1 6 7 10 
4 1 5 3 2 
19 17 4 20 2 5 18 23 13 9 15 12 7 14 22 8 16 11 21 1 6 3 10 
23 26 19 6 21 22 3 7 9 5 14 16 4 13 25 17 11 18 8 10 12 15 2 1 24 20 
8 14 16 3 20 26 18 1 27 11 7 17 28 24 2 13 12 29 23 25 21 5 15 22 6 19 4 10 9 
11 4 1 12 2 6 17 13 5 15 19 7 14 18 10 8 16 9 3 
3 5 2 4 6 1 
2 4 12 9 3 7 5 10 11 1 6 8 
5 1 3 2 4 6 
11 21 10 29 3 5 27 16 15 12 23 1 8 13 17 9 18 26 25 30 22 20 7 2 19 28 24 6 4 14 
11 5 23 15 29 25 19 20 2 27 3 18 30 24 8 10 16 21 6 13 1 14 26 28 9 17 12 4 22 7 
6 11 9 14 10 5 16 19 17 18 12 13 15 1 8 4 7 2 3 
11 13 18 12 8 1 3 2 17 15 4 16 5 9 7 10 14 6 
8 1 4 18 11 5 7 17 16 3 6 15 22 14 12 10 13 19 2 21 9 20 
7 5 21 18 1 28 10 2 25 6 23 11 22 4 19 20 26 3 14 13 16 27 17 24 15 29 8 9 12 
1 2 
1 9 2 7 3 6 5 8 4 
7 4 1 8 2 6 9 5 3 
4 6 2 5 3 1 
1 5 2 4 3 
1 
5 8 3 6 7 2 4 1 
15 29 13 22 11 1 10 4 18 25 27 24 17 21 20 16 2 9 8 12 7 26 28 3 23 6 5 14 19 
