16 13 15 4 6 9 3 8 11 12 10 17 1 2 5 18 7 14 
10 15 13 6 17 12 22 20 21 3 16 9 7 8 18 1 5 2 19 14 23 4 11 
6 10 20 24 4 12 22 5 17 13 14 9 3 16 21 25 2 15 23 19 7 18 11 8 1 26 
3 4 2 1 
25 23 11 16 3 22 1 10 6 15 5 8 2 17 19 21 24 9 18 14 12 13 20 4 7 
6 16 7 2 9 3 1 4 10 18 15 14 8 17 11 13 12 5 
8 12 13 6 1 17 7 4 16 10 14 9 11 2 15 3 5 
6 8 10 28 25 12 1 17 21 14 24 23 4 2 27 18 26 3 13 16 19 15 9 20 5 22 11 7 
3 7 4 5 9 1 2 6 8 
10 3 11 7 4 5 1 8 6 2 9 12 
1 9 5 6 11 4 10 3 7 8 2 
19 7 8 9 6 15 10 16 17 18 11 2 3 1 12 5 13 14 4 
1 2 
6 14 13 15 9 3 5 4 8 11 1 2 10 7 12 
2 3 4 1 
4 2 6 5 3 1 
15 30 4 16 28 23 27 14 20 21 6 5 29 9 3 2 24 13 10 22 18 11 12 17 19 1 25 8 7 26 
1 4 6 2 5 3 
2 6 9 13 8 3 1 10 5 4 11 12 14 7 
15 3 7 16 11 4 14 8 10 18 6 12 2 1 9 17 5 19 13 
8 1 7 6 4 3 5 2 9 
19 25 21 8 6 7 17 13 26 11 3 18 16 4 5 9 22 14 24 20 23 2 15 12 10 1 
18 2 5 11 15 1 17 16 6 3 7 19 21 13 14 10 8 9 20 12 4 
9 7 15 10 18 22 6 1 25 24 3 16 14 19 13 17 21 12 11 5 4 8 20 23 2 
1 6 2 3 4 8 5 7 
8 15 3 1 7 4 12 6 16 13 14 5 17 10 11 2 9 
17 16 11 1 18 15 26 5 7 6 8 4 12 25 21 13 22 20 2 24 10 9 3 27 14 28 19 23 
2 3 6 4 5 7 8 1 
12 19 7 5 4 11 15 18 10 6 13 9 8 2 14 17 1 16 3 
3 1 2 
5 3 1 4 7 2 6 
1 
4 10 2 6 8 11 18 14 16 1 9 12 5 17 13 7 3 15 
5 6 1 4 3 2 
11 12 14 3 15 6 7 16 5 13 1 17 8 4 18 10 2 9 
26 18 7 17 28 1 20 10 27 24 15 5 4 19 16 12 23 25 3 8 2 9 21 22 6 13 11 14 
2 3 1 4 
1 8 6 7 3 2 9 5 4 
1 
9 10 18 7 5 2 16 13 3 19 11 4 15 6 12 1 20 8 14 17 
1 5 4 3 6 2 
1 2 3 5 4 
13 8 2 4 7 12 16 9 1 17 3 10 5 11 15 6 14 
26 21 7 13 12 9 8 24 2 16 28 19 3 11 6 14 17 22 27 1 25 15 20 10 23 4 5 18 
3 1 7 6 2 5 10 9 11 12 8 4 
9 6 2 11 7 10 4 5 3 1 8 
11 20 4 1 27 24 16 30 17 12 25 9 26 22 7 13 15 3 19 8 28 23 29 14 21 18 5 6 2 10 
8 6 9 4 5 2 3 7 1 
2 1 
17 5 13 10 23 4 21 11 16 6 18 24 9 25 14 15 2 1 20 8 19 7 22 3 12 
12 16 23 13 17 9 5 20 4 25 6 14 1 15 19 18 2 11 7 3 10 21 24 8 22 
5 4 6 2 1 7 3 
2 3 4 1 
16 10 6 8 15 5 13 14 4 12 2 11 9 1 17 3 18 7 
1 
16 6 5 13 12 8 4 17 15 14 9 1 11 10 18 2 7 3 
2 6 8 5 1 7 9 4 3 10 
3 6 7 9 5 4 1 8 2 10 
9 3 5 4 11 10 2 7 6 8 1 
9 1 3 7 8 4 6 5 2 
3 24 6 9 27 16 12 19 25 22 15 11 17 10 26 5 7 1 14 13 21 8 20 18 2 23 4 28 29 
4 1 2 3 
2 5 7 17 10 16 19 14 8 15 9 6 3 1 13 4 12 18 11 
2 1 
