6 5 3 2 4 9 10 7 8 1 
11 7 5 8 9 3 2 10 4 1 6 12 
5 8 1 9 13 2 20 17 6 16 19 18 15 3 7 4 11 10 14 12 
3 5 7 2 8 4 1 6 
10 13 15 4 3 11 14 8 5 7 9 12 2 1 6 
6 7 15 2 3 13 14 11 1 9 8 12 10 5 4 
16 13 6 10 9 5 7 19 25 18 4 14 1 17 11 3 27 21 12 8 22 15 20 2 23 24 26 
2 1 8 4 3 7 6 5 10 11 9 
7 8 11 15 4 16 9 5 17 10 14 1 12 3 6 13 2 
3 4 2 1 
4 25 17 27 29 8 23 24 28 20 18 11 6 13 14 26 15 19 1 10 5 21 22 2 7 3 16 12 9 
3 4 2 1 5 
15 4 3 23 5 6 18 24 7 9 16 8 1 20 12 22 21 17 2 11 10 19 14 13 
4 18 19 7 20 14 9 5 11 21 1 17 12 8 10 22 16 3 6 13 15 2 
21 9 4 24 11 13 25 22 15 26 10 7 16 28 18 5 8 14 19 27 1 20 3 12 2 23 17 6 
10 11 8 6 3 7 9 1 2 4 5 12 
3 4 2 5 1 
1 2 3 4 
15 18 2 4 25 7 12 17 6 1 13 19 14 20 3 10 23 16 24 9 11 27 22 5 21 8 26 
19 13 7 2 25 26 21 16 15 23 10 14 9 4 27 20 29 5 12 8 18 3 1 22 24 6 17 28 11 
1 22 2 18 23 11 16 25 7 19 17 6 14 12 13 10 4 21 15 3 9 20 24 26 8 5 
10 6 16 13 9 5 20 21 14 18 11 4 3 22 8 1 23 12 17 19 7 15 2 24 
4 3 8 12 2 9 13 6 14 10 11 5 7 1 
12 2 15 21 26 19 24 27 11 5 20 22 6 18 23 3 1 8 9 17 13 14 25 16 10 7 4 
5 9 6 10 2 13 4 11 7 1 12 8 3 
3 6 16 15 17 5 14 13 10 7 9 18 2 11 1 12 4 8 
5 9 12 8 10 3 7 4 1 6 14 2 11 13 
8 4 5 1 3 2 7 6 
19 16 4 5 18 12 7 17 14 10 2 3 15 9 1 6 11 8 13 
16 28 4 11 23 26 27 25 19 21 9 15 17 3 1 6 10 12 14 20 8 18 24 22 13 2 5 7 
23 16 17 8 22 2 27 11 10 13 14 24 5 25 6 21 7 12 15 1 18 19 4 9 20 26 3 
6 2 8 9 1 11 10 3 7 4 5 
2 6 13 7 12 1 9 11 16 3 4 19 15 17 10 8 20 5 14 18 
1 5 3 4 2 
3 10 1 11 9 6 5 4 2 8 7 
