17 18 7 27 29 26 12 21 3 1 9 28 11 20 30 8 15 16 10 2 25 23 24 4 6 13 22 14 19 5 
23 12 11 20 8 10 14 26 1 21 15 13 4 18 22 28 27 6 24 9 5 19 7 3 29 2 16 25 17 
23 21 15 7 9 8 24 20 25 13 22 19 6 16 3 2 1 14 26 4 11 18 12 10 5 17 
16 22 18 3 5 1 13 10 9 20 4 15 8 23 17 2 12 6 21 11 14 19 7 
1 2 
5 8 3 1 7 2 4 6 
22 21 24 18 5 2 16 10 15 9 7 1 11 3 27 26 6 12 29 28 23 8 14 17 20 4 25 30 13 19 
2 1 
4 13 14 10 3 5 12 7 1 11 2 9 16 6 15 8 
2 1 7 9 5 13 10 17 8 19 18 12 14 3 15 20 11 4 6 16 
14 2 5 12 8 13 7 17 4 3 1 6 16 9 10 11 15 
1 2 3 
1 
5 3 6 8 1 4 7 2 
1 2 
3 11 2 13 10 7 5 9 4 6 1 8 12 
1 4 2 3 5 9 12 6 7 8 11 13 10 
9 25 19 18 17 4 7 12 8 3 13 27 26 10 23 20 29 14 21 15 2 11 6 16 24 5 28 30 22 1 
18 11 2 13 17 1 16 5 12 14 15 3 4 8 9 6 19 10 7 
3 1 2 
