197
130
200
245
73
162
42
145
221
20
118
97
244
183
166
148
161
2
19
66
24
188
82
56
133
167
54
1
84
124
69
22
114
30
28
80
247
16
248
108
100
157
202
147
241
233
110
136
220
141
151
128
53
212
11
205
77
61
75
163
52
29
31
121
184
143
182
239
230
228
189
125
68
122
62
201
17
172
179
171
48
152
0
127
94
135
51
185
35
41
137
173
104
120
215
196
23
224
9
178
240
246
175
186
34
132
70
93
192
210
99
214
126
18
59
187
223
72
123
208
36
169
7
106
10
37
88
49
154
176
177
219
198
6
190
67
95
60
146
234
195
119
222
199
5
45
8
217
113
86
111
191
213
165
140
55
64
50
116
153
138
40
85
160
105
158
92
129
15
91
25
27
142
98
39
229
76
21
144
238
206
204
65
101
58
109
231
71
47
243
87
134
232
131
211
14
193
170
102
112
83
81
57
207
33
235
117
4
159
226
43
32
78
90
79
164
250
139
12
103
115
181
209
38
89
194
237
203
225
249
13
236
242
156
168
3
63
107
227
216
149
44
180
26
46
96
174
74
150
155
218
