20
0 26 9 50 11 96 8 42 29 15 19 38 9 55 23 39 77 7 14 63
19 0 22 26 21 59 36 50 29 11 23 31 1 61 23 36 24 37 5 78
25 9 0 10 2 55 26 32 3 48 3 13 2 91 11 65 32 9 6 19
9 30 35 0 35 90 17 40 27 88 12 43 3 66 34 62 100 64 20 64
58 45 53 45 0 95 12 78 41 31 12 63 3 60 45 70 69 45 46 82
11 45 38 28 33 0 55 69 86 82 74 81 60 72 31 89 99 80 25 100
45 14 13 47 62 57 0 32 14 44 53 10 31 53 2 54 55 69 13 35
68 57 64 81 53 100 83 0 43 95 80 89 90 73 58 95 88 89 63 91
12 9 24 25 21 14 32 60 0 56 37 44 5 35 1 89 17 3 11 76
73 74 26 11 78 65 49 55 25 0 30 46 70 80 65 81 88 90 44 88
31 24 33 49 59 35 2 32 6 60 0 16 23 60 22 51 77 96 20 65
16 20 27 22 12 32 49 27 3 48 40 0 37 45 27 81 71 54 36 68
23 28 16 40 50 31 6 4 20 2 11 1 0 9 8 16 73 71 8 86
52 43 2 52 68 94 59 96 65 67 49 68 82 0 45 83 93 96 22 75
4 1 2 4 3 55 30 31 19 2 7 6 3 41 0 61 23 4 8 63
79 79 39 67 69 88 69 85 22 77 69 43 86 94 36 0 89 96 53 84
29 79 60 17 58 66 56 80 82 58 31 41 17 72 62 87 0 83 93 92
96 63 80 50 79 82 39 76 93 53 9 55 16 66 78 77 78 0 27 88
22 28 16 27 11 70 28 35 18 32 18 6 12 73 7 53 1 64 0 13
47 29 77 57 49 69 80 81 27 62 47 48 8 94 26 96 76 77 85 0
20
0 51 37 44 86 86 37 100 30 58 51 86 86 79 100 37 44 86 58 44
44 0 93 58 58 51 44 65 44 58 65 44 58 79 79 100 37 9 9 37
44 23 0 9 51 65 44 9 86 100 51 30 30 72 100 65 23 51 86 86
51 9 79 0 9 86 51 51 30 93 79 51 58 79 65 30 58 16 79 100
51 44 79 58 0 72 51 79 72 16 44 23 93 79 16 16 93 9 58 58
44 93 79 79 93 0 79 30 44 51 16 30 79 9 44 37 79 93 100 51
100 93 30 93 51 58 0 79 86 79 23 23 58 72 86 72 100 86 9 23
44 65 86 44 79 9 9 0 86 9 30 65 37 93 79 72 37 23 93 23
79 65 23 51 9 93 86 79 0 72 23 44 72 86 72 44 72 79 58 9
37 51 16 93 30 30 16 30 58 0 100 44 16 86 9 86 9 65 58 79
9 93 58 79 100 79 9 37 51 93 0 44 30 65 16 23 65 51 72 65
30 86 23 44 79 44 72 37 100 37 72 0 79 58 93 37 37 86 58 44
72 37 86 44 37 65 44 100 44 9 100 58 0 93 65 16 58 72 16 9
58 58 100 16 86 86 72 79 51 93 37 37 16 0 37 58 44 93 65 79
30 58 16 23 9 44 51 79 16 44 58 16 51 58 0 93 51 58 23 9
72 44 65 23 72 16 51 79 58 100 86 79 100 44 65 0 58 16 58 51
72 93 44 9 58 16 93 9 79 23 100 37 23 16 51 23 0 37 93 16
86 9 72 58 65 65 79 16 9 93 9 58 79 30 37 86 86 0 72 65
93 23 16 9 72 58 93 30 23 58 79 58 72 100 93 23 51 93 0 79
51 58 44 37 44 86 23 16 30 16 93 44 93 44 65 30 93 30 79 0
20
0 3 4 5 2 4 3 4 4 2 4 5 2 2 5 3 5 5 4 5
4 0 5 5 3 5 4 1 3 3 4 3 4 4 1 4 5 5 2 5
1 4 0 1 2 5 3 4 5 1 3 2 4 5 4 4 2 3 3 5
5 1 5 0 5 3 1 2 4 4 2 5 4 2 1 3 5 4 5 1
1 3 5 1 0 4 1 3 5 5 1 5 2 3 1 4 3 5 5 4
1 1 3 1 1 0 3 1 5 4 4 2 4 1 2 3 5 2 3 5
5 5 3 4 5 2 0 5 2 4 4 1 3 2 3 2 3 2 5 1
1 1 4 5 1 1 3 0 5 1 5 2 5 5 4 3 5 3 2 1
2 1 5 3 3 2 2 4 0 1 1 4 5 3 5 5 2 2 5 2
2 4 4 3 3 5 3 2 3 0 4 2 1 3 1 3 4 2 5 3
4 5 5 2 4 2 3 1 3 2 0 4 4 5 2 1 5 3 3 1
4 5 4 5 4 1 4 4 2 2 2 0 1 1 5 4 1 4 1 4
4 4 2 1 3 5 4 4 5 4 3 1 0 3 2 4 5 2 4 3
2 5 2 2 3 1 3 5 4 4 5 3 4 0 3 1 1 2 2 1
4 5 3 1 3 3 2 1 4 3 3 2 5 1 0 2 5 2 3 3
3 2 4 5 3 3 5 3 2 1 5 2 1 2 4 0 2 4 5 5
5 5 4 1 3 2 2 5 1 2 2 3 2 4 3 4 0 3 3 5
2 1 4 5 4 5 1 2 4 2 5 5 1 3 5 3 3 0 5 4
2 5 2 1 2 1 3 4 4 5 3 4 1 5 1 1 2 5 0 1
3 4 5 5 5 1 5 2 4 1 5 5 2 5 1 5 2 4 3 0