18 11
6
23
7 3 -1 3
11 3 -7 0
13 3 0 1
4 4 -1 1
7 4 3 1
8 4 -6 1
11 4 -1 3
17 4 -2 2
3 5 -5 1
4 5 -2 2
11 5 8 2
14 5 -8 2
7 6 0 0
12 6 6 3
3 7 1 2
5 8 -1 0
8 8 0 2
9 8 -7 3
3 9 8 2
7 9 -2 2
16 9 8 2
17 9 8 1
4 10 2 1
2 2 3 2
5 2 0 0
7 2 2 4
11 2 0 5
14 2 0 5
16 2 3 5
17 2 0 1
2 3 0 -1
3 3 1 4
9 3 0 -2
14 3 0 -1
15 3 1 2
16 3 2 2
9 4 2 -5
10 4 0 3
13 4 0 0
5 5 2 0
6 5 3 5
9 5 0 3
15 5 0 -3
17 5 1 -4
2 6 0 -3
3 6 0 3
5 6 0 -1
8 6 3 4
9 6 3 -3
10 6 1 -3
11 6 3 -2
13 6 2 -1
15 6 0 -2
17 6 1 -1
2 7 1 -4
4 7 0 -1
11 7 1 5
13 7 2 -4
16 7 1 -1
17 7 2 3
2 8 2 -3
6 8 1 5
7 8 3 -5
15 8 2 -4
2 9 2 -1
6 9 2 4
10 9 0 0
11 9 1 -3
14 9 0 -3
15 9 0 -1
6 10 1 3
10 10 0 0
11 10 2 -2
16 10 0 -1
17 10 1 2
