38 15
0
58
11 3 1 1
12 3 6 3
13 3 7 1
16 3 5 0
17 3 -7 0
20 3 -2 0
21 3 6 1
24 3 4 3
32 3 -6 1
5 4 0 1
15 4 4 0
27 4 -2 3
3 5 6 2
16 5 -8 0
18 5 -3 1
36 5 5 3
5 6 4 2
10 6 3 2
11 6 9 1
14 6 5 0
15 6 -1 0
20 6 -5 0
22 6 2 3
3 7 10 3
28 7 -4 1
35 7 -5 0
37 7 2 2
12 8 9 1
18 8 -5 0
26 8 1 2
30 8 -3 1
33 8 1 0
10 9 6 0
16 9 3 2
27 9 2 1
33 9 7 0
35 9 1 0
34 10 -5 0
11 11 -9 1
15 11 10 1
20 11 5 0
25 11 -2 1
33 11 8 1
8 12 4 0
9 12 -3 0
16 12 6 2
19 12 0 1
27 12 6 1
36 12 1 1
6 13 -10 0
9 13 6 3
11 13 -6 1
13 13 10 1
19 13 -2 0
35 13 6 1
5 14 -1 2
6 14 2 3
20 14 7 1
3 2 2 0
4 2 1 -3
6 2 0 1
9 2 2 -3
11 2 1 -1
13 2 1 -5
15 2 2 4
16 2 1 -1
17 2 3 -5
19 2 1 1
22 2 2 1
27 2 3 2
30 2 2 -3
31 2 1 3
32 2 0 -4
2 3 2 -5
3 3 3 1
5 3 2 2
6 3 3 -1
7 3 2 0
8 3 0 -5
15 3 3 2
18 3 0 2
25 3 0 -4
26 3 3 3
28 3 1 5
33 3 3 4
34 3 3 5
35 3 0 -1
36 3 3 -5
37 3 0 3
2 4 1 5
3 4 1 -5
7 4 2 5
9 4 0 -1
10 4 0 -3
11 4 3 -4
12 4 2 -4
18 4 0 5
20 4 3 5
22 4 0 0
23 4 3 0
24 4 1 3
28 4 2 5
29 4 3 2
31 4 2 2
33 4 1 -3
34 4 3 4
35 4 3 5
36 4 0 0
2 5 3 -1
5 5 3 -1
6 5 1 -1
10 5 0 3
13 5 3 0
14 5 2 -2
17 5 1 -5
19 5 3 0
21 5 3 2
23 5 0 5
25 5 1 0
26 5 3 2
29 5 0 -4
31 5 3 2
32 5 1 5
33 5 3 2
4 6 1 -4
6 6 2 2
13 6 2 -1
16 6 2 0
17 6 1 -2
18 6 1 1
23 6 0 3
24 6 2 -3
25 6 1 0
29 6 1 -4
30 6 1 4
31 6 3 -1
35 6 2 4
36 6 1 -2
2 7 1 4
4 7 3 -5
5 7 1 1
6 7 2 2
7 7 3 3
8 7 1 1
15 7 0 -4
16 7 1 -1
17 7 1 4
18 7 0 4
19 7 3 -3
21 7 3 5
23 7 2 2
24 7 1 4
29 7 2 -5
30 7 3 2
34 7 0 -4
36 7 3 3
5 8 3 -5
8 8 3 -1
10 8 2 -2
11 8 0 5
13 8 3 2
14 8 0 4
16 8 3 -3
19 8 0 0
20 8 0 -1
21 8 0 1
23 8 1 2
24 8 0 -3
31 8 0 4
32 8 0 3
34 8 2 2
35 8 2 0
36 8 0 -1
2 9 0 -3
6 9 0 5
7 9 1 -3
8 9 2 -1
9 9 2 -2
12 9 0 -4
14 9 0 -4
17 9 1 4
18 9 3 -5
23 9 2 -3
24 9 0 0
25 9 2 5
26 9 1 -2
32 9 1 -2
34 9 2 -3
7 10 2 -3
8 10 3 -5
9 10 1 4
12 10 3 0
13 10 0 4
14 10 2 -4
17 10 1 -1
19 10 1 2
20 10 2 2
21 10 3 -2
23 10 0 1
24 10 1 3
28 10 0 -4
29 10 3 -2
33 10 2 -3
36 10 3 -3
37 10 2 3
2 11 3 -4
5 11 0 -1
6 11 2 1
7 11 1 3
8 11 1 1
12 11 1 5
14 11 0 -2
16 11 1 -5
19 11 0 -2
26 11 2 3
30 11 1 0
31 11 2 5
34 11 3 2
2 12 2 -5
4 12 2 -2
6 12 2 -5
7 12 0 1
10 12 1 5
11 12 1 -3
13 12 3 -3
15 12 0 5
20 12 0 4
23 12 2 1
24 12 0 -5
25 12 0 -3
28 12 2 -3
30 12 1 2
31 12 1 4
34 12 3 -4
37 12 0 -4
2 13 1 3
3 13 0 -1
4 13 0 -5
5 13 1 -2
8 13 2 3
10 13 0 -1
21 13 2 -1
22 13 2 -2
25 13 1 3
26 13 1 4
28 13 1 3
30 13 2 -3
31 13 3 2
36 13 1 1
2 14 3 -4
3 14 1 -1
4 14 0 2
7 14 2 -5
8 14 0 2
9 14 3 -3
10 14 1 -1
11 14 0 -5
12 14 1 -4
13 14 2 2
14 14 2 2
17 14 1 -5
21 14 2 -5
23 14 3 -2
24 14 3 -5
27 14 0 -2
28 14 2 0
33 14 3 -4
35 14 2 -4
36 14 2 4
37 14 2 -2
