43 25
9
145
3 3 2 3
10 3 -3 2
20 3 -4 2
24 3 6 0
39 3 9 2
4 4 8 3
5 4 -6 1
9 4 -1 2
10 4 7 2
22 4 6 0
28 4 -6 3
39 4 -9 1
10 5 4 2
12 5 0 0
18 5 7 1
19 5 -6 1
27 5 -5 2
30 5 -10 2
31 5 -5 3
13 6 6 0
15 6 0 2
23 6 10 2
29 6 10 1
31 6 -2 3
39 6 -10 0
42 6 9 1
7 7 10 0
9 7 2 2
19 7 4 0
21 7 6 2
23 7 -2 3
27 7 -10 2
30 7 1 0
5 8 -6 3
6 8 6 0
10 8 10 1
16 8 4 3
19 8 10 2
34 8 -3 1
37 8 0 1
6 9 2 1
8 9 3 2
12 9 -2 0
29 9 -7 0
30 9 -3 3
33 9 4 3
40 9 9 2
18 10 -1 1
32 10 5 2
36 10 -5 2
38 10 4 0
42 10 7 1
10 11 -7 3
16 11 -9 2
4 12 -6 2
8 12 9 3
20 12 10 2
22 12 -3 1
26 12 7 2
42 12 0 0
3 13 0 0
22 13 9 1
24 13 8 1
33 13 8 2
3 14 -10 0
7 14 -7 2
8 14 -2 3
19 14 -9 2
26 14 6 0
28 14 -8 3
34 14 4 0
35 14 6 2
41 14 2 0
42 14 -9 1
12 15 4 2
20 15 1 0
26 15 6 1
27 15 3 2
42 15 7 2
6 16 -4 3
21 16 4 1
26 16 2 0
27 16 -2 2
30 16 3 0
32 16 7 3
35 16 -7 2
8 17 6 3
13 17 -6 1
14 17 -9 1
17 17 6 3
20 17 8 1
23 17 10 2
26 17 7 2
28 17 -2 2
31 17 -8 2
41 17 1 3
4 18 -7 0
6 18 8 2
8 18 7 2
11 18 6 2
16 18 -4 3
20 18 -7 0
5 19 8 1
13 19 -1 3
17 19 4 0
22 19 6 2
26 19 1 2
10 20 -4 1
12 20 -3 2
13 20 -9 1
18 20 -2 2
23 20 -5 2
28 20 7 0
32 20 -7 2
35 20 4 3
38 20 -4 0
5 21 9 1
8 21 -9 3
9 21 8 2
10 21 6 2
15 21 5 2
26 21 -7 1
29 21 -4 1
36 21 5 2
39 21 -7 3
41 21 -8 2
5 22 -1 1
12 22 -8 1
19 22 1 1
21 22 9 1
28 22 -5 0
30 22 -5 0
40 22 5 1
6 23 10 2
14 23 8 3
20 23 -6 2
26 23 -3 1
37 23 10 2
7 24 7 2
13 24 -4 0
30 24 0 1
35 24 1 3
38 24 7 2
40 24 -5 1
42 24 -10 0
2 2 1 -1
3 2 1 -4
6 2 0 -3
7 2 3 1
9 2 0 -3
11 2 0 4
12 2 2 4
13 2 1 -4
17 2 2 3
18 2 0 4
19 2 2 2
21 2 2 4
23 2 2 1
25 2 0 -2
26 2 0 -4
27 2 3 0
28 2 0 5
30 2 2 4
31 2 3 3
32 2 1 -1
33 2 1 -5
34 2 2 -5
40 2 3 0
41 2 2 -1
6 3 1 4
9 3 0 1
12 3 1 1
13 3 3 -3
14 3 3 -1
15 3 3 3
17 3 1 -5
18 3 2 -3
23 3 2 -2
25 3 2 -4
29 3 1 -5
33 3 0 2
34 3 0 0
36 3 3 -5
42 3 3 -5
6 4 2 -2
7 4 3 3
8 4 1 3
11 4 2 -5
13 4 3 -5
14 4 1 -5
15 4 0 -4
17 4 1 0
20 4 1 -1
21 4 0 3
23 4 3 0
27 4 3 -1
33 4 1 -1
36 4 2 5
42 4 1 3
4 5 2 -2
6 5 2 -2
7 5 1 2
8 5 2 4
11 5 0 1
14 5 0 1
15 5 0 1
16 5 1 -3
23 5 0 4
24 5 3 -1
28 5 3 -3
32 5 1 5
33 5 3 -5
34 5 0 2
39 5 1 -4
40 5 3 1
41 5 3 0
42 5 3 4
2 6 0 1
3 6 2 -5
5 6 0 -2
6 6 0 5
8 6 0 -2
9 6 1 -5
17 6 1 0
24 6 2 4
25 6 3 3
26 6 1 2
30 6 2 0
33 6 3 -4
40 6 3 2
2 7 0 -1
4 7 0 -5
5 7 0 4
6 7 1 1
8 7 2 -2
10 7 0 -1
12 7 1 0
13 7 2 -5
15 7 3 3
16 7 2 3
18 7 2 -2
20 7 2 -2
22 7 2 2
25 7 0 2
31 7 0 1
37 7 3 5
38 7 2 3
39 7 1 0
3 8 2 -4
9 8 1 1
13 8 2 -4
14 8 2 -2
15 8 1 -3
17 8 0 2
18 8 3 -5
24 8 1 5
25 8 2 -3
26 8 2 2
27 8 2 2
30 8 3 4
32 8 1 -2
33 8 1 -5
42 8 0 3
2 9 2 -2
3 9 2 4
10 9 2 5
11 9 1 -4
14 9 2 -5
16 9 1 1
17 9 2 -4
21 9 2 4
26 9 2 0
27 9 1 -5
28 9 3 -1
35 9 0 -1
37 9 0 4
41 9 1 -2
42 9 3 -3
4 10 0 -4
6 10 0 2
7 10 3 0
9 10 2 -1
10 10 3 4
11 10 1 5
13 10 0 -1
14 10 1 -2
15 10 2 -1
19 10 1 3
23 10 1 5
26 10 1 3
30 10 0 4
37 10 2 -4
2 11 2 2
3 11 3 -5
5 11 1 5
6 11 2 1
11 11 3 4
12 11 3 -3
15 11 0 3
17 11 2 4
18 11 1 0
19 11 3 -1
20 11 3 -2
22 11 1 2
24 11 0 -1
29 11 2 3
30 11 0 4
31 11 2 -1
32 11 2 3
35 11 1 4
36 11 3 4
37 11 0 0
38 11 2 2
41 11 2 1
42 11 1 -1
2 12 1 -3
6 12 3 2
9 12 3 -3
11 12 3 -3
12 12 1 -3
15 12 3 4
17 12 2 3
19 12 0 4
29 12 2 -4
30 12 2 0
31 12 2 2
33 12 3 -1
35 12 1 -3
37 12 2 5
39 12 0 -5
40 12 1 -2
41 12 2 -1
2 13 0 0
4 13 2 -5
7 13 2 -2
8 13 0 2
9 13 1 4
10 13 0 1
11 13 1 -4
12 13 1 5
14 13 3 3
16 13 3 1
17 13 2 1
18 13 3 -2
19 13 0 -5
20 13 3 2
21 13 2 -1
23 13 0 -4
27 13 2 -2
31 13 1 5
32 13 3 0
35 13 1 4
36 13 3 5
37 13 1 2
38 13 0 -2
41 13 0 0
42 13 3 -3
5 14 2 4
6 14 1 -1
9 14 3 0
17 14 3 4
18 14 1 5
21 14 0 1
22 14 0 4
27 14 0 -2
33 14 2 -1
38 14 1 -2
4 15 0 -1
10 15 1 1
13 15 2 1
15 15 3 -5
16 15 1 0
22 15 2 4
23 15 3 0
28 15 1 0
30 15 1 0
32 15 1 5
35 15 0 0
36 15 2 -5
37 15 0 -2
39 15 3 -5
40 15 3 0
41 15 1 -1
3 16 2 -5
8 16 2 -2
13 16 3 2
14 16 3 3
15 16 3 1
16 16 0 -2
17 16 2 -3
20 16 3 2
22 16 0 3
23 16 3 -1
25 16 1 0
33 16 2 -3
36 16 1 -5
41 16 2 -2
42 16 0 -3
2 17 2 -3
4 17 0 3
5 17 3 -3
10 17 2 5
15 17 1 -3
18 17 2 -2
19 17 0 2
21 17 1 4
27 17 2 -4
30 17 0 1
32 17 0 4
33 17 3 3
34 17 0 -1
39 17 3 2
3 18 1 -1
5 18 1 5
12 18 2 4
13 18 2 2
17 18 1 -1
18 18 2 2
21 18 2 -4
22 18 2 0
23 18 0 3
25 18 0 -5
26 18 2 -2
27 18 0 -3
29 18 3 3
35 18 0 2
36 18 2 3
40 18 2 -5
6 19 2 5
7 19 2 -3
9 19 0 -3
12 19 1 -4
14 19 0 4
16 19 0 3
24 19 0 0
25 19 2 -5
27 19 1 3
29 19 1 -4
30 19 1 -2
32 19 2 -4
33 19 1 1
34 19 2 -2
35 19 2 2
36 19 3 -2
37 19 1 -3
38 19 1 -5
42 19 2 -3
4 20 2 4
6 20 2 0
11 20 0 3
15 20 2 3
16 20 0 5
19 20 3 0
20 20 0 -5
21 20 0 -1
22 20 3 -4
25 20 0 -3
27 20 2 0
30 20 1 3
33 20 1 -3
37 20 3 -2
40 20 1 -2
42 20 2 4
3 21 1 -2
4 21 2 3
12 21 2 0
16 21 3 -1
17 21 1 -4
18 21 2 -1
21 21 2 2
27 21 1 -4
31 21 1 0
33 21 0 2
35 21 2 1
38 21 3 2
40 21 0 5
42 21 3 0
4 22 1 0
7 22 2 2
10 22 2 0
11 22 2 -3
15 22 2 -3
16 22 1 5
18 22 3 -5
24 22 0 4
26 22 2 4
29 22 0 -2
32 22 0 4
33 22 0 4
34 22 3 -4
38 22 3 -5
39 22 0 -1
42 22 2 -3
4 23 3 2
5 23 3 5
7 23 1 -4
8 23 1 -1
9 23 3 -3
10 23 1 0
17 23 2 1
21 23 1 0
22 23 0 -3
28 23 1 -3
29 23 2 5
30 23 0 4
32 23 3 -1
33 23 3 2
35 23 0 2
36 23 0 -5
39 23 0 -1
42 23 2 4
2 24 3 2
3 24 3 0
4 24 2 2
6 24 0 5
9 24 1 5
10 24 3 2
12 24 3 3
17 24 3 1
19 24 1 -4
22 24 0 3
28 24 0 -1
29 24 0 -2
36 24 2 0
37 24 0 -3
