22 16
10
52
6 3 -10 1
12 3 -8 0
14 3 -8 1
5 4 0 2
11 4 -7 1
13 4 -8 1
14 4 -4 1
18 4 -3 2
4 5 -3 2
7 5 -2 1
8 5 -2 0
3 6 -3 3
6 6 -1 0
8 6 5 2
11 6 -3 2
13 6 -9 1
15 6 8 0
16 6 2 0
17 6 0 0
7 7 1 2
13 7 -2 2
4 8 9 2
13 8 9 1
19 9 -5 1
21 9 7 2
6 10 2 0
7 10 6 3
11 10 -8 0
15 10 -10 3
20 10 7 1
21 10 -2 3
6 11 6 1
13 11 -8 1
20 11 -5 2
3 12 -2 3
5 12 -4 3
8 12 0 0
13 12 0 1
21 12 1 3
4 13 5 1
8 13 0 1
10 13 1 1
15 13 -5 2
20 13 1 1
15 14 1 1
21 14 5 3
4 15 -5 1
5 15 -6 1
7 15 7 1
8 15 -9 1
13 15 -4 1
18 15 -9 3
2 2 2 -3
5 2 2 4
9 2 2 2
10 2 1 -5
11 2 0 -2
14 2 3 5
15 2 0 -3
19 2 3 -2
20 2 1 -2
3 3 2 -1
9 3 0 3
10 3 2 5
15 3 0 -4
20 3 0 -2
21 3 0 1
3 4 3 3
7 4 1 -2
12 4 3 -5
15 4 0 -2
16 4 1 -1
17 4 3 3
21 4 1 -4
2 5 0 -3
3 5 3 5
5 5 0 5
12 5 3 5
13 5 2 -4
17 5 0 -3
20 5 0 2
21 5 0 2
2 6 3 1
4 6 1 1
5 6 2 5
7 6 2 3
9 6 2 1
12 6 2 1
19 6 1 2
20 6 0 4
2 7 0 -4
3 7 3 2
4 7 1 -2
5 7 0 -2
8 7 0 -4
10 7 2 -3
15 7 3 5
17 7 3 -4
19 7 1 -3
2 8 0 2
5 8 2 0
6 8 1 1
8 8 0 2
11 8 2 -4
12 8 2 -2
19 8 2 1
20 8 1 1
21 8 2 -4
5 9 3 -3
6 9 3 4
7 9 1 2
11 9 3 2
14 9 1 -5
17 9 3 2
18 9 2 3
20 9 3 4
2 10 2 -5
5 10 3 4
8 10 0 -1
10 10 0 2
13 10 2 0
14 10 0 1
16 10 0 -3
18 10 3 5
2 11 2 -5
3 11 2 1
4 11 1 -1
5 11 1 4
7 11 0 -5
10 11 3 3
12 11 1 2
14 11 2 3
15 11 2 3
2 12 3 -4
7 12 2 -5
10 12 0 -2
12 12 0 4
14 12 0 -4
17 12 0 3
19 12 3 0
3 13 0 4
5 13 2 -4
6 13 1 -4
7 13 0 -3
12 13 0 -3
13 13 1 -2
14 13 1 -5
21 13 3 -3
3 14 1 5
5 14 0 5
8 14 1 -1
9 14 2 -2
10 14 3 4
13 14 1 -2
14 14 2 0
16 14 1 -2
18 14 3 1
2 15 1 -2
3 15 2 -5
10 15 3 -1
11 15 3 -2
12 15 0 -4
17 15 0 4
