3601
441924
533789
169798
687157
368324
484052
287628
265993
465140
147637
234329
897892
101850
695383
585847
300843
961432
928192
722901
577231
214378
417449
207113
892321
64914
213262
951729
836772
216624
157968
840373
658548
691757
10170
345704
60081
494222
633332
326073
959361
780968
560402
857252
882818
255784
443099
183660
217216
371290
906561
794447
585668
324010
1559
477988
388923
214821
429716
225694
431444
587684
66067
89992
279441
76236
435695
339521
570457
69026
665594
529818
849994
225995
387070
732811
481779
830168
916471
698994
201458
823032
493441
787125
147041
494999
265113
535963
709819
694829
761657
141263
282513
827723
231254
561953
903959
666948
901474
474416
735974
567067
4233
585967
793062
391303
318778
274840
221470
235248
973834
422928
58279
467274
210053
205320
962273
475165
741282
672091
169994
502939
813354
452506
330662
44607
14458
234620
711555
915931
709036
447528
482998
713268
33495
276059
104571
352272
550899
326041
587520
524733
748968
645799
992007
959020
851118
954279
434185
592400
626370
604178
95339
439723
56684
426000
484329
71142
660620
195884
987073
369655
643412
470070
82923
676907
746129
187493
29178
297028
513533
616698
821760
262500
262497
813766
221520
113615
768045
655704
706015
394414
259882
801353
834137
316566
227353
318465
387707
887972
514349
374780
257626
157760
844850
340549
834666
590978
528041
863844
888006
41573
480542
709765
304073
743039
523531
525593
856654
291576
181297
562668
685989
441178
364021
520125
757744
591374
838590
145450
479345
352939
520230
736971
510698
365079
77519
345364
956057
605560
209208
844062
647133
689750
553826
951206
432788
77357
476798
289441
368932
658094
852109
54921
99271
216130
575046
857014
807503
413635
2464
286847
766574
522693
23818
277272
887772
101336
622635
843828
706896
831843
687889
354028
521592
241715
305233
954380
319071
782030
243821
688003
440123
95930
742923
539394
312059
317968
396408
119561
731603
398872
406407
498176
921565
430224
775447
809336
531560
398082
653163
238456
229924
341051
592483
751516
582765
897715
705896
901836
679745
949717
589838
119868
45646
332760
659262
357704
650727
55669
477264
382330
454541
883671
880505
376105
313895
655952
185441
845454
54033
838603
83910
283957
179654
676392
35473
762418
574107
741368
664253
253851
691084
254091
373719
736729
586850
32980
94433
237577
88649
571696
619906
543189
455366
500411
919294
769260
156362
104734
614714
210395
943337
698623
494351
122990
375014
529823
885408
949121
271191
549661
202971
962275
803751
576689
699004
390600
609669
793436
628177
698317
365131
248083
241506
820497
748493
160799
589756
904855
265533
204470
115249
208869
903092
609599
331859
278106
139422
217266
227226
410613
766926
430197
372887
570677
6886
71891
961276
616554
865326
589453
314870
230457
837535
556375
50954
586027
717174
640709
490882
982706
845178
606130
191575
748270
215728
523433
26375
355150
740698
253600
765762
507624
683796
138649
78300
690681
210539
39576
307234
75865
629028
622104
306322
466563
178479
357275
52589
895652
997984
543471
878358
843162
149600
69932
591431
365328
593364
617805
720477
334062
871405
486239
841685
555201
624887
919984
245881
835425
959560
553115
911290
588587
175219
217611
55149
353697
574885
107738
249349
572868
651208
127706
416029
800807
197637
7460
166135
791001
625265
886611
125062
496669
372849
966747
51869
997736
886731
297750
833161
846290
850865
744450
434876
26083
962060
490025
379780
536945
597763
629128
109812
248970
756833
525841
49777
954470
533300
215912
745471
158565
102522
870532
655233
475371
837278
707102
473106
724009
4852
306267
570298
855717
50716
5174
881799
12776
495198
261579
549720
92960
890706
659531
341930
647539
185372
391707
602009
718672
607618
347479
877236
710140
218011
532469
185511
55289
239571
658617
779297
244422
964883
349594
100138
15599
354767
981937
28374
849965
243515
578093
942925
134221
237624
284854
781760
422995
676561
383768
141667
284179
731247
18902
994319
949257
551371
179829
4545
790941
838445
783842
35363
803328
133435
135501
818926
488202
117437
847299
338166
360952
425391
281090
495173
663015
565944
276932
86010
242505
660700
227676
526684
391946
246578
521002
341202
797948
700830
345747
588889
539275
129589
624251
342602
263023
759751
161527
751225
877188
8825
89391
238140
434216
370480
733312
97230
936424
10243
183240
178929
670942
410915
705612
62887
657493
226613
404089
455440
927443
749836
44329
466717
879424
668579
809319
142447
428330
970845
893672
305517
979670
983062
543657
413885
353542
276968
511115
289965
287211
694354
468894
958152
105269
174505
21039
762761
401118
425128
218201
328560
174964
262529
795277
54388
931108
604595
196835
359437
575440
90506
664954
555109
73567
208610
968994
427108
485578
480108
717073
772788
174462
185966
730940
279730
360471
751978
42490
761588
177106
260691
90148
352070
523219
885424
406457
454326
490019
603291
813762
65458
693796
478716
620566
767363
687325
589560
194471
172902
69667
911543
945690
244129
97509
676629
523858
457979
428607
566348
219567
605712
827038
309715
957781
350256
195138
364238
804582
685157
967528
618344
750615
661324
97059
371181
428686
784384
960740
623156
957286
30407
534699
902975
274535
632208
579604
798392
90186
8210
364740
309753
613922
191777
619467
571703
542033
814605
935940
346615
499762
903468
964958
250376
564791
62017
621556
993477
846401
582295
616633
803687
612701
151332
706662
887235
783539
286265
685627
873725
294474
50366
183477
908395
242143
802944
480097
784176
617548
416037
130790
117309
319504
95748
367685
884295
157765
989240
877772
4165
571535
494404
807851
184235
645735
514512
71470
429273
800776
757097
302997
95250
807463
486474
3644
49605
289417
483741
833781
906965
899778
964571
24274
219281
60319
391958
103576
218083
381198
981347
222247
952732
475751
30098
136966
121486
544609
208436
550759
345385
965532
853755
440634
772994
340229
444278
822599
629646
928019
656379
536611
827796
620950
560884
47077
681268
952842
150652
899350
334039
131999
121597
286770
607749
151694
423736
729234
696302
632171
279992
41687
597703
133747
482320
370696
473976
926598
193295
103621
854616
849674
640232
682411
470623
201115
729487
151891
153957
880139
51240
487995
12137
172836
774765
619886
324529
198500
349120
20831
830671
629112
62517
428373
762859
544837
799069
236834
471434
992363
340455
326050
842036
980686
8461
312659
181801
737948
464549
335757
618086
515789
823752
630223
688624
598516
250108
13153
797015
599228
33984
627685
228339
96501
56058
991198
641337
855126
228032
112771
847489
568486
438821
689524
549172
447281
2183
730973
185228
466731
66729
803314
982519
890480
433536
671143
488995
683644
684296
286010
282871
718279
913695
511210
814779
969752
502407
456116
824878
730438
568887
672366
298924
7707
361890
848096
454988
364072
579068
640215
830803
645797
443528
813322
536276
877064
484465
25271
560707
168760
311281
843578
