142984
144524
379789
187249
762178
645257
251231
247489
592157
301809
993563
142101
748776
312138
682008
540007
720367
63406
773327
335650
383975
482501
5496
449028
662545
738827
943017
733910
368678
475052
308213
511661
619575
688001
698910
381753
333258
950141
629242
925414
251949
622804
67515
724
934942
749522
540731
655308
812927
314057
990957
196902
796557
996453
645929
459102
735280
588945
193012
103958
63997
501224
615619
683572
189224
314528
65324
522481
264668
694566
447895
516617
317370
515409
517340
252311
264930
58070
907619
77857
372127
898576
274759
168683
895029
920688
627785
630309
509633
820796
734266
573629
322019
349884
257201
511243
664412
322525
33724
929080
17090
481618
445696
334459
997027
963036
586770
261956
21106
494389
339813
393232
392964
614572
561915
287993
535259
189699
918301
44891
10495
652567
618520
332514
2451
875720
843757
666862
198244
877480
595942
215334
359098
41638
549793
356124
4674
136562
618079
25779
630950
957892
419011
23914
572463
980926
311907
107722
170625
230207
152613
181119
882774
771132
513632
885224
646852
357388
552086
845096
234868
148028
60429
593965
189665
610222
950088
194338
746783
568167
220117
377733
526059
639128
401647
98522
620053
713553
206243
790677
943760
358855
971796
826533
129987
485428
711757
776838
842815
263843
621933
77683
411870
682362
671647
601535
292583
621735
795872
39366
189901
15989
417099
715959
655117
818745
814480
275169
532297
20723
65846
476056
379577
37641
302589
509563
523068
14345
286401
365883
278187
908334
443565
690057
590696
115212
291591
883279
736946
87463
922644
926847
103452
339742
642806
758568
158487
457286
33736
690783
478008
99582
166839
857585
137223
469428
367148
660290
483772
653548
26173
761959
561882
469738
452016
152577
584950
743606
35855
321895
831069
958499
248742
934520
298241
891547
693087
456727
348832
726823
147510
826840
826404
314349
684424
963626
783776
51571
623916
267548
705119
650088
29506
267000
119826
481521
419577
704775
225127
455432
26670
56195
413930
275411
990714
712170
166958
683800
168897
515789
410623
316406
342629
237026
630754
27052
200652
414530
78623
824567
682077
783742
474655
711582
50742
594481
193103
470318
299255
418229
925749
325925
474424
339679
601335
465137
51849
768292
148937
220745
284081
559559
537151
626709
796585
167904
653761
997236
582434
732384
821803
264510
516125
296457
976091
566867
890938
169194
37184
190192
587423
962933
516116
61846
302612
117451
526983
354460
885743
675919
575204
169824
235478
112354
796533
32063
280258
450293
29298
862691
182676
851101
127200
698801
147558
103291
265667
38495
272485
302851
228686
859907
265783
744802
921753
568395
862253
448735
922854
747996
124653
498058
917819
360131
610412
714351
392193
890669
164643
421491
753360
347319
272591
880560
46119
420148
983851
311785
458642
256336
614635
687328
116242
880418
432130
37994
448813
294383
486728
371666
42378
611381
869724
960196
971511
480135
674546
363704
370804
839189
785194
124163
186508
57784
4723
232626
477932
988574
544411
936574
244909
159046
623902
361151
39464
56032
399145
488276
350414
885872
859942
392791
497253
729665
352987
468764
209799
27533
832467
580603
866721
617660
704766
53229
675444
709488
285855
153376
698062
830265
89949
942970
989311
713851
304120
28775
769882
703264
517050
120295
589136
376992
513086
86389
106656
866072
555152
316455
893604
387618
897058
760325
5278
601823
813553
680722
311310
99407
834097
9371
929672
924046
952341
918983
637897
256461
947757
407778
959724
464806
528073
548860
841798
41158
635248
948454
907230
190400
264908
800833
578017
161965
561158
583295
763788
374710
264016
75097
474117
98113
84468
403789
22159
36809
322771
660055
293269
270527
67832
252993
735333
595905
801853
577130
637063
437100
525583
544292
627499
790491
345124
205516
952456
906281
788810
716243
280991
52826
791340
755108
150939
875807
158896
173097
912616
481666
833151
205884
752192
900983
458876
487524
496888
260729
64653
133950
697828
590235
678241
325327
380725
23365
530843
333180
929645
319653
49422
210636
372478
840762
965743
523416
716568
124638
696513
629183
606303
529664
835067
358495
430646
293943
846018
927533
554671
910671
61483
252499
500905
739723
577825
881630
763087
108668
214810
692732
428320
264232
903368
800798
104993
869110
324213
821561
993748
20726
450744
600051
550389
285810
958545
981035
579753
804563
908568
134423
715233
970050
386921
216138
709773
964746
97768
472859
73413
312578
165591
501732
576809
68958
302529
681802
938068
626742
503363
931816
647468
954106
531866
197856
239916
490411
178891
819668
294973
87458
954091
10206
57507
341012
226343
767279
305758
324111
240138
379170
636688
405728
880902
213497
474686
183431
895298
412754
810173
398660
344569
457640
352766
876434
655496
592681
366844
834386
412349
661817
921843
366439
672022
979350
707451
898365
746629
13208
222476
986766
392377
859163
392494
273279
72659
867180
456710
967957
279933
266882
366617
624501
724522
719382
500935
380018
312063
867779
214403
724411
529596
136246
90850
201617
115595
798300
99982
862224
811507
322457
848990
203884
181620
241484
477162
254279
108663
933872
222235
388596
200753
588852
13097
925275
308233
514031
305292
620295
381810
519695
344706
911405
655940
435555
113022
771535
233855
213004
633758
45361
535460
482747
249244
717080
724231
726406
971358
832893
660278
193593
221488
861030
782444
234585
786305
90677
748615
91596
710972
130425
611291
55677
41829
267230
491232
154851
38765
725086
367854
672522
770447
903314
155269
19691
620393
879499
746097
591751
712392
406374
785343
933880
267404
567787
168464
53708
658463
917079
145304
369435
47503
756594
425111
89332
23824
916343
244182
62588
641429
612035
735110
411875
515349
890378
431565
135741
769877
177661
727491
482269
584034
512834
416148
851438
80620
584612
905145
739083
501690
50448
108517
549193
807042
533628
638525
830865
449970
882706
893452
91399
494741
628561
503273
10089
518939
934838
145830
288816
112498
873321
771085
696532
386154
187232
547969
466774
771844
453114
205856
273534
503562
314373
822727
310603
848000
461251
141468
297970
343957
34920
389368
838698
663481
892641
848786
182419
827478
994616
471235
939976
867936
242319
636508
254090
429551
184477
720863
201394
637590
926718
474928
141152
241090
297654
451755
89090
758904
593222
387059
102860
628141
776427
941557
291622
669067
790343
474040
496544
784959
945275
436519
652894
187594
73026
906984
617144
257502
627846
818538
895092
554564
293465
36243
795654
591118
487997
884743
350022
81219
271802
452882
709360
48228
394439
981
717294
184781
475021
213838
969740
420295
650357
622634
607889
723382
529617
225032
980884
157462
43570
875976
712025
337034
912219
507678
928152
400216
392421
278173
481434
664222
731054
190793
712450
125492
191774
429744
310273
666794
643581
280012
87089
293937
902646
694977
17319
432262
920009
998203
589724
963578
874178
301748
300612
