940867
342260
111445
101666
425080
582415
340556
408037
987487
592438
877161
724142
181177
588452
499993
621086
304988
413686
394725
426014
833525
926143
993277
15148
106181
765404
804381
136666
202851
288027
901162
143718
630286
12607
245383
55366
595022
585938
463403
582508
178376
340563
306649
359552
929015
806641
980637
234002
220327
375362
660016
53851
301504
653292
68999
407685
418696
873379
544350
621547
161405
445512
765264
791690
458119
10647
847056
53140
596584
310458
635647
774959
651020
942296
134511
580035
748937
115148
814036
969263
490510
474052
23114
792013
127343
92112
199697
546039
965490
744047
167585
126895
189559
932849
918584
647678
943495
765640
700817
540078
76097
336464
315037
727117
278759
449548
307151
27695
564696
121187
996958
55205
595238
20071
847217
722581
112183
46914
268619
77672
790961
436204
204566
980520
369052
123150
628197
312546
888789
329013
852624
964886
665477
167661
692002
944236
617209
999153
971930
181904
120339
968888
237108
715576
988958
84325
438157
101140
131239
706775
178812
922200
142978
383378
902719
512030
506528
530915
824576
395316
859928
677199
360202
525405
844860
52203
469640
462068
51356
441570
643971
171694
410457
881079
887270
399414
965403
325426
500554
96641
32201
679366
18840
175179
62743
921559
687208
569270
452473
511783
964586
312401
188982
324787
837805
33841
376990
307444
495909
428345
749013
139880
600039
159469
20958
487309
558883
986360
812734
59437
83001
844935
738802
101841
20113
801545
23400
707320
370814
475873
219103
335400
788273
408084
660186
626078
441925
37176
933522
937833
465520
682534
77712
65559
842003
98669
552867
400886
85029
365601
460322
168030
210535
199124
269871
230648
668
293270
937967
371482
769142
157070
706881
557415
565154
367067
183492
7078
404242
117013
944911
869762
799547
22622
935320
641549
121291
488187
42435
206320
853787
502757
374350
64322
701881
644220
294969
702548
937490
232936
74030
706631
390005
780911
264045
955158
147978
447536
962236
552220
564549
907146
421981
364095
929768
357301
5644
51059
845487
48079
257378
699274
550835
631728
763595
252715
275947
58564
955263
213436
291499
29293
920067
681504
810203
184111
636661
958181
631647
598897
510400
196196
506042
932380
560290
435809
289681
565934
486867
135168
614012
744245
834441
164847
375972
598036
417561
651919
656599
372824
865355
948097
402116
785421
629600
212319
969532
266261
170500
601178
865158
680899
797373
371199
613279
357663
807008
902959
923597
293875
38127
537609
38120
872567
702455
414091
470602
120016
66010
127200
492840
931364
75297
894956
716785
704897
107275
686316
971158
277774
287493
836315
958672
84866
207513
571951
442529
14521
474910
366126
308395
513036
903734
346514
385602
606189
760605
856204
726204
826614
983403
219043
757978
58700
113998
474762
763596
221272
161077
734753
499046
448570
571067
457717
533436
778580
29668
975965
793100
504577
342090
101494
17612
245824
448008
403214
852012
208612
259417
578215
35226
242820
797258
793204
301520
911256
267966
65115
132528
429043
799868
631573
877612
370935
89290
411048
149515
118957
387013
942614
623534
729103
44108
641146
974926
492116
44359
826937
700728
303776
405152
735954
546596
202410
529157
848116
113665
797122
913230
246192
226165
713098
877764
103776
84033
967054
514824
233547
86010
901836
176161
709543
630938
220269
350688
605864
712384
395047
432801
413111
698823
837952
149064
245419
40361
678221
93534
154026
475343
6764
400218
701507
719861
277982
805283
803894
245035
320106
37440
331044
221942
213601
40587
852880
433869
391275
458744
146253
786322
891544
559363
485144
729495
708427
730562
769856
386647
824095
923882
861990
830858
324099
563496
550719
602080
368778
354612
847114
688884
392052
178158
910826
605652
218744
763706
39521
610019
222449
185773
396340
113992
745135
881484
843487
453562
612045
613342
840209
436140
537223
702198
266997
861322
265693
817716
463401
634471
172327
310514
323355
564379
488672
234180
170030
707416
997886
209550
317434
220334
395322
713773
334325
140457
595257
177811
594018
207301
791153
434226
643440
328376
136424
910437
189697
402117
728153
653098
36588
900479
963611
359942
464858
452283
594122
634887
159698
592007
844437
477131
812340
239758
190904
146664
380215
786160
324475
974233
993461
115627
408458
636901
444002
544882
547338
633699
946998
275490
286796
983585
175969
250407
343527
640826
702689
937648
275713
862386
529654
120149
339517
341994
359907
530421
488658
740121
316580
813132
714353
310041
928759
122811
946941
372761
667693
494278
6460
614690
769767
293255
598275
945736
543661
941801
586561
246350
879448
862273
108736
409102
982422
448252
751096
342328
978672
239753
82449
295252
52885
796802
605292
981644
919613
552233
354404
587305
46511
360863
201995
816278
654118
800269
762013
197779
742069
348574
444128
621517
210847
552864
30618
193268
1115
781713
535596
979787
21466
618044
275039
74351
414846
880331
55994
334458
432563
410398
921762
479073
771260
123756
295350
425378
924025
57363
623156
666093
405936
67284
287609
616782
620147
318227
810049
621262
99940
345645
601049
121405
963688
876088
195755
378534
756418
251749
712991
188981
662146
634753
668054
433406
758509
963404
858783
682533
20767
481939
348626
426702
549222
636235
43484
169368
954461
853533
790630
54400
199177
391678
175805
162865
267765
371560
541398
24183
623308
254388
213164
285453
889141
881218
718858
647649
844621
577641
330182
865387
59579
678807
292089
608800
315041
335572
778168
269502
189104
568797
323902
388280
960475
499707
551144
228240
871266
92542
252423
494574
346929
465586
780026
236069
346803
498884
883718
191424
76525
213899
56811
136103
892706
348899
744903
207747
684471
523070
477248
873574
91867
801150
261854
52342
300856
812998
280582
172121
905539
533004
666695
252468
998589
446720
488537
345392
945604
372254
536815
22128
586153
593626
158231
478858
942525
903133
686604
626995
426203
163852
500569
518070
965001
762422
570412
265856
575420
850993
437977
480958
383996
104671
733425
382585
551391
221961
727976
496995
594215
264791
519123
180367
858417
677353
659225
800941
580486
345829
427935
6688
509680
928503
524758
474680
690925
95169
740536
266344
946161
178513
747302
330157
283184
480727
712741
834575
702687
440717
331569
296902
705508
850692
477269
563924
528044
136493
364865
108530
482321
792800
115217
992000
721303
639975
466680
412227
735143
207216
678571
681304
385728
425872
11460
668912
906598
724201
503486
609285
164917
835054
906187
870425
685745
383455
434349
213789
519947
799213
322318
2268
592012
437535
994268
313314
77509
460948
725541
812652
668163
404111
493955
53891
829983
505415
722802
736581
229615
226287
345866
394531
61341
252052
264955
747086
635506
699304
960874
155453
498516
283192
157721
90528
720727
151988
403841
798236
612935
129381
610887
281098
533492
104842
334988
363475
610256
57789
100055
839870
284075
445920
234401
345415
697972
499356
92500
