411007
187549
191088
762620
957089
585576
745815
583865
918068
765029
390583
304985
508660
427090
513772
239870
956059
553273
703592
32662
411909
181981
253673
413101
310274
103010
737529
198077
365380
717412
249207
776386
904960
440295
539005
862049
25871
284819
445914
943939
49847
836496
248923
558507
263586
762695
798377
219644
315967
501968
252306
727875
683948
505978
140975
994221
608988
878504
192298
974367
595916
441505
750752
500876
881799
289756
362924
907669
574575
808837
851607
624422
645332
100530
182929
908918
863225
981305
128561
179192
483272
380866
907066
167220
886844
48041
161441
495832
926545
353738
470198
522460
795243
220949
23335
677041
510705
386258
584710
85279
195095
436317
709701
840426
536847
892629
749344
400071
873933
877904
579262
357205
258770
486328
524425
145614
534369
685865
641445
460913
39603
111642
983372
834845
332591
6707
511886
843295
392964
96596
928574
588058
532912
638274
428484
69759
530903
177827
469829
404835
55731
49091
762040
314501
535419
286464
460114
69787
972328
101558
530699
11931
213200
514071
846776
545790
520777
358661
389085
913741
455256
317659
501799
988168
955933
930283
57926
486835
108109
527755
891670
163840
576846
653710
478340
112264
940173
938453
182050
912501
40011
712749
924431
253211
226820
771207
799001
747596
129867
188085
661337
585123
505744
163135
573291
461677
93417
631217
948511
201526
158971
840181
365366
735817
493890
843705
848080
434063
782158
30130
346563
822169
742878
270994
75379
969697
42200
874379
717293
172066
62464
378629
757189
568208
541764
330479
29884
635181
961695
978395
836707
120666
818576
202072
856482
312465
45777
704562
746527
827935
734691
93090
650103
477568
364083
725482
447265
406282
599861
164557
578348
662324
543186
335537
230532
84950
666015
260415
720130
627710
238809
556836
748376
57385
758908
604858
369849
804685
309419
116376
632619
44110
209465
282722
521678
573548
8203
968942
979830
608063
133499
558178
270387
676684
893714
500919
761634
559729
761333
481763
187439
142
38599
935814
57526
797507
540672
427375
602191
850090
543751
234810
894200
753216
517531
415877
326763
525734
384819
306592
133797
518317
864769
404183
195001
758483
905101
956634
318211
666434
438396
505649
666576
476995
441463
724101
274501
982134
151476
876692
832224
695226
111501
726423
448441
629031
142299
775204
154764
527118
81796
288560
45434
946565
692743
240434
705047
597844
197068
23257
264278
635464
528906
930853
112458
970368
654954
386959
952502
806429
263650
784725
501655
375150
511148
950095
4181
653447
725299
158944
180564
807094
447504
225997
753658
140247
466431
458705
738091
663498
481961
2369
298961
10867
933221
411419
981235
588175
798377
933736
394604
62027
718460
896258
437176
229607
846353
441356
883054
571651
600300
63617
378745
47804
289613
132402
188051
756044
591106
926141
419541
73067
928509
718502
83934
861730
129921
65168
449905
928298
998903
844508
990324
717363
740765
427500
946970
587117
868855
830023
158768
469155
893639
537512
516959
183252
669914
705009
939295
261020
631150
358836
334087
559659
77338
418020
421388
207258
483187
871292
135555
482090
715800
125878
199453
456564
553377
146423
43681
422232
976445
202448
891387
870084
739960
408345
53335
409873
113353
992630
670893
744502
351465
4979
304160
428802
422998
725548
636060
906185
596840
771614
388275
312639
897492
587727
769202
450868
734149
812883
873100
710594
15331
764486
580677
755290
172831
634012
165163
286183
626641
836055
30685
978106
841033
334844
406908
264031
60392
42967
170215
657231
814581
558490
969869
712072
146216
739071
162940
880365
551953
36040
590959
567283
800525
171635
322573
973356
805647
487735
259538
432288
323789
290222
410394
164822
625066
817301
428852
685457
860268
599067
342687
674849
157556
312556
386920
303772
51627
549860
184136
603580
585899
775094
170863
386424
946729
493435
359779
752375
981169
619317
184663
304958
909539
595056
469779
534604
412356
898630
220060
272624
497696
562747
947472
655251
875303
334392
959022
926929
884252
143158
530508
470151
918252
701370
856575
864980
194804
216354
617355
175973
835670
802017
480930
745208
397073
950708
279812
809428
849338
499871
82052
347033
62618
29524
2284
937920
363916
961306
864848
248167
104464
395356
718318
22715
96725
574892
887695
291529
791245
505050
467501
626915
307067
948431
372123
704139
899139
651934
513567
748476
151805
595619
95509
214423
625142
97793
152342
989057
59098
17190
237224
163562
412545
955541
186276
509270
530433
73971
800798
321677
579021
268299
948592
886087
216729
320715
590226
115867
972648
103792
864343
124453
699410
959852
338875
324552
57644
491217
313609
116742
508407
550832
280303
920951
506372
466579
430221
36804
540550
231018
358481
119570
499317
307073
5657
716046
627787
595882
831912
600435
699674
696255
724887
399084
656106
63762
723635
713749
554978
37243
830491
63385
588075
110793
984336
94447
577371
414556
131250
117920
645574
489731
237490
144890
796804
243146
860935
424590
839027
692847
25024
538701
389102
749911
937784
45207
813672
661419
758956
368650
698662
589446
432034
286736
700238
416370
381182
277609
830925
512432
395529
476498
2162
633018
621388
798965
876164
482323
223555
715191
175169
248578
253891
564270
998489
191675
609477
812161
853093
368432
180810
551754
957877
612844
838489
658115
29213
219670
935724
860138
732101
331252
336635
734263
964270
958023
533228
840433
440345
756782
555624
615514
5360
809514
179784
3848
1189
789260
816008
854281
157692
996818
406035
115568
609662
244523
773683
638874
464193
709406
499011
196294
40657
835646
930557
4927
793669
463784
845360
234013
220566
400983
849527
225925
210497
29310
229772
211685
818570
45780
65966
976261
42597
472000
91829
652258
716523
865512
291132
180716
574917
790143
377010
615574
625789
307566
620501
419457
771350
465860
653470
991915
866843
502997
217839
77339
532307
447611
289024
350876
493391
354990
327137
535988
826990
418966
188246
543513
284478
479377
724228
859395
269520
101238
474968
895309
408804
95469
314765
180153
561328
968235
172067
428171
471232
389906
505509
3538
837517
794533
354414
330908
149523
681551
866895
976512
100517
55140
520024
384994
534517
244252
244388
804036
345490
719356
699344
754293
814824
14109
934445
376152
982344
106512
804322
453575
496418
309831
457113
333935
104363
811526
664842
253886
493076
531736
230397
593593
586876
750421
978586
121393
994673
222974
925428
340162
942329
624772
94454
757152
638881
28899
133303
621225
135410
937624
74800
631827
247454
531912
965761
351817
343437
630603
605702
836513
162339
836099
430106
749215
586519
408691
870607
581192
631664
796034
921353
573993
420806
15806
331145
59687
44704
464448
680911
180114
402072
755710
811941
649525
287622
777702
1342
631058
408304
607044
467571
570643
443142
897676
319857
29661
306367
190463
610852
938031
986497
532205
512024
407302
548011
843168
466989
592714
307615
147899
772828
709686
