20
12 4 13 3 16 19 8 18 15 10 17 2 11 14 5 7 9 1 20 6 
10 8 19 20 3 12 14 4 6 15 2 9 7 17 18 11 13 16 1 5 
12 19 17 2 15 8 4 20 6 1 13 9 14 18 3 5 11 10 16 7 
11 2 3 16 15 19 1 18 10 4 13 9 14 12 6 17 20 8 7 5 
18 17 5 1 14 12 10 6 3 11 7 16 2 15 19 4 9 8 20 13 
13 8 4 2 11 15 14 1 7 10 16 5 20 12 3 19 6 18 17 9 
5 16 18 12 19 1 14 20 9 17 11 2 15 8 4 10 3 7 13 6 
19 14 6 20 7 1 10 12 16 15 11 9 17 8 2 4 18 13 5 3 
15 8 11 3 17 12 6 9 4 1 16 5 13 10 7 2 20 19 18 14 
3
1 2 3 
2 1 3 
1 2 3 
3 2 1 
1 3 2 
2 3 1 
3 1 2 
3 1 2 
3 2 1 
3 1 2 
11
9 8 6 5 11 7 4 10 1 2 3 
2 11 4 5 6 3 7 10 8 1 9 
7 1 10 6 4 8 2 5 3 11 9 
5 11 7 10 2 1 9 4 3 6 8 
3 7 4 10 11 2 8 9 5 6 1 
8
1 2 5 3 8 4 6 7 
4 8 3 5 6 2 1 7 
1 2 7 8 4 6 5 3 
7 1 4 5 6 3 2 8 
2 7 5 4 6 1 3 8 
11
8 5 2 11 3 7 1 4 9 10 6 
11 6 4 3 8 1 5 9 7 10 2 
4 7 9 10 1 5 8 6 11 2 3 
10 4 6 1 7 9 2 5 8 11 3 
7 3 4 2 6 9 1 10 8 5 11 
4 11 9 8 10 2 3 6 5 1 7 
3 10 6 8 11 1 7 5 2 9 4 
9 3 1 10 5 8 4 6 11 7 2 
9 10 11 8 4 1 5 3 7 2 6 
11 7 6 3 1 4 5 9 2 8 10 
15
11 13 8 3 4 2 10 7 9 15 12 6 14 1 5 
1 9 10 11 14 3 2 13 6 12 5 7 15 8 4 
12 3 6 14 11 13 2 15 5 8 10 9 1 7 4 
13 4 5 10 15 6 8 7 2 14 11 1 9 12 3 
4 15 13 3 5 14 6 12 7 10 11 2 9 1 8 
19
17 5 1 18 9 6 4 10 12 15 11 16 13 14 7 19 8 3 2 
18 3 7 6 4 16 2 13 5 15 12 9 14 8 10 17 19 11 1 
1 11 2 17 19 10 12 7 9 18 6 15 16 4 14 5 8 13 3 
2 6 18 15 13 3 9 1 7 10 11 19 16 17 12 8 4 5 14 
5 2 7 6 8 16 3 13 15 10 19 4 11 18 14 9 17 1 12 
15 4 1 10 7 8 16 5 2 6 18 13 19 12 9 3 17 11 14 
5 8 1 11 9 14 10 7 3 13 16 4 15 2 19 18 6 17 12 
2
2 1 
1 2 
1 2 
1 2 
1 2 
1 2 
17
17 15 16 9 13 11 14 5 12 6 10 3 7 8 2 1 4 
3 11 13 15 10 5 12 2 1 7 8 9 14 17 6 16 4 
7 2 4 11 17 6 13 16 15 10 1 5 14 12 8 3 9 
13 10 4 1 9 5 3 16 8 6 11 15 7 14 2 17 12 
17 4 10 6 14 3 9 8 13 16 2 5 11 1 12 7 15 
10 4 16 1 11 9 14 17 3 5 6 2 12 13 8 7 15 
7 17 16 2 10 12 15 8 13 9 6 3 1 4 5 11 14 
3
2 1 3 
3 1 2 
1 2 3 
1 3 2 
2 3 1 
2 3 1 
