12
7 3 5 4 8 2 11 12 1 10 6 9 
6 7 2 1 3 10 5 11 4 9 8 12 
3 11 5 8 2 10 4 6 7 12 1 9 
4 11 9 7 6 5 12 1 3 10 8 2 
8 5 11 6 1 7 2 4 9 12 3 10 
1 9 7 8 10 11 4 2 12 6 3 5 
9 1 10 12 11 6 8 7 4 3 5 2 
1 4 12 3 2 8 10 11 7 6 9 5 
9 8 11 6 4 1 5 3 2 10 7 12 
12
1 9 6 10 8 4 3 7 5 2 12 11 
2 1 11 5 7 12 3 10 6 9 8 4 
8 1 6 12 10 9 2 11 3 7 5 4 
5 10 4 7 2 9 6 8 12 3 1 11 
12 1 9 11 4 6 8 3 2 7 10 5 
4 3 7 12 9 8 1 6 11 5 10 2 
6 12 5 2 10 9 11 4 7 3 1 8 
6 11 7 10 2 9 8 12 5 1 4 3 
4 1 10 5 6 9 8 12 7 3 2 11 
11 4 9 3 12 5 6 1 8 2 10 7 
2
1 2 
1 2 
2 1 
1 2 
1 2 
1 2 
1 2 
2 1 
2 1 
12
4 7 1 10 6 9 11 12 2 8 5 3 
10 6 11 1 4 12 7 2 9 8 5 3 
9 7 3 11 10 6 4 5 12 1 8 2 
9 5 2 4 10 3 1 6 7 8 12 11 
8 9 6 11 5 2 3 12 1 10 7 4 
11 8 3 10 5 9 12 7 2 4 1 6 
6 7 11 2 8 5 9 1 10 12 4 3 
9
6 5 2 8 9 7 4 3 1 
7 1 2 4 8 5 6 9 3 
9 5 8 3 2 1 6 7 4 
2 3 5 7 6 1 8 4 9 
7 2 9 5 6 3 1 8 4 
3 5 2 4 6 7 8 1 9 
3 6 5 7 9 2 4 1 8 
7 9 3 2 8 5 6 1 4 
2 3 6 9 7 5 4 1 8 
8
5 8 4 7 1 3 6 2 
2 5 1 4 6 7 3 8 
5 3 1 4 2 8 6 7 
5 3 7 6 8 2 1 4 
5 4 8 2 3 7 1 6 
4 2 5 7 6 3 1 8 
2 4 1 6 5 8 3 7 
4 1 3 6 8 2 7 5 
4 6 2 1 5 7 8 3 
6 1 4 2 8 5 7 3 
12
4 6 12 1 9 7 11 3 5 2 8 10 
10 5 3 9 11 7 4 2 8 6 12 1 
3 7 9 4 1 8 10 6 12 11 5 2 
10 8 3 2 4 6 7 11 1 12 5 9 
5 7 6 9 10 8 4 12 11 2 1 3 
