3
3 1 2 
2 1 3 
3 1 2 
1 2 3 
2 1 3 
3 1 2 
2 1 3 
3 1 2 
12
3 12 6 9 4 7 2 8 10 5 11 1 
6 5 10 9 4 7 1 11 2 8 3 12 
6 4 10 8 11 7 5 12 2 1 3 9 
7 11 4 12 5 2 6 1 3 8 9 10 
12 7 4 2 9 1 11 3 10 8 5 6 
5 3 1 11 2 6 7 8 10 4 9 12 
9 2 12 6 3 5 8 11 10 1 4 7 
4
4 1 3 2 
2 1 4 3 
3 2 1 4 
2 4 3 1 
2 3 1 4 
1 4 2 3 
4 1 2 3 
3 4 2 1 
1 2 3 4 
17
17 14 11 16 12 8 5 10 2 3 4 13 15 1 7 6 9 
1 9 10 17 5 6 8 14 13 7 16 3 12 11 4 2 15 
15 10 1 14 11 6 4 5 3 12 2 16 17 9 7 13 8 
9 16 17 14 15 10 5 8 2 1 12 7 6 11 13 3 4 
12 4 3 7 6 8 16 10 2 11 13 17 9 5 15 14 1 
4 13 2 17 11 5 12 7 8 14 16 15 3 6 9 10 1 
15 12 8 3 9 4 7 10 2 17 6 14 1 11 5 16 13 
6 5 8 17 7 12 9 15 13 2 16 1 10 3 4 11 14 
16 3 14 2 8 1 11 17 6 15 10 9 4 12 13 7 5 
1 4 9 10 6 14 3 13 7 2 8 15 16 17 12 11 5 
15
12 14 8 10 3 7 5 15 13 4 9 2 1 11 6 
12 4 15 14 13 7 6 9 1 11 3 10 5 2 8 
9 4 3 11 2 12 5 14 6 7 1 8 15 13 10 
13 9 6 10 11 14 2 3 5 8 15 12 4 1 7 
3 15 4 13 7 2 1 10 5 6 14 11 12 9 8 
4 11 12 10 1 6 7 13 15 2 3 14 8 9 5 
3 2 4 13 10 9 11 7 5 8 14 6 12 1 15 
15 14 8 13 12 6 5 1 11 9 7 10 2 4 3 
1 2 4 15 6 10 12 3 13 14 8 7 11 9 5 
7 8 15 1 6 12 10 5 3 13 14 11 4 9 2 
18
9 3 16 15 2 1 18 8 17 6 13 10 5 11 7 4 14 12 
14 16 10 18 17 2 4 15 9 13 12 8 1 6 11 7 5 3 
4 12 13 11 2 5 17 15 18 1 7 8 6 3 9 10 14 16 
5 11 15 18 13 4 7 3 9 1 12 8 17 10 2 6 14 16 
2 15 17 11 13 3 8 7 12 6 16 9 10 1 18 14 4 5 
17 16 14 1 7 15 13 18 4 2 11 6 10 5 12 3 9 8 
8 14 13 10 9 17 12 1 18 6 7 15 3 5 4 11 2 16 
16 18 4 7 14 5 15 9 17 12 10 3 13 8 11 2 6 1 
8 4 2 18 6 13 11 17 3 1 9 16 12 14 15 5 7 10 
10 12 11 18 14 9 5 16 1 7 3 8 17 4 15 2 6 13 
20
10 15 11 19 4 13 6 2 8 7 3 12 9 5 1 17 14 20 18 16 
14 5 16 19 12 3 9 10 7 20 13 4 1 8 15 6 11 2 18 17 
15 3 13 8 19 10 6 17 20 4 12 18 7 11 1 14 5 16 2 9 
6 11 3 18 2 13 1 17 5 10 16 12 8 9 19 7 4 20 15 14 
1 19 16 20 18 6 8 4 14 2 10 9 15 5 12 7 17 13 3 11 
6 16 19 1 20 14 8 3 9 10 4 5 2 17 13 11 7 18 12 15 
10 13 6 9 7 12 4 11 16 20 14 19 1 8 17 15 18 5 3 2 
14 12 3 1 13 7 8 15 10 11 2 9 4 19 6 16 5 17 18 20 
12 4 7 20 1 5 14 8 18 3 19 6 16 10 17 15 13 11 9 2 
18 2 5 12 10 13 1 11 16 14 15 8 9 7 17 6 4 3 19 20 
2
2 1 
2 1 
2 1 
2 1 
2 1 
1 2 
2 1 
7
5 4 7 2 1 3 6 
7 6 2 1 4 3 5 
3 6 4 2 7 1 5 
1 7 5 2 3 4 6 
7 1 2 5 6 4 3 
2 3 5 6 4 7 1 
2 3 6 1 5 4 7 
5 4 1 7 6 3 2 
2 7 6 4 3 1 5 
5 6 4 2 3 7 1 
9
6 1 2 9 3 5 4 8 7 
8 1 7 4 9 3 6 5 2 
5 2 9 8 4 6 1 3 7 
8 7 4 6 9 1 3 2 5 
6 8 4 7 9 3 5 2 1 
15
9 7 5 3 6 2 13 15 12 14 10 11 8 1 4 
8 4 13 5 10 15 3 12 6 9 7 2 14 1 11 
14 4 15 12 8 9 10 6 1 7 13 3 2 5 11 
8 15 1 13 12 5 14 3 11 10 2 6 9 4 7 
9 13 6 1 4 11 10 15 7 5 3 12 14 8 2 
5 4 10 3 1 7 2 9 6 11 8 14 15 13 12 
12 15 3 8 6 10 11 5 2 9 14 1 7 13 4 
3 2 4 14 15 10 1 8 9 11 6 13 12 5 7 
2
1 2 
1 2 
1 2 
2 1 
2 1 
2 1 
1 2 
1 2 
1 2 
