674378
16913
852060
922420
202546
449017
719676
653977
211488
828888
119542
384381
334298
474750
412569
35575
913847
305757
423649
89455
361650
150437
98915
979812
628494
278823
977144
884120
493634
775895
894054
168011
792808
746114
90431
995353
195130
810107
649330
406618
638995
768871
790999
973292
243620
203568
8867
157467
509324
432516
246922
870973
582953
345837
850784
211446
624659
827928
95566
118292
603823
989620
286303
396630
735734
376733
391983
930863
186839
41312
337481
825834
810183
128480
799125
53803
332047
807992
211270
841371
240507
458192
712343
823459
804028
563127
34905
428687
391055
130471
546979
994877
120091
833282
391507
855824
210014
783489
786687
396853
824801
124167
222686
634984
252646
21811
688786
584693
829802
900056
426063
70309
358247
138406
893768
162275
701533
928673
590962
92587
59143
137941
87464
179234
971222
478971
35057
181236
262459
821743
578088
87260
945910
800774
722243
198556
822585
411029
783248
652387
311085
209311
722696
669331
347716
616463
831606
49249
545135
422568
141835
604278
560508
229299
783511
531729
708269
818568
712964
970728
640311
291052
57987
586220
91826
780230
784776
914410
191258
568024
566796
502342
777334
289491
171673
125050
905954
3279
174298
451089
425846
316133
55367
986353
545431
838877
518082
253699
657445
231045
224426
297755
522096
282413
883974
613921
62642
668750
528331
253900
236773
95126
756242
14106
384617
927914
139155
290570
931192
313453
741659
357038
629585
797025
343390
175015
635902
861471
428714
293346
92516
653140
591100
614612
935552
475074
228533
998194
143823
756863
252093
380595
851989
8334
394701
236605
936248
533855
527175
867440
847307
268833
224477
476892
65858
567867
651906
701759
429337
80620
995104
521853
733759
586203
136464
669311
61277
364996
667504
205099
121858
919597
585694
973847
927930
980394
210451
864178
514249
737626
731617
361556
6459
956093
838447
72316
523959
490352
774074
953296
570972
769178
475148
304730
355381
611612
974041
416657
976608
641544
621756
98466
561141
207449
72312
489070
187842
282763
353248
702091
20389
84864
63646
26847
40957
902092
99163
564915
392444
873236
518211
963415
642413
993359
268145
997793
604970
242185
414450
581577
883728
36205
680043
444868
243654
752354
933938
431496
35116
287185
133586
55504
372049
197231
82351
413005
99322
181513
977920
491765
54749
496130
455180
697161
489488
723324
694954
94458
965508
109403
676035
849235
145608
356077
294103
389261
108431
228041
820756
143546
515226
954341
199050
887274
151572
281400
300279
250893
462913
278198
742658
517661
774328
197837
214822
263816
921160
909775
358273
886667
19178
34307
735902
164785
390384
30005
554046
498814
258046
374801
642360
773271
329142
841409
660545
480713
122809
960824
731606
585722
239021
474263
103382
13349
672100
318203
277164
593259
227978
635436
479926
247155
669743
215828
411940
60127
245833
965985
558940
503878
340786
201300
277149
669928
42709
937693
150641
165517
898517
882246
751239
137537
356509
854620
150886
28608
172823
428049
621867
400800
63484
101793
647955
733227
317620
59895
793353
563453
25880
352293
67330
366665
553592
344478
36593
596300
282171
187233
761817
180687
69479
513055
318224
425987
367675
469109
454594
540498
897157
76461
941298
960641
178253
589252
693868
495873
649147
487221
59325
675026
839513
126654
41691
393104
471132
78283
989404
753303
265516
751220
933990
334994
264275
252214
760981
631950
721322
215575
172447
618479
292035
113744
579120
470288
702996
272987
966160
352142
760207
25484
27168
599720
152138
68858
992824
623270
147141
982227
376573
412656
733447
310562
747650
997721
562775
508631
629670
284097
724205
802117
902576
16240
915860
481695
486527
618856
754682
452687
970998
514889
478171
998165
114609
630308
67022
107432
253578
214163
89658
630150
626818
823105
940712
374468
820825
503487
883098
450495
787583
607303
252611
690159
623542
168471
171854
110069
787327
926536
562755
758324
441424
40925
756488
556033
671233
823510
663464
924810
37672
753122
554960
664490
576226
495672
38958
397051
999158
922055
847545
786741
529357
100156
476899
152899
268626
648752
262968
55952
575287
825722
814276
16711
866647
570764
572743
537879
394274
236207
462689
431946
989328
17649
96435
565553
513320
135392
962603
512477
57447
810148
299218
586804
910303
776116
739702
178929
424868
2670
234881
155
828391
49156
16865
695037
619920
589608
232916
14193
825814
695604
446138
815141
713252
542572
380694
226572
677964
343297
739049
735410
153444
38266
322214
63747
814382
61916
242675
239249
64585
477555
239403
892975
526711
256268
588012
146630
845875
820927
160823
671688
516531
606960
486829
229782
149532
867523
456354
827496
210819
195402
562905
364263
233667
885119
428009
48048
947034
670683
287297
11618
148238
526700
904593
674949
782967
492604
821578
628841
313531
982400
300529
830061
589360
787357
59843
738891
654879
516196
566386
865698
711597
129291
229960
945264
14409
657968
993312
961443
328651
280608
973060
476888
807307
877652
151836
590274
370256
973414
219115
683786
955814
519643
513847
545173
307000
573689
284064
961879
89884
850450
827577
801480
979741
57536
746744
994150
715504
740055
955592
44154
20663
928651
521042
827970
806303
672878
418243
176558
646291
637357
860344
602105
157000
374190
147278
464000
947878
431341
425879
37761
281791
253455
839241
261531
310990
585985
255680
26493
326039
211271
70647
346701
139922
591688
174670
946224
264566
592912
122781
910857
230269
983124
512961
387269
357313
660238
851268
305191
91579
277146
342951
373370
530601
182192
634900
841590
768176
890580
868083
94215
101850
938730
440915
241771
530418
615584
187995
794983
208496
310775
705839
438765
293899
218799
826033
651212
879037
677301
956402
970616
954446
299353
343985
485046
481545
978885
326636
249721
869464
194719
343935
971314
133448
784849
213084
663865
400433
401078
458847
608929
711853
164686
47693
5752
383485
873726
656963
262521
551026
613364
233137
505472
912717
577121
990518
394261
556006
317153
643981
425469
511872
987915
396782
645319
772764
609866
309184
173196
10944
768031
782125
722796
932716
829817
728547
316200
703542
385510
578721
254568
998873
811858
760039
911589
388978
750556
305850
944984
67709
949830
370452
579580
937745
767233
224898
710508
377098
534082
883704
388041
302112
665828
110837
234828
495644
839384
551028
199186
224893
129748
453753
223766
941605
213791
135355
330583
964347
441204
275566
32055
391034
646018
611634
328778
413250
836532
39285
790348
370613
922989
178389
672725
588816
289226
907552
84460
128609
458580
283645
353502
588327
737398
577267
529932
951189
712621
860515
915535
153825
136081
947589
544858
782098
559223
873636
195347
395754
912921
985695
766367
835909
164084
439092
424724
453309
346644
509183
581917
805223
792828
935419
393550
530225
512685
923481
481414
225306
783996
396948
379130
920076
344537
923988
702173
903759
797623
897520
299513
710544
883214
