479924
372279
603560
796813
808463
171972
683520
98344
737324
12710
665313
318446
778043
214084
95091
311699
759723
503291
976830
669286
270704
207386
206993
134909
980941
290621
9192
629248
510805
72281
708051
990728
444560
311611
787541
253023
483582
471060
351366
220905
483770
16679
539350
261812
230762
634441
573511
990485
137731
550340
659770
408434
757725
866763
543342
738666
157383
552534
367914
668188
624815
75965
658916
69375
387575
446456
322397
871156
917516
673763
92061
401285
690441
631411
663097
921203
265852
236607
911687
403582
786947
571457
812016
544672
438219
355358
283337
595602
907892
651251
263789
532706
727215
922704
602081
114789
369160
924477
985945
286675
598239
78006
687960
288680
709416
351056
209882
975267
587663
121568
378849
374609
693025
190865
919280
131244
546223
202617
726845
454114
853867
990633
986820
581082
913337
588900
695871
282496
513377
681815
569170
111616
759821
257129
400295
469236
608184
610177
444503
195846
731744
823351
570455
424769
14216
489734
556012
560438
692351
282856
14552
546217
273489
1371
127298
186825
590271
823169
469320
103647
504984
38489
215263
264804
295618
615557
734039
903802
225733
178542
99648
957477
1893
670102
382246
16108
159836
938257
576545
852186
221112
591097
398403
494600
592468
525701
681424
182738
348869
150744
286385
853852
189232
501647
118655
484849
117204
852694
388651
342936
31235
488298
300413
33127
158399
682658
49235
318234
620914
625780
170420
842026
216876
568822
336626
809343
94522
18050
992081
443391
168793
278466
297242
358025
780112
415897
842874
897315
268591
231524
240251
299826
719821
540664
332953
878220
223322
382187
196454
844236
7966
366873
686262
224842
935695
22887
34184
30217
40937
26265
473607
209729
304730
770849
567754
84842
186745
410627
982156
455336
642150
222407
755161
361971
763071
88113
240190
986392
470299
436644
830627
478265
803516
516888
703106
739211
539775
737290
769427
580711
763554
243034
790440
68283
13882
358194
153124
200627
768820
135280
655962
410970
357687
411122
772941
120758
499235
13131
107150
969533
449774
937777
447797
253290
454665
150903
992500
994439
888192
761926
575150
651746
4959
365590
720029
18841
723783
873153
219467
492603
8433
875429
903572
366119
286550
676513
486877
785785
689643
594026
755317
139416
531802
203114
392705
986466
354017
385205
980905
242208
147130
556055
893954
152089
921645
613982
170929
645427
487134
390396
138030
495566
265824
41602
861685
552374
718114
348561
338158
407756
942587
93475
547172
474389
296589
939876
460854
650605
325080
441759
892813
472210
997814
786766
624299
919458
400747
795228
564885
887881
185623
702914
383446
451447
744515
245130
3821
462629
593691
341979
870384
536277
435453
417555
10665
732042
357431
471519
382646
682511
913278
275459
154721
911091
62224
779020
830548
462971
574247
395432
350851
759870
98346
734297
211317
842861
979427
215137
305489
573117
557115
175872
109394
992568
593427
120059
724609
950858
591578
107255
633369
504856
382714
788090
415946
444938
567109
246493
907909
141356
641925
258759
901226
740271
993056
112542
583131
972482
327679
888619
545599
884794
64491
654993
877361
657918
775052
601970
608775
366630
709225
242144
871485
91938
30233
287430
536876
597342
533923
444784
738698
175848
703543
639923
916118
696598
752464
499248
669080
80143
387866
214678
964936
452356
869671
842297
110273
644722
444266
719048
11352
153491
961192
882836
245429
991425
170265
782304
588767
704188
227087
327464
880035
930630
967386
796152
627227
719850
295400
296306
799992
683265
510984
764927
135621
380655
607223
245894
25377
51489
964942
36728
204979
926134
919563
450407
917558
89828
232711
506324
794015
459798
833787
674050
390427
801172
470202
17653
521022
765601
313959
321013
448866
824943
85940
584486
205598
693163
830380
230974
744651
795321
267702
949630
721454
187264
400037
639012
277092
632747
145335
71107
92544
979122
745156
482970
780294
215357
500623
301315
980957
814582
622327
429822
639525
708267
14308
845122
401429
844688
76095
146079
640008
343796
95709
361462
531060
495745
474
808152
128492
145808
879258
221036
124930
624414
704005
905223
839770
204628
206537
820727
19210
828864
250549
658734
537130
264857
503855
938559
109544
579950
84637
749552
923746
180346
111014
454806
676090
111487
262957
804581
257295
142215
25617
382224
766628
729622
287446
606398
934249
493983
427125
953458
322847
677674
612191
859977
942530
116046
798535
52074
695995
883172
801625
619740
63517
912638
74545
739607
24125
337502
544188
281419
479716
569804
663642
246344
299425
951088
852742
233673
445071
279866
187131
767917
957539
799322
627893
900069
915368
426428
952142
611362
309599
753766
231102
373115
666404
305647
112722
690528
643149
656909
971946
122865
226712
635588
369208
526136
586676
221949
759809
31746
501815
946940
799663
459353
746262
427555
359421
661629
853982
311563
272991
163581
65329
504092
536696
731732
809738
649417
422260
452886
306326
394206
575751
533037
29793
944958
59173
616468
166907
818982
648214
668721
765922
447876
128073
512183
875431
487494
173812
729413
799057
446802
892993
864385
950893
429689
596116
760631
79105
18375
213517
385430
412580
789267
918467
442373
734225
977640
58841
901131
796621
707054
569851
562543
154930
697924
74725
30360
185418
248536
759772
984474
695337
652765
848858
646230
82453
444974
406860
161558
463348
620377
546988
875928
409643
465455
318300
143868
443094
377141
44998
239715
84194
614848
802257
239123
312772
876982
269483
498189
125517
29255
482663
820854
682020
331520
467083
764472
776493
873943
926030
239841
494320
473018
115768
903963
938472
434068
47830
381566
811208
92827
621280
895402
707675
423537
134525
20446
300518
404008
518635
426034
433262
1297
246888
115281
332817
713971
879753
109310
587914
805783
349150
82233
278800
464918
986195
217272
898986
34024
598838
710194
126850
220117
605596
834525
643654
740120
854971
944171
144127
373605
370205
577389
374902
617092
692669
707718
331063
572422
817027
918976
378204
166177
1208
657004
631095
987402
874276
530081
21426
473113
240274
148276
693230
845869
982800
336883
585989
837770
281053
730116
211375
651258
307504
586276
268349
173
293994
599412
572595
111021
518387
950799
277197
519594
607802
908292
506996
482078
438372
528421
955191
678645
676696
648420
524514
659496
985303
110502
497265
266356
840618
708640
917613
148121
294915
185962
148294
588909
785373
720888
699929
303759
671686
977126
823352
279488
885417
330348
761566
323789
858768
716756
2434
535464
365175
526947
194959
350477
637449
692224
616832
478066
400863
534445
626187
695778
720406
774481
284686
505778
495369
984614
809536
167054
961740
632888
446542
847156
963235
208107
170945
822003
924862
173378
357466
290037
700325
552425
640514
337773
244649
257345
815839
645511
791790
442026
341289
512195
216506
625974
17973
711874
610588
827508
878928
572327
460396
325470
419483
423631
533577
590427
245634
458438
