845417
607772
368699
133108
576197
229707
943157
365318
979630
988009
451095
108969
813094
252416
790416
967027
595268
859265
633345
683229
787112
727161
230979
430117
429716
907571
397035
267123
900528
130025
21565
745945
737797
390263
879052
313993
619970
822208
679310
599600
810217
130404
708568
623311
382820
498984
590337
978088
358249
223681
661317
145360
950842
892295
575477
380557
799866
972511
647679
700393
102536
669244
446337
840332
59507
325389
154324
679476
147597
833633
279076
957813
964037
987643
581123
346856
486627
171459
324944
844875
395140
986260
990234
345982
878555
565710
726538
678420
538221
374217
378813
640756
43460
825150
481087
102966
150538
635411
782441
298134
469043
61516
255947
433080
49159
837069
779935
535785
8528
104878
380660
403668
91138
370894
749649
969692
936604
476187
648111
474824
850403
26923
115580
893862
852072
596667
996827
2610
232077
779268
300744
701120
840784
556690
134199
889942
393759
914134
425727
402287
19011
806387
805954
110149
177280
555603
79840
113883
31789
727950
588707
882192
754873
704287
776053
606945
300953
772880
609555
533029
552147
910298
234148
392931
466988
368347
282872
860747
282480
708599
263033
301490
514985
68987
411639
692265
624589
491478
806147
656378
219427
394854
538570
974300
99140
314622
581245
400092
87502
190799
933121
639648
101097
167269
32579
568084
535615
315450
428830
818094
24049
691863
119584
539034
760849
531222
231298
385438
22699
37444
41816
242126
432297
580385
216426
531437
895007
797670
931528
982508
988469
864649
622156
89565
31917
654734
657649
567532
970184
86479
385626
994232
778341
505209
533266
539189
36431
764563
924627
59130
802007
966443
301256
234304
546827
517681
765740
441834
315351
697268
424341
303820
561916
46497
393384
593833
701230
51032
161364
671414
137511
546989
665646
915851
52198
198911
455040
88629
963473
379667
147758
765479
346109
449014
999783
892935
966694
765522
334768
282045
462789
759109
585864
24705
805605
979248
618537
506835
30280
779901
178248
167790
326889
843893
83640
379087
42803
538680
467716
6276
918346
615473
771755
264454
64487
771537
157389
31180
537059
492156
313225
999847
251265
899089
24551
56869
878336
643088
563703
908615
422988
741950
76404
749877
585843
160044
128963
628645
698723
596679
634921
617068
212151
406675
881521
276638
178212
38909
307817
715270
531065
621042
715117
782330
520130
739667
839198
398465
382754
402901
307079
805742
144851
383483
555618
730693
543526
684581
359338
242249
281259
994258
859316
493410
400933
740837
770047
579144
779746
77864
294413
310811
698905
9529
93140
219034
749196
932338
617499
131950
335238
924578
937691
480088
308061
493308
210781
851586
177888
570118
93835
459146
564375
953150
952555
965307
693987
722601
544451
473733
800464
838863
784543
499369
848392
877682
718403
597587
810020
335901
729536
145257
260479
667227
625345
568539
160534
836125
420125
338422
406243
513959
797567
970618
467109
750122
935924
161095
472722
480375
634827
273186
319237
419370
772554
167628
297052
490956
765215
107071
826857
494751
252328
87336
161977
877672
655874
322510
713797
75998
660932
120039
589957
458498
90656
57065
208620
26580
218160
681341
506954
852986
954527
826191
272355
727081
993819
569406
218037
759033
676477
44894
253783
928804
132229
415760
806475
788102
738270
520272
864100
399201
640310
454056
857698
730966
511120
66318
757545
729279
747658
264499
582265
702185
90689
854620
429266
84507
424026
647302
843540
100502
692195
97323
29306
824423
513082
835781
612525
251351
356052
476624
650551
996362
930680
508249
727328
441800
574566
484873
171078
322224
749371
753343
24408
840060
607963
453673
924567
31988
100975
768106
132490
793169
865428
161796
617592
378509
997576
230116
629859
353627
706740
280410
349989
637419
788658
77316
79218
363223
562188
250296
685446
311559
3638
709854
151618
611601
163527
76184
643589
264501
844290
776078
57669
709717
937873
675261
88226
935449
905376
718085
289076
612115
998494
639064
249534
787151
716379
328751
150373
278567
579046
835819
590125
582684
545672
741742
194284
709198
817926
837872
973698
662215
613950
31367
371932
551823
706628
460157
487271
612003
178241
776346
224118
176735
415410
473652
963885
131789
802402
114258
410355
381447
950076
480
964131
495748
742222
158415
204945
560147
996286
178643
222362
610236
210010
594293
162059
916638
54450
649329
528641
232691
425675
752758
409425
841085
226409
373310
972873
28811
487567
383228
410258
437643
383708
374388
933390
125929
532802
138335
686076
529088
316978
908438
139324
526988
502730
301382
443625
557180
950711
972265
789871
376386
725023
199296
217470
951432
572605
190343
980242
60171
573571
390499
497814
957278
764887
431203
83207
297689
569538
769282
826777
886515
677719
966100
413503
180449
267481
857127
737629
218191
829391
527499
594576
554414
726794
812046
505845
299398
2388
486086
359569
575958
876585
857383
533236
641472
288585
616442
939160
858123
385723
765936
744637
63442
732036
158139
243890
999516
15266
981519
217707
844657
509017
812282
399070
235810
624327
904914
535208
626715
391000
894777
202673
267585
752159
735908
909056
40744
352349
848216
898866
738072
614152
643503
801513
346187
801642
45403
345703
816907
26921
563409
661563
535937
375691
60632
771747
17
965546
306955
626732
356545
201731
829404
624129
953890
565311
533185
994633
917659
381401
893499
655730
995553
537001
457243
341740
338642
502645
687442
155549
529565
250850
817111
65502
626541
877742
837248
626557
843288
144203
253289
199832
345934
82692
823961
299823
648002
357146
294456
565661
738546
187955
221390
734099
724955
678633
75838
63597
181277
763279
219145
710841
14129
36256
776343
640669
913998
613590
267226
757285
757793
520514
957116
103726
603205
781077
403549
251207
138222
698005
816867
876767
885959
38257
610865
610914
716889
686703
674511
898166
449982
893655
609006
464110
929911
385348
104779
843908
998938
372005
601192
756731
892519
558308
860456
495724
339384
264004
746930
477605
962009
563797
354372
847967
602054
965236
458881
318943
651938
133391
217108
101919
27045
826113
566029
956955
211461
670808
800863
210399
42813
402054
967129
935331
960361
827585
431054
299744
91589
177984
777348
53597
741781
131720
901564
343834
96955
360444
662776
748893
493834
879883
850812
520879
705996
416841
477834
917457
87649
278696
127856
130461
680749
94984
65792
641110
922569
496846
940854
14157
674830
718202
67753
416610
849921
969317
760444
946876
329760
423220
695769
823593
303103
546581
344471
9098
963422
822304
926555
51070
101000
54410
181531
781749
149394
247323
422859
71962
744168
363712
86119
418998
81913
153872
835607
931834
123188
596051
878709
452947
19270
574477
276540
322373
121057
621010
331471
84478
443314
258025
135548
544314
312435
317078
326062
461828
564401
748920
533790
308568
112632
619909
727565
194544
773780
563172
126377
896967
159223
5086
349914
178493
579562
626453
500865
