940643
184425
626608
743387
334937
220730
360523
264903
565966
644717
417035
81059
14843
116162
996370
600785
637505
850691
879658
495912
113667
41689
658976
191991
957627
848628
342463
135752
263641
873155
629009
204284
57579
255617
947670
392515
476346
308193
657418
42311
952909
74453
123370
967752
190614
119740
568536
828119
970431
448193
324031
84098
489881
983006
276088
447508
831633
618550
583259
95274
491705
212268
299558
549283
467884
247227
941798
944230
555420
599216
986541
508329
673669
109911
476080
864282
229650
44615
692401
200081
492808
16431
284178
982689
999436
560266
430197
831069
178815
13455
926343
670519
225723
225900
219802
693607
473127
161600
637836
28546
760815
624377
536874
434483
734287
12953
298765
963937
57568
991165
164018
550376
7596
448196
533064
7031
8461
963260
838100
187275
976715
764442
857794
202437
990341
77596
896044
463467
239195
533879
492013
10
158256
28886
434492
892543
41839
733257
856480
99407
724422
20497
649782
732017
468692
182846
739048
477153
146105
577147
664428
122820
341589
522221
325257
331930
599816
221300
795396
839011
755179
287409
839020
913434
316295
273512
805977
358133
6768
662456
457539
731189
682953
107320
463206
151645
290165
202253
628797
436270
779400
293224
559090
120988
815445
884346
452917
415261
105646
248313
254272
860824
535721
93291
774258
852015
366802
580234
210148
373570
242689
667686
104759
925642
775006
567964
77286
65171
770216
706083
501441
549615
999307
60530
670602
814752
944875
123519
230012
50521
371831
484283
911344
907551
577574
685601
759566
944376
265835
969713
317945
508524
637398
422703
434165
412404
990666
511450
477574
760882
217533
979014
310496
216839
39544
981098
31590
984419
104616
261602
34939
476447
745885
946282
383997
323458
631883
143562
267833
897717
113275
585778
406240
750673
8480
840405
163076
999145
351855
640650
760027
569387
619664
70523
786225
659207
51621
817815
643625
156236
79416
678563
632683
825300
624845
16679
148758
256727
160241
416591
154444
273515
2368
560683
24188
10847
401088
187263
9992
752942
827913
770018
322328
447576
840540
108553
106782
892160
926367
750406
48396
5782
428968
681078
831082
53813
697757
979839
310539
857998
396429
464982
131513
398796
25665
155700
409643
426752
342963
419634
179693
170875
189652
502021
618450
30192
610573
725232
922352
536940
475637
970748
542721
904605
651825
373803
958417
349582
353642
268956
207579
750070
733938
339092
148866
759602
494791
558509
186354
837754
978142
366047
8628
167794
868067
627078
197985
478640
352309
120336
15579
827945
91083
558300
732550
742908
932103
690967
92490
285744
959922
300069
35814
693859
639160
184680
453461
133951
743188
639814
971704
721330
5860
980332
889123
873927
607409
87108
352567
959717
207444
368146
787662
298527
926446
520212
41435
858548
211178
133924
144291
171099
433992
180105
864957
73152
364784
318418
207102
107971
958231
178806
829300
964091
159137
718423
838017
766545
805531
190584
726262
12974
558729
513924
311500
485174
34135
352934
343722
245312
486858
488013
416410
920850
668117
281367
994001
32900
599784
201103
140871
558015
379909
970171
522105
539045
688594
360122
305590
494124
550705
31851
507097
109433
545774
818597
594607
579908
171530
938328
825220
658388
426340
241629
579237
94456
522996
573238
127356
122780
774341
268226
680794
154249
238397
202898
693294
926990
563019
998883
421113
113724
30734
928209
223156
576508
746806
817763
156416
918335
756090
981635
576723
182429
223264
155960
276885
746259
729198
404240
869039
503538
672466
549832
657787
910862
752730
351081
837851
315749
349964
258964
429472
380697
187173
652628
957205
933978
470390
113620
852313
226479
95255
429035
408908
318518
584994
685792
64777
314191
90032
933815
817729
762497
483647
475516
673359
236376
826596
511210
552125
176560
770173
981596
557257
957345
634223
514461
891322
104612
628081
743634
331090
723335
172669
739997
41853
757662
425789
106630
71853
515820
40445
889582
278317
524091
365098
951675
760467
191694
462884
312591
368253
233056
294187
925509
190401
928409
439969
81722
33021
68050
825356
364110
791385
998024
104107
833237
755686
529896
939867
827539
45715
980311
717120
324031
504402
82218
275705
264869
273911
738589
577459
642163
971644
871645
567671
162044
800054
7640
243766
833074
75689
69122
197184
867074
67145
301291
700310
822831
831186
640177
650369
876900
620487
367489
200931
124888
449706
476636
389757
723616
215224
967215
365778
186868
838860
933449
348912
638914
941089
592677
471987
16778
661798
669171
883851
728943
970461
584161
551773
801646
224337
202142
678546
844823
569630
879476
969711
19335
356112
359467
742951
571335
326682
108729
758202
165542
42177
107113
804455
983266
699790
276442
43
361588
945612
883893
90531
916072
468053
642304
717718
692389
844445
396263
537212
414075
275739
506923
433410
631850
866390
176360
203185
193071
285088
961387
358613
327265
68500
163068
310530
768289
439509
310572
129877
385121
194464
220407
301193
662517
862711
18911
354905
707155
415174
892116
121229
690912
399039
554638
322762
265428
730998
525947
458499
16085
487333
817111
343350
555832
980178
653880
324121
419687
964452
453997
804808
158915
674404
106000
821431
537114
124910
176336
244269
540083
68452
365497
230995
467490
920135
553757
732917
651132
79703
191415
667217
567035
8526
10566
122867
988704
664446
446987
408391
628897
900984
213198
787812
575387
319197
609242
112501
444107
785578
356769
984190
854029
722266
215184
321519
642400
768940
54435
293532
848643
245850
960748
415678
254376
971314
538544
243079
635759
985531
651469
264655
886514
864667
52466
461901
183864
661708
574401
627970
447286
931170
612159
301314
653435
827343
622832
295835
596283
677267
589366
444926
923117
550113
860603
177492
521427
399147
420571
157185
384677
72040
421840
271190
936706
474306
733090
120569
136014
307491
748539
583299
238660
360698
884613
892095
188040
507444
187929
784323
184711
777295
229248
107827
327407
89851
285319
848834
488997
705889
6019
873673
777928
427858
144863
714634
902164
877953
835202
38177
185444
583741
621475
424103
944438
506088
316198
132478
13532
504126
916800
198242
281420
146048
306069
608827
235898
591387
457660
724894
297276
463678
598567
75203
891536
743429
789836
793700
621382
625038
831876
806825
208778
453351
230928
153216
959438
547125
285693
972969
51251
202493
171211
332670
348540
477279
941497
584437
68666
399157
309331
365941
862835
907897
441144
754371
651326
230979
548070
272708
856017
379945
79532
64795
833296
310460
218010
792733
857584
503703
765702
908834
706195
936912
241504
54734
414191
183001
639171
482856
582157
948502
848796
444992
856399
289939
199362
507725
520918
747431
780432
376935
127376
859964
441729
960671
170423
659739
753404
28006
163441
519105
936840
869635
456017
178344
924369
870207
361344
563540
353063
943501
512042
201858
388492
368440
491797
587854
876165
12715
335285
656596
389649
