437688
533575
93031
857936
121022
927367
407786
278818
914199
604866
286721
666645
806912
80953
32045
444085
260052
678707
774683
259711
374895
481654
741699
947731
152533
796572
510244
198243
715068
26586
58693
152755
560160
151724
10691
681181
79090
418476
959999
993289
23342
246719
659933
830254
327671
691977
274338
587722
370684
49021
847433
745578
530674
589132
693309
683206
385703
203553
881449
100771
230138
940142
253526
790297
91865
264216
471477
170955
682692
431475
164243
706033
678193
824175
536286
5864
516152
810624
593586
886835
859645
441018
632413
390319
30149
325721
73525
415852
529274
954973
516622
759411
895114
770147
549707
986979
34362
21184
157933
717054
452658
322175
423086
130851
146350
959372
136715
662502
769996
730300
549337
629640
171317
181750
19958
201466
507470
93482
617318
36743
48455
133939
796154
943569
904085
345860
930547
938447
367043
88480
655500
819701
410655
78586
950552
557004
37958
87266
219506
807953
817565
768842
437593
988882
950591
457551
190348
458061
551032
807665
494804
599487
941604
290957
543055
845689
636816
473602
784135
3859
562081
439635
823559
972735
518221
774111
529739
556178
861376
749244
364130
678941
518085
801722
667823
468676
259273
858171
926736
810304
665835
421539
409791
607439
712496
952845
453127
349311
426446
237262
353170
988527
676896
176728
961261
195117
950839
491000
751294
812214
240243
115424
491155
758328
917146
158978
227004
176418
17148
153739
986722
682983
575278
396512
290421
287773
349356
743547
637084
775802
980808
990253
764328
657704
166981
725589
852820
117819
216588
604114
930033
456831
719537
421187
215159
636682
580164
442162
813099
597311
595901
799820
280294
171179
196332
570714
458951
545687
314261
96035
321488
295068
86287
85816
952772
253268
811404
805592
371086
27991
409706
301118
484822
129242
722305
699980
765924
302469
142142
579023
899780
738042
378843
180073
909220
575174
750787
368171
120860
65047
464205
442348
360115
550492
528164
312886
803759
339567
118478
174845
367558
528183
475963
852379
657424
198267
552359
423348
500736
694500
2370
400515
432542
381212
580588
341761
956385
331374
709931
77245
396420
174136
519593
756534
724627
47756
69420
528386
387323
187897
703230
754881
716079
179192
607259
373503
377459
159618
796851
878194
854117
799220
278709
286658
180431
859297
628419
136816
190670
338350
214061
587089
512486
733653
343623
237113
781409
413042
765498
168731
600938
468728
923611
317017
647920
530870
690520
25378
690487
487370
903572
544604
286590
182281
831262
467020
41577
459681
603836
232246
798030
817896
819335
310516
551548
162957
547628
332957
575999
313125
501687
176937
781852
425298
493954
429772
956167
184473
455149
646654
671843
358721
191258
958432
541001
22519
425452
582578
482200
29287
814824
280230
847183
634158
590745
398731
797115
138372
731687
373113
451496
233373
550049
233348
658670
44002
663119
614837
228475
118268
261490
900318
476989
452747
858749
17990
475266
284201
600567
957465
313487
415390
237695
160670
49548
828439
559400
846662
966810
291086
219775
418306
524459
769824
651654
183129
813826
314772
797965
42301
433040
59455
942618
910029
512202
801367
928018
987468
85567
528584
944933
399054
943974
182627
559723
993522
11065
119123
840183
977874
410208
59958
396179
934667
829782
47833
117795
643607
362605
915760
685908
795644
975215
628525
705672
487417
429891
633690
474884
515458
162273
419816
914511
106247
602442
474234
99768
613507
593356
939951
591380
3563
999909
987559
938230
829690
35391
56025
473297
397995
971785
159204
193639
946999
787728
899311
434415
217619
533000
909299
733076
695273
329114
647587
801519
931556
121820
901287
545062
715175
841237
136442
718738
841145
124001
656967
670834
159392
712992
144131
557387
684776
303334
751025
631775
91062
650336
66189
308681
183335
975487
41757
878608
304601
689343
680127
236156
811162
581413
781218
526337
422649
917659
245074
263794
41660
902041
934628
201051
615032
78758
758437
299808
382092
509462
931582
473153
159798
997771
781834
343133
973258
823590
221740
277858
512932
901866
514014
324094
483278
295232
850431
905927
212890
95504
169721
254550
997545
104348
455600
612577
183106
214037
912384
565198
723498
843965
38350
883296
841735
820183
226428
814992
643773
448167
92850
156705
350033
606864
480798
833311
902095
331228
739237
114985
426732
908958
369534
424277
13306
825133
36853
196411
39169
949236
761608
762667
793201
799958
645962
634936
620141
872390
449928
263914
320556
542777
420618
670588
149641
901415
503898
51735
232643
243135
166719
659375
152092
536252
83651
165398
361385
120503
361808
400554
69739
123416
163221
862940
923374
809182
497875
543515
681571
947802
807428
2127
490579
228045
672715
640219
129460
176613
691954
362103
419748
858673
21477
571840
394925
105127
737237
756309
225630
99045
156862
295369
222461
320083
158308
145834
129264
656182
689349
810835
603984
496776
812962
94563
724821
485677
734782
854281
662289
426735
216383
82037
285408
237859
653876
680332
342985
391112
436640
568615
490157
593502
863983
712617
913584
22290
858451
42848
678472
547799
853683
282455
44575
666645
377018
769396
152321
111799
623676
814610
538534
840058
896646
823941
77916
550522
504272
420901
941634
940912
989515
431790
534414
853498
144407
447997
875787
2857
490845
554258
550656
344528
836713
595230
11172
213730
364625
163493
325529
988301
978102
864063
828358
874748
688003
906274
425270
192275
327174
366903
133186
316689
798693
667600
170186
943099
115597
45972
945956
606441
600230
496611
950969
436943
91840
962140
650673
456465
125633
976201
444765
103735
840263
273122
978482
528266
179395
403752
720540
506569
770654
853726
823257
569347
521326
993442
512446
636922
39414
458401
243363
639644
955011
194331
76586
46850
156471
727258
503315
282103
703459
948079
385837
543722
221201
364319
71987
400596
768070
792527
907164
538724
646253
730421
108070
167578
723863
620515
804499
763277
78915
47862
402920
33925
242192
479505
80775
398662
206763
584089
680764
910221
532167
66600
453942
753368
430918
525929
153964
198987
318456
61128
737710
964709
791548
845780
132286
515411
466294
936785
278687
545209
984646
681606
579133
226838
161111
659908
625499
367873
243996
306263
278094
776163
372862
732036
529530
803780
257964
683493
2767
576420
744620
740477
541128
536168
586256
673414
51578
52550
610199
330265
597759
594844
11870
176891
821682
172981
836798
447180
540853
80794
753442
818947
856956
126304
550982
386486
930084
808946
69979
932851
385365
814599
673328
926493
350767
259584
599906
402344
312133
210104
732608
909892
804948
744478
86782
626629
917458
923580
73809
458311
4374
827251
277257
861329
953555
828239
247815
883639
637184
317793
816489
22549
132392
489816
949041
483158
749399
548946
885502
61532
759049
618109
971423
563997
362587
58205
190625
280045
981785
264434
738356
986158
91684
15612
847487
45239
843851
95301
928877
481034
413094
745365
503582
