19 12 20 3 15 16 9 4 5 17 8 13 7 1 14 6 18 11 2 10 
6 13 1 10 14 16 15 8 12 7 5 17 3 11 21 4 18 2 20 19 9 
1 
17 13 16 22 4 5 2 19 6 20 7 1 21 8 15 14 10 11 3 24 18 9 12 23 
5 1 2 6 4 3 
6 14 5 12 11 16 9 2 4 13 7 10 8 1 15 3 
4 5 2 11 8 10 3 9 6 7 1 
20 22 23 14 9 3 8 12 18 21 4 6 1 16 24 11 2 13 17 10 15 19 7 5 
6 11 9 14 12 17 5 15 3 13 4 1 10 8 16 2 7 
6 12 11 10 8 3 14 18 19 7 5 17 9 2 4 16 1 15 13 
1 3 2 
23 21 14 27 18 8 3 1 28 16 7 6 2 10 13 19 11 4 22 9 5 12 25 15 30 24 20 17 26 29 
5 9 8 6 10 4 12 1 7 11 3 2 
7 4 3 2 5 1 6 
7 18 12 14 13 9 5 10 2 16 11 15 8 4 1 17 3 6 
3 1 2 
16 6 7 24 10 14 1 15 5 8 3 4 18 27 12 19 25 11 9 17 21 20 23 13 2 26 22 
4 3 5 2 1 
3 4 1 2 
2 7 4 6 3 8 5 1 
18 10 16 17 27 11 1 3 23 22 26 25 8 29 28 6 5 2 4 12 21 14 20 19 15 13 7 24 9 
4 5 8 9 10 1 3 7 6 2 11 
5 2 4 1 3 
15 5 14 12 3 8 1 4 11 10 13 9 2 6 7 
8 19 1 2 3 12 13 10 6 7 15 14 9 18 4 17 5 16 11 
2 8 6 5 7 9 4 10 3 1 11 
19 1 4 18 6 16 14 8 20 5 12 2 15 13 11 3 10 9 17 7 
23 22 20 7 13 6 5 24 25 15 2 1 19 8 9 14 4 18 10 11 21 17 3 12 16 
8 5 4 2 3 10 6 9 7 1 
1 2 
7 6 4 1 2 3 8 5 
8 5 4 3 6 1 7 2 
21 15 6 4 9 23 17 2 13 20 16 10 22 1 11 8 19 7 18 5 24 3 12 14 
2 1 3 4 
4 5 6 1 13 12 7 10 2 11 3 8 9 
14 20 23 4 21 11 8 18 12 3 2 17 28 7 27 29 13 26 5 24 16 6 15 1 9 10 19 25 22 
1 3 11 10 8 6 5 9 12 14 15 16 13 4 7 2 
1 6 2 4 3 5 
3 2 1 
13 15 14 6 4 2 7 11 10 1 9 16 12 5 3 8 
25 19 9 11 16 8 17 10 4 7 2 21 23 1 24 22 3 12 14 13 26 20 5 15 18 27 6 
4 1 2 3 
13 16 10 12 14 8 9 7 1 5 2 6 3 15 4 11 
8 16 7 11 10 15 2 5 4 1 14 12 3 13 9 6 
5 4 6 1 2 3 8 7 
18 14 22 9 8 3 20 10 19 23 17 6 26 7 25 27 21 28 11 2 1 24 12 16 5 15 13 4 
6 8 4 3 5 2 1 7 
6 3 4 1 5 2 
11 9 4 10 1 6 2 12 8 7 3 5 
12 1 20 18 9 2 7 11 5 8 15 4 17 14 6 13 16 19 10 3 
14 15 4 7 16 13 19 9 5 17 1 12 2 6 18 8 3 10 11 20 21 
14 5 10 7 11 16 6 8 15 9 3 2 1 13 4 12 17 
1 
25 14 9 2 5 23 4 27 12 18 19 3 8 16 20 22 17 21 10 15 7 13 11 6 24 26 1 
4 7 15 16 1 17 12 14 18 11 9 2 20 3 10 19 5 13 6 8 
4 2 8 5 1 10 11 9 6 12 3 7 
6 19 4 12 18 5 16 13 11 9 10 2 14 1 17 8 15 7 3 
4 5 1 2 12 14 22 21 19 10 6 7 17 15 13 18 11 16 9 8 3 20 
