5 2 1 3 4 
5 8 9 7 3 6 1 4 2 
7 17 22 21 1 2 18 14 24 15 12 9 11 8 10 13 20 4 19 5 3 16 6 23 
6 26 18 4 23 9 22 25 15 1 8 19 28 24 7 27 2 21 12 3 20 11 10 16 14 29 13 5 17 
3 7 2 12 9 5 4 6 10 1 13 8 11 
19 12 18 1 13 17 8 16 5 9 10 14 2 11 3 4 7 6 15 
1 
19 25 20 16 7 22 24 28 10 27 6 21 18 5 9 1 3 4 15 8 13 12 17 14 11 26 2 23 
8 3 15 5 11 10 9 13 14 4 2 7 6 1 12 
15 11 13 8 12 1 4 5 18 3 9 14 16 19 6 10 17 2 7 
9 10 2 3 1 11 4 5 7 8 6 
3 6 1 4 2 5 7 
6 2 9 7 4 5 8 10 11 3 1 
12 15 4 5 8 14 9 6 13 3 7 10 11 1 2 16 
10 8 9 14 7 11 6 13 12 5 1 4 3 2 15 
24 21 2 13 4 14 6 15 26 23 1 12 17 20 18 19 7 3 8 9 10 16 5 25 22 11 
6 1 3 2 4 7 5 
5 3 9 8 4 1 7 2 6 
6 7 13 3 21 2 4 23 14 5 22 8 12 15 1 17 20 25 27 19 24 18 26 9 10 16 11 
10 2 1 9 6 7 5 3 4 8 
18 6 9 15 5 17 16 11 24 8 22 10 4 1 23 13 3 20 19 21 2 7 12 14 
1 2 
2 1 3 4 
15 4 11 6 7 16 8 5 3 10 17 2 14 12 1 13 9 
4 10 7 5 2 3 6 17 8 14 13 16 11 9 15 1 12 
2 3 5 10 8 4 1 7 9 13 6 12 11 
16 11 7 14 5 1 2 13 15 3 8 6 4 9 10 17 12 
9 6 16 11 14 17 12 2 3 18 1 15 5 7 4 8 10 13 19 
6 7 13 11 10 8 4 3 14 5 2 9 1 12 
1 
7 4 11 15 14 8 18 13 12 19 3 16 17 2 9 10 1 5 6 
17 3 20 7 24 6 15 23 9 10 14 18 12 11 1 5 13 19 4 21 8 16 22 2 
5 3 1 6 8 4 7 2 
13 28 14 7 10 27 5 20 19 26 9 16 21 23 1 17 15 3 18 25 6 4 12 24 11 8 22 2 
4 11 2 1 14 5 12 8 3 16 13 10 9 17 7 15 6 
3 1 2 
4 3 5 1 2 
13 20 12 6 16 4 11 1 15 21 2 9 23 7 17 8 14 22 19 18 5 10 3 24 
3 5 1 10 12 11 2 6 8 7 4 9 
6 5 4 2 7 3 1 
5 22 21 1 10 14 17 20 2 19 9 15 18 6 11 7 8 12 16 4 13 3 
1 2 
3 4 2 5 6 1 
11 12 2 16 15 9 3 1 18 7 4 17 19 13 14 20 8 5 10 6 
14 3 15 11 19 1 21 12 13 4 10 9 22 6 23 8 20 16 5 18 17 2 7 
7 10 3 4 2 9 12 6 8 1 11 5 
12 22 2 9 11 13 18 6 8 14 15 24 16 26 20 5 4 25 21 23 3 10 17 19 1 7 
16 20 5 23 9 17 2 4 10 13 14 15 8 3 7 12 24 22 1 6 21 18 11 19 
8 7 1 9 11 4 5 6 2 3 10 
5 6 2 7 9 1 8 3 10 4 
12 17 19 13 18 24 9 23 4 1 8 21 7 14 10 22 2 20 16 6 15 5 3 11 
2 3 1 
16 20 1 2 5 14 7 9 13 21 22 8 11 23 26 3 25 10 17 15 6 24 12 4 18 19 
2 4 5 3 1 
6 2 10 4 15 16 13 7 5 9 3 12 17 8 11 14 1 
13 3 12 10 1 7 6 9 11 14 8 5 4 2 
1 
4 2 6 3 8 7 5 1 
2 3 1 4 5 
23 21 3 26 18 24 5 1 12 10 19 16 20 11 6 25 13 9 22 17 15 14 4 7 8 2 
4 16 15 14 7 5 6 8 2 3 10 11 13 12 1 9 
2 1 3 
2 1 
7 4 9 8 6 5 3 2 1 
13 7 14 4 9 12 15 11 16 3 5 1 6 8 2 10 
15 1 16 2 4 6 8 11 5 13 10 3 9 12 17 7 14 
4 2 9 3 10 7 13 6 12 11 5 8 1 
2 4 1 7 6 3 5 
13 14 17 11 4 10 1 8 16 18 6 7 9 21 19 20 15 12 5 3 2 
7 4 2 15 8 9 17 6 20 3 14 18 1 12 13 21 10 11 16 19 22 5 
8 4 7 5 11 14 16 18 21 6 10 22 17 1 13 12 20 2 3 23 19 9 15 
7 9 4 5 14 20 2 17 15 19 3 13 6 8 10 1 21 22 12 11 18 16 
21 15 12 17 3 2 19 16 13 23 6 10 20 18 22 1 14 9 7 8 24 4 5 11 
8 3 9 6 7 2 4 5 1 
12 11 17 18 4 14 7 6 8 2 16 15 20 9 19 3 10 1 13 5 
15 28 5 16 3 20 10 11 17 19 26 7 18 22 12 24 9 13 27 23 1 2 6 14 8 25 4 21 
4 16 9 14 13 15 12 18 11 5 8 17 6 19 3 2 10 1 7 
15 2 6 11 9 1 12 14 8 7 4 3 10 16 5 13 
13 10 15 2 3 19 5 11 24 21 27 14 18 20 9 16 26 6 25 23 22 17 4 1 8 12 7 
24 26 23 15 10 20 1 7 11 5 22 13 3 14 4 9 12 16 8 18 2 6 27 19 21 17 25 
5 4 13 11 9 3 8 6 7 12 1 10 2 
1 10 8 3 4 5 13 9 12 7 11 2 6 
7 10 15 5 6 4 12 11 14 3 1 13 2 9 8 
1 
10 4 11 6 12 2 13 3 15 5 17 1 9 7 18 16 8 14 
7 18 3 2 9 6 10 11 4 16 8 5 1 13 12 14 15 17 
23 17 13 4 8 26 11 2 5 19 7 3 24 18 6 27 14 10 9 22 28 25 21 12 1 15 20 16 
1 3 7 2 6 10 9 13 11 5 4 8 12 
