4 5 13 17 14 3 9 10 2 18 7 15 8 12 6 11 1 16 
2 1 
2 10 4 9 7 12 11 5 17 8 3 14 15 6 16 13 1 
17 8 10 3 11 9 5 2 15 7 14 16 6 18 13 4 1 12 
3 1 2 
2 11 6 10 4 3 9 7 8 1 5 
23 16 12 8 7 3 22 20 4 24 19 10 6 5 2 9 11 18 17 1 15 13 14 21 
26 5 12 20 30 19 28 3 8 7 11 29 23 2 25 24 17 27 15 1 18 16 9 6 4 14 13 22 21 10 
4 7 3 13 12 1 9 10 8 6 2 5 11 
2 5 6 3 1 4 
7 3 8 5 2 6 1 4 
24 28 27 11 7 18 23 15 1 10 8 22 12 2 19 14 5 16 17 25 3 6 9 13 4 26 20 21 
1 11 8 6 4 10 7 5 3 2 9 
18 16 11 5 6 13 2 4 9 12 7 3 17 10 1 8 14 15 
12 23 2 5 6 13 7 3 14 9 10 16 18 20 22 8 15 1 4 19 11 21 17 
1 
3 1 2 
15 7 11 9 17 1 6 16 10 4 12 5 2 8 13 18 14 3 
21 17 6 5 3 9 10 16 7 4 19 8 18 11 1 12 20 14 22 13 15 2 
26 23 14 15 17 25 21 28 2 13 3 10 29 9 1 27 30 6 19 18 5 8 24 4 16 20 12 22 7 11 
4 1 3 2 
3 4 1 2 
3 8 9 6 12 5 10 11 2 7 1 4 
12 5 6 1 8 9 3 15 14 4 16 7 21 18 2 20 10 11 17 19 13 
4 1 6 3 2 7 5 
11 6 14 10 9 4 7 8 1 3 13 2 5 12 
8 5 3 1 2 11 15 6 12 10 7 4 9 14 13 
3 16 13 2 12 4 5 10 15 1 17 11 19 18 14 8 6 9 7 20 
22 20 13 11 18 5 8 7 14 2 21 10 9 19 12 1 3 15 16 17 23 6 4 
2 14 7 11 17 13 22 12 9 3 16 20 21 23 18 4 5 15 10 19 6 1 8 
20 10 25 13 6 26 16 21 1 9 12 8 5 24 7 2 18 17 27 14 23 19 22 11 15 3 4 
5 11 4 12 14 13 16 6 2 7 8 15 1 9 10 3 
17 12 18 5 6 15 11 21 10 22 13 8 7 19 4 3 16 14 20 2 1 9 
5 10 15 17 7 9 3 14 16 4 12 13 8 6 18 1 2 11 
8 7 2 9 5 11 12 3 6 1 4 10 
7 3 1 5 6 9 10 4 8 2 
