27 21 23 11 0
58 24 72 37 80 60 89 33 45 36 84 34 48 28 75 35 50 78 68 33 15 36 46 56 12 37 51 36 75 27 53 32 18 90 20 34 34 37 30 36 74 65 32 52 62 65 49 75 13 13 76 57 84 18 85 50 83 19 32 33 58 29 87 48 78 31 10 76 75 15 22 43 51 0
61 77 28 78 69 51 60 44 61 52 75 33 55 24 55 67 10 57 56 24 89 85 11 78 41 62 59 44 50 80 68 84 73 17 49 90 26 74 51 52 41 74 35 60 76 16 48 21 45 25 44 25 37 41 49 51 80 15 88 89 40 75 41 52 53 22 24 60 24 0
60 52 29 43 40 70 31 47 73 19 40 16 16 70 21 17 68 58 69 49 15 56 42 79 56 89 78 31 0
60 45 50 19 26 16 18 55 73 27 45 19 54 18 30 88 56 20 72 21 23 55 51 29 78 50 17 87 48 31 69 28 24 70 0
19 87 59 57 35 60 15 84 48 78 74 37 76 67 44 0
22 63 75 23 11 85 83 46 74 72 46 32 65 59 57 33 24 74 0
69 53 25 80 35 10 46 35 36 59 90 23 16 20 45 10 28 45 66 20 81 21 59 20 22 45 25 38 21 68 72 52 25 55 85 40 80 64 56 26 81 62 87 48 73 67 67 34 64 47 34 11 30 70 46 43 49 23 43 0
52 65 16 74 40 88 52 81 14 14 38 83 29 23 47 37 47 34 77 58 84 60 63 50 52 25 35 59 53 14 35 80 80 78 55 14 58 30 35 11 42 80 54 60 61 48 39 90 13 83 11 11 76 64 29 25 11 14 90 45 57 88 0
37 24 84 10 67 71 31 70 12 60 36 85 65 73 43 57 56 47 52 19 46 78 19 68 84 10 35 32 13 31 53 66 12 13 47 18 37 38 0
89 36 85 61 54 10 0
82 48 70 29 78 57 23 64 43 18 20 20 48 58 39 32 31 62 42 0
89 59 34 18 83 36 41 64 86 74 83 88 48 74 53 42 39 36 55 66 86 56 12 85 43 75 55 36 21 54 12 19 73 17 54 84 71 57 56 20 88 19 18 85 66 73 25 58 80 69 24 42 82 38 36 53 69 77 0
35 18 85 84 60 18 73 15 84 31 23 60 41 31 27 33 53 89 78 24 26 74 74 22 10 76 61 55 57 16 19 45 58 37 23 54 24 15 43 82 17 27 44 12 27 35 22 62 35 89 86 79 63 32 44 80 41 58 67 47 59 65 44 50 65 48 28 11 37 67 90 60 0
51 24 20 26 54 19 56 39 15 31 26 59 38 11 38 72 86 33 34 70 72 19 44 54 87 72 54 30 20 89 70 74 43 54 34 40 47 23 20 66 80 30 77 26 41 81 32 18 35 86 76 80 77 23 17 24 14 55 87 18 62 65 50 19 48 20 78 37 88 18 45 35 0
88 75 64 79 65 87 75 71 57 86 87 29 41 78 70 82 65 64 89 11 21 54 22 66 80 10 16 25 89 63 57 90 20 82 86 46 13 34 46 58 59 26 15 58 34 84 57 89 42 75 71 48 68 22 15 52 18 39 24 69 85 20 86 80 39 53 83 20 20 27 23 14 27 21 76 52 62 49 37 46 15 85 19 51 74 48 62 15 26 44 84 0
43 80 26 47 81 73 57 38 67 83 25 61 41 62 22 46 18 47 34 65 79 67 33 60 28 74 89 71 50 34 27 86 22 31 35 84 76 35 31 81 22 89 71 39 34 90 24 61 75 30 65 12 49 28 41 65 10 23 67 20 55 77 85 47 28 51 25 83 16 89 30 26 14 41 59 25 26 33 25 52 16 36 50 32 73 34 24 47 74 10 21 53 83 0
44 18 44 84 33 18 22 84 35 37 72 57 38 77 61 85 70 28 32 82 74 71 28 10 22 19 89 32 79 14 27 75 88 58 87 42 0
10 28 62 16 58 19 49 14 76 59 59 83 50 12 50 45 10 83 83 80 14 81 62 28 77 37 76 65 34 56 19 16 71 15 60 10 56 31 44 42 82 35 85 30 65 83 19 0
17 26 78 85 18 72 66 21 73 78 60 81 47 11 44 65 86 48 15 59 69 33 54 13 67 54 47 66 17 67 29 49 15 13 64 11 79 80 73 76 14 75 79 60 30 70 31 36 26 52 74 39 87 10 81 88 47 26 40 35 44 24 55 84 21 31 87 32 52 13 55 31 0
55 63 45 11 47 23 75 30 48 49 55 37 38 33 41 40 29 71 17 44 80 33 30 82 49 24 43 61 65 25 17 75 90 72 46 36 12 83 87 22 31 27 27 34 52 36 17 52 20 67 77 87 55 52 32 60 41 35 75 83 82 42 28 35 73 37 70 16 47 18 72 68 19 57 85 79 64 63 56 59 89 66 82 15 33 32 83 88 22 83 40 49 52 43 0
73 60 72 20 31 72 15 50 78 18 62 32 54 24 34 11 25 49 86 37 59 13 37 78 77 65 13 29 52 77 88 55 30 66 72 71 45 46 43 73 32 13 42 16 37 75 53 90 88 28 10 55 22 47 80 64 60 82 18 35 71 37 62 10 23 18 78 73 49 65 22 81 80 87 10 13 51 81 87 23 50 77 49 54 57 59 58 37 62 39 19 60 0
0 0 0
