10 23 61 41 75 24 21 51 48 19 61 80 18 79 72 87 46 47 37 23 90 22 84 53 49 89 24 58 10 10 19 29 38 87 44 68 85 59 16 41 26 80 65 62 67 87 62 47 21 89 61 80 19 82 70 73 31 74 70 80 37 68 30 83 59 66 88 49 26 40 82 21 16 20 41 47 39 0
23 58 71 89 80 58 42 89 60 19 49 53 30 88 65 81 64 48 74 64 13 56 49 47 65 86 0
31 89 34 27 82 31 59 73 28 12 32 57 10 48 26 34 48 90 30 42 49 43 38 27 78 41 76 45 55 36 25 59 62 81 41 73 11 37 86 61 15 67 73 31 73 54 51 62 82 14 17 26 10 36 25 23 77 29 63 44 20 51 44 89 75 19 57 0
13 36 37 83 79 88 85 18 32 82 73 33 26 32 14 87 67 74 58 46 59 89 83 77 29 19 76 78 90 46 44 0
71 54 54 53 68 14 80 35 76 27 19 45 37 79 63 31 68 20 44 16 84 31 38 12 24 49 74 90 69 13 45 68 45 82 62 50 40 45 67 70 77 37 87 70 50 11 45 30 19 47 81 88 71 45 28 82 63 38 66 24 73 55 86 37 67 65 64 58 89 84 58 59 19 70 72 39 15 62 0
43 84 65 33 64 31 43 47 52 13 17 90 21 27 49 23 79 32 88 15 25 80 19 26 14 88 58 18 83 22 46 61 65 14 18 46 88 25 50 18 77 12 66 38 47 42 27 83 69 64 84 15 42 89 36 17 12 58 13 47 31 82 84 71 74 47 71 36 58 45 17 39 76 26 42 52 30 48 54 0
13 40 19 30 70 49 0
65 74 65 87 59 17 32 41 70 57 51 69 53 65 78 19 30 39 47 24 71 39 64 67 62 46 60 38 50 21 43 74 76 15 78 59 35 81 63 65 30 20 63 34 22 19 49 15 40 34 21 21 17 69 86 82 22 29 32 46 46 66 67 41 27 30 54 86 84 57 51 13 86 14 59 23 17 10 81 47 56 88 45 28 40 44 39 88 70 36 37 21 18 54 81 63 0
80 56 85 34 0
46 11 62 31 69 14 66 17 63 60 21 41 89 82 12 66 11 83 83 31 39 90 66 90 33 53 44 84 45 16 79 23 81 39 17 52 63 15 55 54 73 44 55 63 84 59 13 55 10 74 68 83 61 28 25 53 39 62 36 67 0
68 43 90 63 56 83 85 51 47 23 46 15 87 31 30 22 69 68 35 57 13 54 11 86 29 74 30 43 15 70 21 14 76 51 37 18 29 80 11 38 19 25 34 21 43 78 70 75 58 56 78 48 19 65 69 65 18 36 14 68 58 38 44 48 59 33 45 78 83 79 71 34 0
31 38 49 31 30 15 30 47 87 50 44 14 71 27 90 56 22 62 54 25 74 56 55 86 37 15 21 53 88 73 31 14 72 83 37 62 64 57 67 71 57 21 63 36 36 69 24 64 66 26 33 90 69 76 21 39 13 42 79 73 42 71 39 53 40 60 23 81 58 60 28 36 34 68 16 58 26 47 17 38 86 38 56 70 84 66 41 48 58 78 28 38 34 37 41 24 32 20 35 0
15 43 10 24 82 88 52 75 76 48 74 51 65 71 57 26 69 35 38 83 40 89 77 63 20 51 56 18 73 28 12 47 21 54 58 65 26 52 34 74 66 25 26 74 14 28 70 50 54 22 84 38 79 35 76 53 39 18 73 65 38 19 40 66 64 27 37 45 42 29 79 56 89 56 43 72 21 70 0
48 74 44 70 77 88 63 80 13 18 15 23 76 60 77 14 18 11 70 27 53 59 29 84 90 68 89 19 60 32 83 84 34 41 88 60 34 21 31 45 78 31 56 80 73 47 83 73 18 66 0
49 65 67 56 54 18 23 76 34 17 64 87 78 60 71 24 34 70 77 81 87 85 56 82 81 82 13 45 38 13 27 23 64 53 76 87 46 50 24 36 85 25 20 46 21 79 58 42 65 88 65 81 90 33 66 24 46 55 63 24 43 45 54 62 85 31 42 55 59 83 69 78 24 31 13 33 10 64 62 85 76 68 40 0
69 68 66 88 36 19 64 43 27 63 44 28 66 56 31 86 81 76 57 12 44 72 31 67 53 90 63 44 50 38 0
28 42 25 47 64 50 44 17 31 88 86 84 70 56 28 23 84 60 87 52 76 88 10 53 75 76 90 0
61 31 78 34 64 43 79 31 56 52 12 42 88 40 78 87 46 40 27 35 79 32 11 38 44 60 80 89 86 20 87 52 35 22 59 81 70 84 80 43 71 13 46 35 60 80 56 90 77 84 49 15 44 66 59 41 54 90 70 69 44 13 58 73 84 79 38 64 59 57 59 79 42 39 73 62 48 15 28 68 46 50 56 38 39 66 35 15 61 50 11 0
42 19 56 75 13 73 40 90 82 58 24 33 82 42 23 18 61 33 40 68 13 64 29 50 68 22 20 28 36 10 17 31 74 63 89 44 79 65 52 19 64 23 76 26 16 88 47 33 19 54 31 72 14 50 20 20 86 59 84 63 56 65 18 50 12 57 50 30 45 20 67 0
29 34 16 32 75 13 40 67 65 23 34 32 60 61 62 22 45 58 23 13 47 18 34 74 36 25 13 20 76 14 71 12 83 77 26 77 71 36 29 27 76 49 62 28 22 49 77 14 53 29 78 40 59 45 35 28 69 64 17 63 55 47 59 88 86 80 13 85 56 48 31 0
15 62 57 11 35 35 19 47 47 36 45 77 39 41 24 26 57 17 87 51 58 88 78 66 13 18 51 55 36 21 38 84 27 81 42 11 15 76 35 16 37 15 54 75 83 22 54 40 32 38 38 77 52 26 36 83 34 30 63 71 0
36 12 62 46 44 30 72 89 41 28 87 16 39 53 87 17 74 49 60 64 25 84 63 18 21 65 16 70 76 24 35 68 71 17 16 79 47 79 44 33 54 44 29 29 27 73 17 24 15 37 12 13 48 44 34 14 22 55 37 10 41 24 16 52 69 59 54 54 84 36 85 0
13 80 50 78 10 20 40 70 22 65 14 55 13 82 42 79 70 69 86 66 29 28 89 85 40 20 46 90 14 59 11 65 49 32 58 0
59 59 49 31 78 66 59 79 25 47 13 82 33 11 41 0
51 65 19 45 11 39 68 49 75 41 46 83 49 31 76 15 65 34 18 77 55 69 65 33 57 85 27 10 59 72 35 70 83 16 62 13 22 86 49 45 26 82 15 85 18 25 59 34 26 28 81 0
39 59 27 62 16 86 85 42 45 89 65 25 36 80 75 88 33 72 70 81 26 59 66 56 47 14 42 80 55 80 10 39 69 57 72 30 68 40 46 18 10 69 86 51 34 43 17 16 26 42 60 65 65 27 78 45 30 63 22 54 47 45 80 60 65 71 68 43 75 62 35 61 57 29 78 33 63 50 61 86 20 86 14 49 80 79 46 24 64 46 0
48 11 38 13 69 25 73 83 57 22 23 25 15 49 53 15 69 83 81 13 82 79 71 13 28 82 87 43 16 53 43 46 46 33 10 48 81 38 59 61 88 84 68 59 50 87 57 78 43 0
42 29 45 27 59 0
31 27 53 65 57 34 50 77 41 53 61 40 28 29 65 27 35 68 88 53 88 46 15 80 69 54 80 0
75 55 14 22 21 81 11 59 71 26 18 82 0
32 64 63 60 41 55 82 33 25 77 32 38 28 50 29 78 32 13 68 56 32 73 75 35 62 69 31 70 0
18 83 89 36 70 10 18 90 31 40 29 44 87 23 28 58 16 25 23 56 83 52 46 84 17 37 60 47 62 45 25 64 29 51 46 20 43 75 33 63 48 12 46 59 78 83 37 89 19 61 57 46 72 42 72 13 76 87 39 79 29 76 11 48 0
89 41 63 76 86 56 55 12 58 80 33 50 17 12 39 10 17 86 52 21 86 52 0
52 44 46 57 34 88 71 22 37 58 80 42 78 34 56 27 66 28 46 60 19 42 51 40 14 73 71 76 36 36 63 69 83 30 23 84 53 46 62 28 60 31 88 74 0
65 75 60 37 44 26 14 70 30 10 31 86 75 80 75 47 67 39 12 32 90 80 88 11 79 57 39 67 88 31 12 11 85 71 11 44 32 15 56 76 90 90 56 17 20 21 11 27 27 89 34 48 11 63 43 39 44 90 70 64 12 60 82 57 19 42 63 88 73 90 84 0
15 44 36 84 76 73 29 39 62 90 49 21 75 47 30 72 41 69 56 23 47 83 21 78 81 59 58 40 36 88 23 54 26 41 29 90 72 63 54 78 74 31 90 30 13 35 32 67 24 57 12 50 59 44 62 65 73 88 26 90 89 20 85 60 77 69 10 21 31 0
10 13 17 10 41 13 64 12 45 45 60 28 84 62 90 62 25 52 74 36 0
49 77 69 75 36 64 11 61 60 40 25 26 10 50 78 83 61 25 71 66 77 79 29 70 71 69 69 76 17 82 33 75 45 59 17 14 13 80 41 31 45 19 83 55 69 84 69 83 83 43 29 90 15 40 61 90 85 73 64 22 61 50 29 54 26 57 30 37 14 55 28 16 52 78 30 37 67 0
36 49 44 56 15 50 55 60 38 81 23 45 83 26 26 70 18 16 68 42 16 70 50 55 84 49 47 53 52 21 26 70 12 23 41 57 68 26 72 77 39 71 51 77 18 24 10 61 79 38 28 68 82 29 75 28 0
73 88 68 65 14 67 23 31 38 89 77 76 15 12 31 73 40 35 61 31 74 83 13 31 12 13 75 73 72 82 60 85 76 56 15 59 83 16 59 40 80 27 89 13 48 67 54 62 50 67 10 11 50 31 82 42 60 68 72 69 61 30 25 57 29 67 30 49 56 16 45 68 62 52 61 40 71 20 14 87 18 32 52 60 60 55 45 72 36 36 40 78 21 19 50 84 44 54 35 0
60 20 14 56 28 18 52 10 48 17 17 53 0
71 38 21 66 73 50 38 79 70 86 60 71 42 68 37 89 75 84 90 87 28 56 32 23 22 13 43 26 72 49 68 62 77 25 27 41 28 26 69 42 29 73 63 78 41 62 50 17 67 14 11 79 0
0 0 0
