45 10 46 46 49 19 28 20 37 45 64 37 39 24 74 85 60 11 25 25 28 38 36 86 27 56 57 38 52 0
18 57 21 18 69 34 33 43 72 90 10 67 58 55 41 32 36 66 61 42 33 29 51 82 39 37 32 24 66 87 78 53 44 66 17 55 61 29 34 63 90 29 56 58 72 32 88 20 30 68 12 88 62 36 39 68 45 58 47 59 74 73 90 30 64 82 35 87 74 90 80 72 18 66 63 86 40 48 40 21 85 59 21 40 25 23 29 90 76 82 21 0
44 64 75 22 37 22 82 49 11 77 27 21 62 45 41 52 50 35 53 71 73 58 57 77 53 15 83 15 14 39 50 36 62 72 13 74 67 12 15 22 19 44 10 32 48 49 52 80 62 51 79 19 47 50 11 14 27 34 79 17 83 60 84 37 22 52 75 72 78 21 23 37 0
64 27 63 77 53 49 65 80 21 52 56 31 59 69 46 12 53 39 15 21 80 16 90 67 45 23 39 31 73 69 19 82 11 35 81 54 64 71 57 65 65 79 41 89 0
17 37 17 46 60 34 12 37 73 87 27 64 12 33 51 60 83 51 50 51 28 89 59 46 42 66 61 54 36 19 88 30 29 81 19 51 44 66 34 71 38 36 43 56 69 22 76 76 60 79 54 0
43 19 40 26 27 70 82 20 30 39 38 10 87 27 50 19 32 26 63 36 38 73 55 29 31 86 13 16 29 13 66 40 38 76 75 56 0
64 87 50 41 63 38 27 56 18 60 27 73 68 39 64 83 81 62 64 29 73 71 54 56 48 38 73 73 28 61 51 71 33 79 76 84 88 65 11 42 41 29 10 35 71 42 56 38 86 18 34 57 33 84 38 26 85 80 12 11 70 48 38 29 73 60 19 21 36 73 64 43 88 82 0
85 39 51 74 85 32 38 38 41 14 37 32 13 52 31 49 68 13 20 47 60 38 17 14 73 75 36 31 34 80 44 24 43 75 40 90 64 19 41 34 50 12 57 44 28 30 0
52 74 29 28 68 68 88 74 79 16 71 26 35 13 18 40 24 43 16 29 72 23 53 19 86 48 77 47 48 13 39 35 89 10 49 55 63 49 15 40 89 75 24 47 59 25 73 26 17 72 79 40 16 65 54 33 68 63 0
44 13 64 30 61 68 82 77 71 89 64 53 33 28 18 43 71 39 54 45 11 37 68 36 15 83 62 89 73 82 11 34 24 30 61 80 43 32 12 37 16 19 89 28 86 72 41 83 74 60 63 63 26 82 17 24 48 66 55 70 18 67 45 53 79 71 34 75 31 35 17 10 20 25 86 87 83 52 54 60 14 24 64 77 0
62 16 90 64 13 67 64 58 69 27 79 80 36 50 81 61 40 47 71 89 42 77 64 28 24 14 72 88 35 63 64 19 78 62 59 39 88 27 64 40 62 87 65 40 74 31 13 84 23 47 30 26 20 37 78 69 20 51 45 54 17 50 74 72 78 81 79 43 52 30 60 90 17 58 85 67 0
66 67 40 47 47 46 26 14 69 72 70 40 29 11 79 19 71 14 41 23 63 81 40 64 44 44 66 68 86 0
26 31 85 47 74 41 26 43 22 90 79 41 25 40 61 45 31 74 73 64 77 20 76 24 81 89 54 32 76 77 50 53 14 68 38 29 36 21 84 48 51 17 11 16 12 56 10 27 78 53 0
19 83 37 83 35 30 23 57 57 79 18 69 80 85 18 30 22 50 38 72 54 31 19 68 79 19 23 45 17 60 81 17 61 35 43 87 51 18 69 19 55 50 48 77 43 89 71 16 68 39 83 58 70 22 83 87 90 47 56 78 28 23 85 10 12 67 42 15 71 65 22 60 26 85 84 56 0
70 17 51 19 58 90 14 79 65 73 73 65 27 48 14 47 51 19 65 30 57 16 15 31 62 51 13 72 77 47 13 51 81 0
14 79 83 57 87 12 73 76 85 14 15 84 53 87 67 42 76 67 17 51 58 46 77 43 0
36 76 26 50 89 62 70 28 67 65 88 73 81 43 79 10 60 22 32 77 87 59 68 32 12 45 41 81 35 47 29 13 13 34 12 31 66 72 70 23 51 66 60 88 83 24 56 46 41 44 42 52 38 13 83 41 19 56 0
70 73 45 50 30 59 21 20 64 84 21 38 88 45 62 31 47 44 47 83 11 32 76 33 52 50 21 29 78 48 71 80 28 32 41 31 50 45 75 82 79 57 59 89 23 51 53 29 83 35 63 41 59 83 71 84 12 26 14 34 68 49 12 57 27 33 48 23 56 71 40 53 45 88 64 73 78 85 0
46 38 16 22 57 90 76 57 60 56 44 76 85 75 41 60 71 74 30 16 75 85 89 74 13 75 37 87 49 0
62 53 52 25 79 56 43 17 30 82 37 29 51 32 24 42 62 35 38 81 61 14 58 12 37 17 67 76 16 74 19 89 26 63 29 21 55 24 37 30 0
78 11 49 26 48 35 18 50 73 48 27 50 22 45 87 33 50 74 62 61 62 50 62 33 35 41 14 44 81 66 27 16 40 52 77 80 18 90 22 0
45 13 17 84 70 41 80 51 66 82 89 23 20 35 55 41 82 79 34 79 34 69 23 63 63 50 40 84 18 44 30 73 60 59 55 58 21 0
68 41 41 74 52 90 50 24 58 70 61 36 22 56 84 43 66 39 59 90 76 66 85 65 80 54 58 29 12 57 30 22 59 60 85 29 84 46 88 17 62 17 75 22 21 77 79 45 64 14 75 58 41 68 24 49 15 29 36 29 77 42 70 18 67 15 48 72 48 90 0
26 24 16 66 65 60 55 78 85 55 60 62 28 68 62 69 76 27 83 56 90 72 49 31 47 21 55 27 25 10 52 25 33 31 61 85 29 34 20 47 64 42 63 32 61 42 56 61 75 17 46 87 26 53 78 56 59 46 29 40 10 12 26 65 88 26 45 45 61 49 69 60 82 46 53 10 35 85 26 81 67 47 18 43 25 52 32 14 38 88 60 37 61 30 89 57 18 0
42 31 23 72 40 78 84 11 59 67 86 32 62 86 32 73 0
47 84 67 15 15 38 89 25 65 44 35 57 15 73 32 11 19 10 82 52 52 20 18 55 20 31 11 67 35 86 19 50 26 43 57 54 52 19 67 47 63 62 32 64 19 71 13 20 30 36 57 67 70 16 26 13 47 85 48 15 13 33 69 48 73 89 27 55 90 33 84 17 40 60 0
14 66 47 18 10 90 32 34 49 60 41 14 52 49 71 52 18 14 34 62 63 18 30 38 26 84 44 76 49 85 32 70 38 68 46 54 60 34 57 30 20 85 57 27 30 73 57 84 65 35 89 64 40 80 44 52 17 0
25 63 26 90 37 41 45 29 74 56 23 79 25 77 86 32 88 69 61 73 87 69 72 0
19 86 33 37 59 69 13 65 55 72 54 63 37 67 65 33 36 64 44 61 74 78 52 57 53 11 25 79 89 35 70 78 90 70 60 0
38 56 75 37 11 27 12 69 46 62 45 23 52 75 27 47 17 58 78 58 26 14 56 31 52 73 79 13 35 43 78 42 13 28 32 44 60 40 34 56 27 20 78 49 20 27 87 72 90 15 32 52 45 79 89 89 62 86 0
13 88 16 51 21 42 87 34 85 16 38 70 23 86 74 84 25 70 48 71 13 27 56 87 25 29 29 35 17 45 13 81 58 85 24 63 76 41 38 82 42 66 66 15 63 35 74 68 40 31 28 43 73 90 45 60 52 60 23 90 21 14 54 68 21 68 83 0
59 65 51 38 12 19 35 31 37 39 65 54 33 15 48 30 71 63 12 42 83 59 32 56 22 66 78 18 90 87 80 27 21 22 35 49 49 12 87 57 12 23 52 21 55 73 17 30 89 37 19 26 77 61 78 57 43 84 86 51 47 27 34 82 14 46 40 36 20 0
68 23 32 39 48 78 72 81 88 50 21 38 62 42 27 82 69 10 72 79 30 16 45 67 31 77 82 44 21 80 67 84 71 78 70 14 67 18 46 47 62 20 78 21 69 24 25 26 13 60 52 80 90 29 42 71 72 53 13 50 68 10 35 70 0
46 35 24 47 43 84 15 41 11 52 18 63 39 11 20 52 18 69 32 69 58 59 47 23 60 40 83 11 70 59 12 41 44 89 50 45 26 21 86 66 13 52 17 85 30 41 63 14 34 54 38 12 22 89 67 82 29 40 35 22 30 43 85 28 18 49 82 33 60 87 90 17 86 73 56 49 21 65 31 22 0
37 89 49 42 41 71 17 70 12 64 71 43 13 40 0
74 89 33 60 50 57 63 48 41 55 35 11 77 76 21 90 24 39 30 40 75 60 32 57 70 40 53 13 70 20 46 38 36 67 29 67 41 71 43 38 50 61 70 63 68 58 42 50 89 35 16 67 73 57 37 61 11 13 53 75 22 24 84 19 75 45 56 60 21 44 83 56 77 65 52 56 57 27 58 41 74 0
47 54 80 55 79 20 69 17 57 48 73 36 27 65 12 49 45 64 79 45 29 49 82 86 87 90 63 21 71 34 81 58 58 65 18 11 45 33 50 52 80 59 13 60 30 48 43 54 55 23 18 63 56 16 46 26 34 73 42 20 22 69 36 33 75 73 0
85 16 25 43 12 13 16 83 84 53 43 27 23 73 19 73 19 13 54 82 0
61 77 16 46 46 30 11 23 74 77 38 68 34 31 19 36 65 87 79 68 87 57 74 82 47 52 64 18 18 32 18 56 36 10 39 14 84 78 30 29 66 11 78 56 37 45 72 39 54 41 69 16 17 81 36 36 70 43 59 42 39 16 68 61 10 15 42 20 72 71 71 16 12 22 38 77 49 73 48 80 88 60 17 24 49 71 31 14 60 27 40 15 47 86 49 52 0
84 84 71 72 31 60 68 42 86 0
64 88 19 40 49 27 84 18 34 32 40 46 57 70 55 11 85 11 0
75 10 51 10 80 15 62 28 64 28 36 19 12 15 22 20 31 50 65 22 20 35 39 30 45 65 77 87 63 45 77 20 75 65 72 83 84 16 22 44 53 86 20 26 16 15 74 40 14 45 21 22 33 72 61 17 35 85 29 47 83 21 34 23 83 81 54 19 78 43 69 80 72 11 74 72 89 55 43 89 79 59 55 57 51 41 0
58 82 12 53 27 86 59 76 87 22 85 51 28 60 58 77 28 87 65 57 76 87 19 25 66 26 74 19 24 72 45 84 80 45 54 59 31 44 23 33 37 81 65 84 57 89 0
70 67 90 38 25 37 83 41 35 62 15 74 13 76 56 22 12 34 69 83 76 46 22 37 59 85 48 22 11 32 66 67 26 57 54 62 56 12 46 70 0
0 0 0
