31 58 36 69 54 20 52 62 40 72 49 49 52 75 55 17 73 25 26 28 86 0
22 85 65 37 25 38 43 65 66 12 32 21 59 19 68 89 87 74 23 61 0
50 29 44 23 42 89 20 30 67 20 76 35 88 40 60 84 52 40 88 32 24 35 84 46 70 27 19 55 10 62 80 28 44 27 27 60 37 36 89 41 19 81 22 77 32 54 27 55 0
35 56 57 13 53 76 24 34 41 42 87 41 49 41 48 74 40 41 23 54 20 63 26 68 25 13 53 66 87 78 10 47 30 47 75 43 83 62 45 89 64 48 69 30 83 67 10 73 10 26 77 62 78 21 46 61 89 50 64 81 80 34 30 64 90 47 40 35 71 73 54 48 79 38 29 33 52 29 51 62 32 78 80 55 55 51 28 15 56 21 38 79 90 52 34 0
34 76 45 83 16 31 28 45 87 33 44 30 85 53 24 25 20 40 37 15 23 53 21 18 75 12 56 15 86 31 48 88 85 41 77 26 62 70 19 41 20 39 51 77 21 30 11 24 39 61 14 66 69 24 43 14 47 81 29 19 74 11 75 34 10 10 66 45 10 89 23 39 78 17 52 0
16 23 18 37 68 58 12 62 51 75 27 67 14 66 77 66 84 70 29 50 61 69 62 50 87 15 21 90 60 60 86 24 71 56 39 47 87 31 25 12 26 84 27 88 40 19 11 63 41 87 35 68 69 81 11 0
23 79 72 27 69 84 41 84 18 43 50 47 53 72 33 44 23 52 42 20 25 37 44 25 37 90 18 21 20 76 27 57 77 64 0
37 57 39 24 16 82 65 65 84 62 36 68 36 20 55 29 50 10 19 47 77 49 32 26 44 43 35 68 21 24 83 86 16 40 33 33 14 62 21 31 35 30 74 36 44 50 75 67 37 0
25 49 10 15 43 75 17 46 17 84 10 21 66 80 40 31 54 35 66 55 10 36 83 59 40 88 14 12 21 14 36 82 14 12 67 62 79 22 40 87 62 22 42 22 40 51 36 11 73 50 71 32 88 71 81 27 84 59 18 15 75 0
64 25 15 0
68 81 48 55 27 24 47 63 90 18 47 53 14 22 59 58 62 40 90 38 25 39 80 62 69 75 53 18 49 56 78 90 10 32 28 48 22 31 24 0
21 40 87 49 71 25 20 84 85 87 45 26 67 44 25 61 47 64 89 89 87 62 34 69 37 21 76 61 32 57 64 18 29 74 34 33 73 18 28 86 84 15 56 78 88 37 31 55 34 13 79 89 12 13 0
54 26 29 63 55 11 86 32 77 86 54 84 47 54 64 20 63 31 29 34 51 30 90 68 28 77 65 74 31 42 17 82 38 78 86 47 76 21 88 52 17 70 61 82 50 83 20 72 87 63 31 44 76 0
17 16 37 54 76 38 75 74 80 34 56 28 74 40 51 15 38 17 26 36 80 25 58 25 90 72 46 47 26 74 80 51 55 36 48 19 19 64 72 17 90 79 14 17 29 35 35 62 15 85 42 28 46 57 33 39 63 56 15 0
37 60 44 35 77 84 38 64 79 17 53 80 89 37 67 64 33 18 35 74 36 49 67 75 25 15 83 15 27 46 52 82 74 24 19 42 49 19 0
90 71 31 73 71 54 51 75 49 68 29 14 15 79 83 83 18 41 54 32 52 81 33 20 84 58 49 87 72 60 65 35 68 55 18 51 58 12 64 17 46 49 57 61 51 72 35 57 32 13 53 52 78 56 79 75 64 38 70 58 76 51 57 40 60 10 31 72 74 86 80 25 85 15 79 0
61 71 69 84 21 75 64 66 19 45 17 86 20 61 53 82 32 86 59 46 33 25 63 18 29 35 80 88 44 89 61 26 40 77 15 61 47 65 55 79 45 57 40 54 65 29 88 29 81 62 12 23 25 77 10 51 44 46 86 48 36 76 76 89 67 61 27 59 48 28 0
84 38 23 68 84 47 81 81 17 42 25 62 45 52 90 14 66 76 45 64 56 77 66 88 61 47 71 52 51 72 58 54 43 27 18 13 79 55 90 82 90 33 72 87 77 21 46 43 24 41 88 40 84 23 58 53 46 63 60 38 21 50 45 22 57 12 26 76 36 44 40 0
71 46 32 52 14 30 78 75 58 63 40 36 51 89 29 48 72 20 84 33 73 16 51 84 84 69 14 30 82 40 39 83 27 50 37 62 84 70 21 51 78 73 38 41 73 90 37 59 42 29 90 49 42 74 16 26 63 13 61 0
11 45 56 89 18 39 65 54 61 59 23 62 86 12 78 86 18 70 15 50 50 19 56 56 79 59 41 66 18 34 22 14 39 84 24 85 53 56 67 53 61 26 48 76 27 42 23 55 36 52 76 13 43 88 66 63 66 64 90 31 81 73 65 83 55 17 74 86 72 87 14 29 58 13 28 75 27 85 61 47 57 41 33 35 19 42 63 11 15 40 64 55 55 67 0
59 10 51 89 43 20 86 30 62 71 85 52 18 72 57 90 49 33 76 55 20 80 38 85 79 12 76 53 61 67 24 15 80 89 52 43 40 90 42 61 84 66 40 82 36 41 76 11 69 10 0
89 47 21 28 90 71 73 63 31 82 49 75 63 45 82 10 80 47 70 89 31 90 39 76 86 47 45 88 70 70 59 48 60 31 30 31 36 38 28 86 46 0
36 26 52 71 69 17 44 47 19 13 73 63 32 67 41 72 32 10 74 67 19 37 58 15 15 81 47 52 62 29 59 84 56 21 85 38 90 31 57 57 67 80 41 73 20 45 86 83 25 41 59 85 18 49 25 67 78 65 75 19 21 83 24 25 24 23 57 0
36 82 63 32 89 61 36 48 14 42 64 21 39 51 89 82 43 10 22 56 63 16 69 62 81 19 33 44 56 71 57 75 43 54 67 47 25 71 17 18 66 0
23 26 21 11 34 45 86 41 47 10 81 87 21 19 26 28 24 47 35 51 71 53 29 66 71 70 85 83 82 14 20 15 15 17 27 66 28 75 64 25 70 73 68 84 88 89 79 58 33 66 14 73 69 13 45 86 37 50 89 81 58 30 48 45 38 0
32 56 63 33 88 59 14 78 76 89 28 49 16 15 45 26 89 89 0
18 55 45 40 41 13 23 13 79 32 32 50 50 10 34 59 36 86 54 45 0
11 47 45 29 34 87 20 22 73 87 65 20 58 52 26 32 21 69 78 67 79 42 44 17 11 35 44 46 57 23 29 60 63 18 59 47 51 85 84 87 34 46 14 41 41 89 51 65 88 45 89 71 55 54 0
75 46 74 23 76 68 81 36 84 62 36 18 75 64 65 75 65 48 39 77 88 22 53 54 19 22 33 80 70 79 75 56 69 87 55 44 61 15 29 73 88 72 84 42 0
83 73 40 18 34 62 14 73 40 25 83 50 10 14 70 69 48 80 30 38 46 70 51 60 89 45 30 48 11 15 11 28 67 33 40 27 42 53 58 61 71 73 63 68 19 17 61 69 21 47 0
51 38 18 33 56 26 63 54 60 76 72 18 90 64 50 21 45 62 22 85 78 32 60 26 83 82 40 65 64 58 72 88 55 85 79 64 53 72 22 38 38 40 78 65 46 39 66 67 18 28 53 22 50 83 30 72 46 87 88 0
17 29 31 15 48 73 22 41 18 62 21 48 71 49 46 82 47 27 11 83 39 66 89 57 77 26 45 35 74 55 75 35 43 25 53 52 36 70 62 70 73 24 78 58 44 46 46 59 50 84 45 21 72 22 90 30 31 81 50 86 29 10 51 36 27 24 58 13 71 88 59 60 40 79 38 46 71 17 14 48 11 53 44 52 72 21 36 0
17 66 85 38 30 73 31 77 73 21 73 24 34 84 90 63 60 22 56 40 33 22 10 65 40 54 17 77 52 67 40 32 36 88 66 67 64 63 54 23 33 55 72 76 59 83 89 64 56 22 56 17 49 35 18 21 63 29 43 52 72 70 81 37 29 48 36 35 13 10 18 41 16 90 66 85 37 14 89 59 43 10 51 62 27 40 29 83 56 34 46 52 47 0
0 0 0
