31 70 46 51 23 64 28 54 63 77 63 89 86 29 65 24 48 0
54 65 35 71 14 32 73 54 44 55 79 35 50 75 67 11 40 19 58 11 47 66 52 86 75 80 14 74 84 47 79 46 0
43 19 15 73 10 54 87 44 67 54 64 33 21 90 44 49 63 34 28 35 10 41 33 69 90 45 84 75 14 54 50 58 61 12 84 62 11 86 54 45 63 47 13 53 16 52 22 53 56 77 25 74 28 71 15 25 48 40 0
15 66 17 48 14 22 37 76 40 0
16 21 32 68 36 38 85 13 76 51 62 66 68 17 27 62 68 28 51 14 10 78 38 25 23 82 30 83 22 16 70 24 59 69 67 0
20 19 27 64 16 85 90 42 59 48 38 24 56 16 61 26 69 60 34 57 33 31 61 81 39 90 56 24 67 44 70 73 29 25 48 52 21 0
77 58 14 83 27 71 34 50 70 57 51 82 68 0
60 35 68 46 71 62 82 78 70 12 90 43 15 12 44 48 75 69 71 50 13 50 36 25 65 23 25 11 22 19 48 76 12 90 77 16 63 56 52 58 30 62 46 74 73 84 19 69 56 32 29 15 20 63 78 29 42 75 13 73 0
22 90 59 43 67 20 57 85 32 29 59 45 85 65 53 33 11 59 80 75 36 10 76 44 14 61 54 22 37 78 75 25 77 90 82 89 56 0
50 33 42 63 23 59 30 52 90 68 16 60 55 73 86 88 22 44 59 85 67 72 86 15 77 21 18 14 12 47 89 36 22 18 18 45 26 39 13 24 39 75 51 87 30 28 43 74 79 71 59 60 50 25 77 87 0
45 40 37 65 89 24 77 73 25 85 22 69 46 34 62 39 36 52 31 49 55 38 63 81 40 79 38 81 56 82 68 45 51 22 68 24 65 63 60 29 72 60 64 63 20 65 49 37 33 32 42 45 51 65 55 70 78 65 38 77 55 52 90 76 64 48 50 71 88 54 17 72 42 27 59 89 50 0
63 14 23 88 37 71 53 70 63 69 47 28 18 76 75 24 80 19 60 73 26 23 23 12 75 35 51 25 57 83 33 86 70 86 79 0
64 31 40 34 12 10 39 58 13 62 10 15 22 73 79 80 78 68 82 22 17 20 38 20 34 37 28 62 55 31 35 46 46 28 24 28 50 24 0
65 83 80 75 50 11 18 29 59 46 81 12 25 66 18 44 11 89 60 64 13 83 20 80 85 68 30 11 77 66 12 42 66 22 29 44 44 63 36 41 0
75 89 73 32 47 89 66 74 66 56 35 33 31 37 77 28 63 84 15 51 52 28 71 43 21 88 23 79 72 11 90 30 28 52 78 16 12 45 42 48 30 29 37 82 61 0
52 26 0
89 52 0
36 22 63 80 25 81 90 10 77 13 39 86 44 80 15 52 54 28 79 62 64 35 52 20 34 67 87 42 72 40 56 75 81 55 10 14 74 17 14 41 31 45 50 46 68 20 28 39 87 50 27 86 12 51 86 82 55 48 84 59 26 10 42 45 18 0
46 53 42 52 89 73 19 48 60 87 16 75 65 53 43 65 41 58 41 61 70 69 58 41 64 34 39 25 35 62 62 38 80 33 48 62 89 56 11 24 52 23 0
63 23 11 0
46 86 51 80 73 29 45 31 34 0
42 69 70 21 20 14 80 81 89 60 16 35 83 14 43 34 73 34 67 45 16 11 52 66 34 36 89 32 20 52 68 56 50 18 24 34 54 85 35 18 55 17 21 34 16 78 46 84 48 11 39 13 34 58 18 46 56 40 20 50 89 38 63 13 78 88 77 23 44 15 85 81 48 79 32 62 76 84 14 74 67 63 35 12 41 66 0
74 70 43 27 17 14 42 0
49 61 61 22 82 47 43 12 83 0
28 34 58 80 41 46 51 29 51 76 10 57 70 51 10 70 32 16 42 19 79 88 55 26 42 17 19 44 37 22 83 67 56 44 74 44 21 80 79 81 48 63 73 62 29 61 35 86 55 26 51 33 41 57 19 63 45 59 80 59 85 24 0
83 33 64 83 17 76 21 83 14 60 80 66 66 43 74 24 85 33 57 73 74 75 42 21 72 38 62 52 71 25 38 56 80 25 63 65 87 79 89 51 84 0
25 79 23 84 25 45 52 51 64 18 25 52 33 78 66 83 51 48 15 23 34 35 18 52 59 10 17 23 58 47 32 72 20 72 10 0
88 48 57 24 39 77 38 22 68 34 54 14 82 37 77 47 69 44 51 67 26 30 76 63 30 78 61 75 45 39 27 22 83 16 0
40 10 44 47 77 42 38 21 88 15 35 68 14 43 0
79 54 44 28 10 34 48 37 54 16 71 19 88 53 38 83 84 46 57 89 60 78 19 71 36 76 0
79 51 31 65 78 50 50 63 25 61 26 23 62 70 49 79 88 86 82 62 24 44 26 37 16 53 22 11 42 65 45 10 46 12 68 33 33 70 19 39 48 10 12 45 28 41 34 42 87 37 11 71 46 63 63 56 85 81 48 23 38 85 84 58 67 87 13 73 43 13 89 41 71 87 55 77 27 87 16 24 63 63 63 25 55 73 25 84 0
29 47 29 46 11 74 84 25 84 60 18 18 53 63 81 13 90 67 20 65 62 39 50 30 36 46 15 26 35 14 19 74 55 80 16 51 60 21 14 54 67 58 15 77 40 79 22 79 14 22 67 53 16 55 47 18 71 52 86 24 0
74 52 42 12 14 22 31 21 67 19 90 10 84 39 47 79 22 20 24 58 78 39 64 72 26 54 19 18 90 35 74 25 23 66 0
40 17 63 66 58 70 63 87 38 37 52 71 66 19 46 49 25 18 84 49 25 37 25 28 45 85 29 63 75 10 74 46 66 58 14 86 54 37 75 80 37 20 66 0
87 81 40 48 53 30 52 31 64 49 75 12 63 84 32 23 12 27 34 30 38 18 56 78 69 70 40 22 22 19 35 13 54 51 11 48 29 60 69 37 75 86 85 23 55 50 44 15 72 60 70 53 41 34 65 82 0
84 35 75 75 79 25 37 64 27 81 75 30 16 80 44 62 13 29 10 28 58 47 40 51 85 53 73 72 59 76 67 78 70 21 43 28 47 50 82 74 48 24 57 69 73 21 40 38 61 45 71 73 45 50 33 88 48 58 81 30 27 79 60 86 48 83 33 40 36 85 22 41 27 17 77 77 33 16 24 30 21 0
40 78 16 72 83 72 0
28 15 34 73 23 71 58 67 65 39 73 88 73 16 13 20 75 42 78 46 26 79 36 49 64 79 40 45 13 55 27 47 20 88 31 88 36 85 84 56 82 37 58 59 68 73 59 31 46 23 36 36 80 16 38 15 78 67 35 78 78 37 16 79 73 54 22 87 49 62 24 44 74 44 63 90 68 17 50 40 53 72 0
33 62 44 19 45 41 32 56 35 36 52 24 42 54 80 23 83 65 59 55 84 29 69 60 46 61 34 24 90 73 53 36 50 77 55 11 71 10 13 47 80 21 65 53 69 59 35 86 47 80 42 64 81 85 60 57 84 14 58 72 0
82 55 13 57 26 11 20 66 67 80 49 51 70 57 31 44 11 33 74 17 41 78 82 62 65 85 74 69 47 43 65 89 30 39 50 83 50 41 35 10 66 41 47 45 87 17 50 42 32 23 58 62 69 73 75 35 11 61 18 77 37 38 19 64 34 26 57 40 85 59 50 81 69 32 53 15 52 10 54 31 46 66 17 14 29 23 30 38 60 46 53 17 32 81 0
48 66 85 41 22 63 78 23 61 15 64 83 88 53 0
0 0 0
