206.45
283.62
23.10
53.46
71.93
193.43
145.26
72.47
243.79
28.55
264.70
210.47
127.80
146.19
45.25
298.83
169.54
152.47
68.88
234.04
94.25
52.18
99.92
38.48
125.52
59.14
193.41
69.88
56.71
260.12
9.64
263.15
243.73
32.74
16.61
15.66
226.17
161.87
88.13
169.95
190.41
52.82
80.42
18.21
199.01
125.67
17.03
68.54
278.13
85.90
2.58
72.37
138.08
102.50
110.85
263.60
161.63
4.25
33.47
218.34
264.36
43.11
181.48
208.09
75.85
198.09
223.75
2.01
59.95
11.87
171.95
250.36
64.68
252.37
268.56
263.68
78.03
285.59
32.22
56.16
71.48
34.80
128.52
209.56
137.29
239.37
173.15
298.92
243.61
206.62
217.25
207.97
249.72
98.73
116.06
25.56
296.81
39.80
27.57
56.76
51.67
199.52
7.12
116.34
151.88
275.68
80.02
229.91
261.26
112.24
286.06
32.74
147.03
114.58
242.29
284.31
53.94
115.43
283.22
297.55
22.04
200.47
205.52
271.76
299.19
21.58
297.32
296.00
61.38
24.88
52.75
113.04
224.39
59.87
229.38
76.27
35.54
9.39
6.17
296.80
121.63
292.22
29.53
268.65
106.80
271.81
252.96
160.73
87.24
236.17
158.28
109.27
136.64
63.79
81.03
135.82
85.36
78.34
131.81
146.74
103.21
184.56
259.77
27.59
244.42
189.14
103.86
279.96
198.53
110.02
276.75
20.15
102.24
6.27
288.80
209.03
278.08
241.75
69.75
65.31
177.92
228.03
174.58
14.55
291.81
255.60
150.36
77.17
33.94
282.17
223.90
137.14
166.73
183.67
164.73
111.14
72.80
268.58
91.10
271.33
78.60
67.84
291.48
180.83
74.11
280.28
89.85
52.18
222.02
159.60
117.49
99.93
87.62
292.06
114.48
79.43
247.66
264.84
156.59
281.59
247.00
80.49
118.73
113.72
264.15
283.46
224.86
36.95
252.03
15.96
8.28
30.62
83.79
299.76
211.45
157.90
280.03
1.29
210.07
202.04
160.89
27.56
1.97
248.50
19.61
116.44
27.93
267.27
81.27
184.52
248.85
28.27
265.00
67.58
141.99
229.15
51.03
66.85
266.09
3.05
82.80
274.36
33.67
166.59
274.12
245.12
24.48
254.14
246.40
234.55
156.18
107.29
262.10
158.14
55.78
281.71
274.58
83.71
248.98
55.85
268.22
197.82
84.11
233.21
265.39
226.10
162.35
16.42
292.94
128.44
19.46
75.74
102.80
53.13
242.32
76.91
298.24
266.80
31.04
244.64
201.35
187.21
51.92
163.45
45.35
107.70
145.16
19.92
191.40
94.13
75.76
159.62
291.95
159.87
92.82
257.34
85.97
255.17
273.75
78.91
83.60
293.21
154.64
186.40
46.33
96.96
263.30
44.57
63.76
294.33
289.21
265.10
181.54
41.12
128.55
226.88
148.82
273.70
246.80
40.22
67.82
22.55
199.83
59.77
182.42
292.65
17.10
268.39
247.82
290.84
47.29
31.42
284.04
201.92
217.81
30.37
298.88
181.10
74.94
62.63
175.43
64.14
27.72
56.96
105.26
156.27
283.84
254.07
129.96
230.63
294.29
197.78
253.18
194.11
257.54
135.60
186.76
274.63
103.98
134.57
265.47
151.26
165.98
249.50
53.18
83.78
279.87
52.05
264.88
54.80
114.68
140.31
118.93
142.40
197.27
224.18
298.66
181.10
178.25
128.61
111.72
172.53
26.39
64.90
66.64
283.92
200.49
253.39
258.55
4.46
87.96
224.01
155.72
253.93
173.51
208.90
37.71
153.37
260.95
2.59
208.16
75.62
142.89
27.09
218.01
40.15
251.26
216.67
221.25
129.51
45.28
32.97
2.04
71.66
97.86
68.67
55.57
298.34
22.06
14.12
2.80
110.01
238.12
158.52
63.94
111.63
67.42
101.65
264.99
28.36
104.23
173.15
103.98
247.11
200.23
21.99
287.26
151.49
238.65
208.50
280.99
283.92
241.46
283.02
55.57
39.32
51.69
111.14
37.66
73.74
125.25
40.45
183.75
63.37
198.97
247.68
175.00
266.38
49.32
139.98
294.73
153.55
13.13
98.71
100.65
213.35
120.69
87.91
64.84
59.33
296.41
45.82
43.24
237.86
28.84
98.81
277.18
80.53
209.94
14.83
154.26
35.19
55.28
38.00
98.56
254.24
285.68
273.55
220.62
35.00
113.53
215.35
188.54
126.66
14.05
289.19
40.00
134.73
77.09
104.84
194.05
73.49
150.66
237.29
11.35
179.49
36.09
288.52
260.01
246.03
3.34
114.27
281.22
58.61
152.27
79.78
12.85
137.94
53.32
233.46
172.94
166.85
148.80
61.47
293.50
162.84
50.65
33.50
297.56
127.74
138.33
191.61
201.23
288.98
128.90
212.57
168.47
164.99
201.09
128.48
111.01
204.43
242.74
92.23
263.04
95.01
172.00
275.88
232.95
225.31
209.33
105.88
92.16
58.12
167.34
85.66
220.96
217.99
119.16
218.52
45.73
257.48
110.12
246.95
246.46
239.01
159.52
114.93
103.99
60.61
243.40
215.00
265.03
186.14
7.22
228.06
281.14
179.21
203.93
214.08
104.52
113.26
19.95
196.68
171.38
187.29
282.33
92.33
105.28
101.48
10.85
151.01
58.96
120.96
97.95
5.42
59.97
257.47
120.34
163.96
18.07
63.74
78.96
283.10
249.87
86.18
211.15
231.00
265.39
115.08
145.08
69.91
228.34
165.03
266.58
99.71
52.32
248.91
192.04
157.60
50.39
202.89
8.60
109.35
23.85
106.55
114.77
83.81
64.01
235.10
247.77
82.08
298.83
26.73
65.17
248.70
112.90
276.32
179.70
78.29
91.40
24.77
148.19
19.73
189.80
114.77
119.44
242.11
63.68
11.48
99.70
114.07
214.36
108.29
223.42
238.20
214.83
38.18
22.01
278.84
273.27
269.78
60.91
272.10
296.51
126.08
220.80
109.41
102.39
100.49
187.69
193.79
125.26
35.88
213.51
15.05
150.65
32.95
257.16
214.32
44.43
56.85
28.39
258.79
165.14
251.80
196.99
79.97
289.97
219.00
58.80
263.24
188.77
119.71
235.34
185.28
245.78
156.14
294.68
48.17
256.62
182.37
241.95
81.88
218.24
155.46
96.92
68.89
188.41
54.08
283.20
232.83
110.93
11.59
191.62
276.06
263.38
88.60
56.03
253.35
7.59
114.82
216.59
196.36
234.53
151.93
81.63
180.31
8.06
76.31
228.47
264.67
258.67
170.41
46.54
176.91
25.87
143.46
245.79
214.27
197.53
228.99
147.10
8.45
240.57
38.71
284.51
203.95
127.30
40.53
157.30
134.88
155.35
73.88
31.24
89.88
225.80
112.86
270.18
233.85
189.16
198.64
198.52
147.83
69.05
245.06
24.73
94.92
88.52
270.52
9.18
286.04
199.50
156.27
294.49
140.07
194.98
279.00
44.02
22.27
19.53
201.31
157.15
174.88
275.18
188.38
264.75
200.98
1.24
234.92
134.83
190.40
133.56
33.34
38.22
202.61
278.39
62.95
297.52
66.90
33.46
6.69
52.94
232.95
162.96
47.43
73.02
57.93
26.43
117.03
80.20
45.96
18.33
237.34
220.83
293.51
125.72
185.58
194.49
126.95
120.50
29.31
17.34
254.05
62.65
55.56
156.66
41.04
118.50
154.17
107.94
151.95
160.86
160.87
84.90
23.82
208.30
157.91
81.75
234.73
274.94
161.94
280.68
293.26
99.28
201.51
286.77
225.00
87.08
181.25
51.94
207.58
210.55
69.28
161.63
273.19
124.84
18.28
14.22
243.33
172.44
122.15
95.28
33.30
283.02
180.18
57.11
191.32
38.08
138.85
126.05
13.01
0.79
106.73
6.27
100.06
8.23
293.03
25.05
95.31
174.28
76.99
2.88
84.82
146.27
164.50
58.01
271.10
182.78
72.23
214.43
55.22
194.38
9.71
88.51
177.40
189.88
145.62
68.72
227.96
284.46
194.77
240.97
285.24
1.49
247.23
85.30
9.72
240.26
110.34
105.03
114.53
187.33
107.91
199.35
33.59
272.41
257.36
4.69
155.18
29.59
219.12
210.39
223.97
228.82
298.90
101.37
118.69
144.51
170.08
46.65
128.96
64.84
287.61
114.20
66.33
234.84
199.49
76.05
175.09
9.83
181.07
289.62
197.15
288.97
188.97
230.74
261.37
146.33
235.42
116.54
175.91
154.54
26.93
99.87
83.35
25.82
201.23
202.04
170.32
71.31
248.68
299.28
136.15
236.29
113.48
202.48
171.12
12.96
278.52
46.21
22.79
159.58
35.83
219.93
148.54
224.79
150.67
109.90
71.11
86.09
226.44
247.02
240.62
253.36
46.89
23.96
279.18
248.11
226.00
149.49
19.42
174.68
148.77
155.57
110.96
262.24
58.04
282.07
275.20
36.55
28.28
297.98
196.12
64.10
217.91
44.66
288.89
68.57
154.56
59.99
154.66
80.99
7.01
95.27
34.35
53.89
119.23
13.52
2.00
45.22
163.01
21.41
219.90
11.77
176.97
30.85
274.00
235.01
12.92
249.20
271.55
41.19
247.17
167.67
105.28
165.08
212.33
94.16
233.65
66.88
154.15
88.30
147.87
161.15
183.57
182.21
215.03
2.79
195.73
217.03
48.01
58.73
238.43
267.90
70.49
115.40
298.75
44.49
50.41
11.66
293.68
21.95
52.84
240.85
189.62
158.12
105.92
101.94
252.28
39.57
168.82
106.43
127.87
16.68
267.57
11.43
198.88
182.60
14.21
94.60
99.62
62.22
153.32
38.05
30.12
223.81
153.45
28.86
268.29
203.85
40.52
261.97
225.79
93.36
202.82
115.41
251.48
8.74
217.35
203.75
48.30
86.16
10.17
176.16
102.83
277.74
187.58
1.71
160.33
201.79
96.30
259.95
264.01
249.62
297.99
294.13
173.43
151.43
22.98
141.72
55.27
63.50
103.69
281.06
156.85
6.50
96.47
108.32
15.23
13.81
12.07
63.52
99.96
22.23
239.68
202.78
299.97
127.26
204.48
160.29
29.05
0.78
120.23
293.05
250.40
118.22
287.17
123.83
269.64
10.15
265.54
24.91
73.65
69.22
5.96
230.49
75.72
102.42
38.81
90.94
116.22
50.88
154.46
216.18
73.11
94.13
118.95
73.07
221.38
23.43
233.35
250.43
24.21
53.58
243.47
274.61
171.80
230.64
98.43
141.43
240.78
63.97
166.34
14.42
133.19
172.30
244.91
208.90
274.71
283.72
299.83
90.93
34.59
154.28
7.11
107.69
248.41
126.06
180.75
169.79
149.48
114.10
120.21
173.69
167.68
63.68
148.29
39.47
294.31
246.72
180.90
235.09
10.69
47.23
249.50
143.87
219.52
194.41
52.76
194.23
178.12
52.59
285.16
212.71
206.87
292.26
20.39
155.27
118.31
201.14
25.06
267.79
15.23
145.27
141.48
182.90
208.94
289.77
222.37
203.24
236.48
103.26
138.32
247.16
150.49
87.82
91.03
70.00
282.22
143.78
264.23
160.34
196.37
249.38
73.04
103.23
241.63
93.43
258.50
59.94
294.56
283.55
27.72
9.78
128.82
169.19
192.68
37.75
158.95
115.04
240.98
95.43
218.30
79.30
42.59
68.78
167.11
133.61
138.78
149.33
277.39
103.00
9.67
173.75
52.38
82.70
276.98
294.01
176.12
235.47
53.94
170.67
219.02
81.66
180.45
47.83
250.85
73.13
85.58
109.80
188.16
26.55
205.23
106.46
105.85
247.81
175.24
272.96
81.42
14.02
122.28
58.80
117.01
131.94
232.55
169.39
214.64
209.53
163.39
90.76
144.99
217.33
261.43
64.01
298.99
141.87
111.84
249.83
215.00
197.41
59.63
103.15
223.96
264.85
209.61
29.81
212.66
84.84
2.76
294.07
98.85
125.03
52.87
215.86
256.97
285.42
85.25
171.61
194.94
248.63
262.36
39.93
165.96
223.79
103.94
164.94
65.66
215.78
114.77
280.65
113.18
174.39
83.80
37.14
139.24
293.40
66.95
51.89
78.24
69.70
45.96
177.09
194.73
98.83
92.95
151.70
84.24
178.19
23.30
279.18
126.82
285.66
19.10
292.77
209.44
123.04
157.71
275.09
38.81
272.47
255.73
151.99
146.86
39.53
189.13
286.09
32.92
256.07
37.97
111.16
25.76
83.93
288.25
220.48
182.75
81.19
72.17
266.99
259.38
95.47
246.16
86.19
81.12
265.26
78.96
290.55
88.29
236.67
265.64
127.10
209.13
221.37
279.08
55.98
260.89
168.20
42.06
293.81
124.26
80.03
104.96
150.02
163.96
93.21
70.49
46.71
174.39
142.66
13.69
133.76
238.12
259.85
219.95
19.24
225.11
298.91
9.78
13.40
235.57
275.42
140.49
144.70
196.79
119.56
200.67
157.67
287.76
242.73
151.48
112.01
22.76
256.44
262.03
186.72
49.64
32.51
233.42
224.02
175.17
247.11
57.78
113.29
206.95
277.73
132.52
132.05
276.63
142.30
145.45
212.20
117.71
285.93
56.89
14.49
105.49
257.56
172.16
93.24
200.29
23.63
205.25
223.04
280.06
167.27
109.76
29.69
199.78
43.17
253.71
74.94
290.27
11.48
188.22
197.22
289.20
20.74
29.27
265.83
163.03
174.71
178.02
280.74
160.63
234.90
295.22
266.12
192.45
167.38
59.35
92.74
191.00
264.60
15.78
171.06
131.86
125.53
200.75
31.63
168.69
154.45
106.57
158.96
165.93
294.79
56.17
155.12
15.52
85.44
120.95
178.54
260.14
298.96
159.28
120.77
233.86
154.49
86.88
126.31
21.87
146.23
219.04
212.87
110.82
234.81
83.92
242.68
60.33
284.67
274.31
229.02
139.11
80.87
87.97
5.03
75.66
144.14
160.15
91.18
229.57
281.09
269.71
189.70
280.05
128.98
10.47
213.90
283.47
97.34
40.20
5.34
243.57
259.23
218.20
54.38
194.04
2.12
297.06
254.36
286.78
271.36
183.37
125.88
52.23
271.34
130.91
127.88
115.48
291.06
219.05
45.04
272.15
188.76
234.74
252.19
17.74
245.21
166.09
1.21
42.54
206.29
6.54
286.11
165.51
224.74
40.49
59.54
226.85
37.54
13.90
213.62
8.89
197.27
39.50
61.11
168.60
170.41
188.99
284.08
161.46
108.04
29.11
133.61
296.80
263.85
85.80
14.54
209.05
251.88
15.74
251.59
158.16
22.28
237.69
23.67
247.02
278.17
83.21
173.86
15.70
97.10
87.48
24.59
294.37
126.98
85.70
162.97
297.38
274.68
147.04
158.84
82.72
176.14
292.44
79.51
139.99
78.23
94.05
49.03
30.11
109.79
0.61
188.26
132.06
238.30
211.92
79.08
216.46
295.13
252.93
232.16
92.23
40.40
256.74
86.59
167.38
42.43
249.55
164.75
17.11
96.58
23.59
99.83
272.72
16.02
179.34
112.70
94.25
273.38
161.72
124.35
83.16
162.33
12.61
215.22
100.63
224.53
294.29
17.08
219.65
247.22
249.24
11.87
287.62
205.98
98.45
154.99
248.41
48.00
19.73
265.51
144.57
43.31
65.34
117.28
59.33
244.67
229.97
153.58
218.04
91.69
277.92
1.20
254.02
290.53
216.42
54.64
215.05
210.70
71.72
134.69
157.92
20.95
146.56
145.53
226.92
245.01
0.51
175.32
293.00
20.24
140.83
137.57
63.55
206.16
254.85
122.88
150.82
184.82
276.45
68.86
276.50
254.36
70.06
230.52
244.89
286.47
285.15
159.93
197.16
56.86
294.62
55.07
77.81
141.17
200.60
4.73
86.18
201.10
180.05
79.18
221.34
20.87
216.74
284.88
227.03
171.59
107.75
77.85
56.40
84.19
146.71
32.90
38.55
216.76
263.41
283.43
203.22
248.56
143.36
100.38
5.41
137.97
155.45
83.22
279.14
56.04
87.94
65.31
257.14
267.98
144.49
178.47
288.85
61.23
163.34
215.88
232.81
271.09
293.72
289.21
55.28
140.43
22.10
93.82
57.18
285.51
77.25
260.39
234.06
220.60
60.77
239.47
58.57
216.21
22.68
37.70
272.25
110.62
103.01
229.38
78.60
247.50
107.84
67.44
8.72
271.18
283.32
241.53
242.27
277.04
230.73
297.54
117.46
252.83
91.36
174.63
238.33
168.61
135.02
172.38
89.20
195.79
111.84
147.77
111.99
134.52
185.47
84.24
245.13
288.47
13.61
23.72
235.97
121.45
91.16
244.68
92.63
74.47
186.20
34.89
51.50
116.93
32.42
168.96
69.75
123.78
43.59
8.07
292.38
178.60
180.45
81.58
74.38
292.29
229.34
186.37
126.80
114.80
270.60
71.93
103.27
284.21
95.65
39.23
105.65
186.80
283.91
198.28
261.27
170.11
233.16
12.77
287.03
265.58
181.72
56.77
89.35
225.30
64.84
81.72
103.90
245.28
163.30
178.28
237.56
92.63
64.64
64.36
207.43
35.24
136.28
10.69
19.45
231.92
49.92
125.10
118.72
33.82
23.37
79.98
203.92
256.53
92.74
190.94
222.10
274.46
247.71
11.45
199.75
12.55
93.17
3.64
257.82
256.46
181.92
195.38
49.09
246.56
259.74
256.51
281.79
96.02
267.20
1.24
27.93
17.11
126.33
146.65
50.92
149.70
226.63
254.83
106.22
19.37
145.77
28.31
293.82
93.48
39.76
193.57
106.02
132.92
197.21
63.83
89.37
79.12
259.21
138.46
25.67
218.94
94.96
7.46
14.95
62.15
8.69
42.88
79.25
135.01
189.53
130.17
284.70
116.15
84.99
90.91
135.51
230.76
119.22
129.32
24.23
158.97
22.89
130.24
291.89
220.09
194.07
81.25
299.20
153.28
219.70
24.86
72.22
14.66
32.31
87.17
76.80
41.00
130.05
156.05
176.00
19.57
286.21
160.70
135.71
71.20
251.61
271.21
1.96
70.83
100.53
26.18
229.80
123.41
156.42
221.68
43.50
50.49
2.93
42.69
203.76
222.63
67.55
275.98
237.28
99.85
63.14
14.08
140.84
193.18
170.13
16.84
212.74
156.33
177.54
48.45
227.53
129.15
19.65
229.48
199.97
120.18
255.66
129.76
243.59
112.08
51.43
287.08
162.56
54.36
29.77
66.32
276.98
97.31
42.29
214.25
197.16
105.42
228.33
38.00
298.60
98.45
54.84
211.33
254.78
232.37
259.77
182.30
61.51
279.42
111.78
261.48
99.60
67.43
91.23
43.19
179.50
142.66
30.26
42.06
197.01
60.03
108.37
173.99
157.33
150.65
88.24
54.49
256.07
16.56
92.48
254.66
115.00
147.32
165.99
69.77
79.68
125.76
252.07
141.19
105.17
63.84
102.66
204.77
131.26
193.89
247.95
10.76
36.55
278.21
52.81
233.56
38.23
161.17
107.54
195.56
11.82
195.77
250.05
267.89
212.33
42.52
222.55
27.32
189.84
88.53
97.09
269.51
214.28
49.15
110.70
19.45
112.98
213.36
224.21
244.24
107.25
172.15
254.99
143.79
150.35
7.79
77.35
188.58
168.96
184.89
84.13
180.78
80.65
34.17
148.66
292.97
76.69
71.20
20.29
266.52
159.72
117.37
236.03
74.00
166.52
46.72
93.44
279.50
260.08
17.64
223.73
67.32
189.78
178.72
211.11
40.13
186.51
288.45
228.70
55.46
173.33
12.83
236.23
253.98
47.00
84.89
246.94
123.68
156.08
267.23
90.20
15.80
84.60
26.23
89.79
251.11
72.95
183.22
230.61
33.02
200.86
154.33
100.33
90.64
33.05
11.43
130.76
219.55
299.88
59.46
275.00
173.20
72.28
211.23
127.17
119.28
296.11
74.11
242.95
152.19
41.34
33.15
167.98
125.93
59.37
257.77
77.04
132.31
140.99
7.64
165.33
41.84
161.97
265.65
132.47
195.01
277.08
263.23
114.55
276.95
22.68
89.55
150.15
94.96
0.78
277.31
214.23
296.89
51.42
157.18
149.07
92.75
190.32
17.05
218.67
249.69
274.82
295.71
82.00
115.80
3.34
247.32
157.64
165.30
212.97
290.10
60.31
190.04
253.33
174.86
166.99
276.00
264.41
17.13
70.96
265.18
294.44
285.18
262.07
45.85
142.36
111.14
138.60
32.68
128.18
57.27
282.36
103.00
52.97
64.36
218.79
56.30
11.68
76.43
221.60
224.64
66.53
281.91
114.68
19.85
156.76
281.67
295.85
121.16
298.79
66.80
86.34
293.23
51.98
48.40
39.08
194.33
159.53
177.67
227.00
287.71
234.93
209.36
90.70
287.89
273.72
9.49
44.19
285.39
85.91
265.78
210.03
152.43
247.69
24.71
172.27
104.44
6.37
168.12
225.60
5.16
234.91
11.93
298.38
286.89
60.33
37.45
181.21
219.85
215.11
108.21
207.55
150.04
17.57
298.25
137.92
291.29
7.74
182.11
276.68
93.64
147.88
186.70
246.07
95.56
211.40
118.34
200.00
217.76
286.45
125.59
222.91
221.36
137.52
221.29
208.24
197.84
258.73
89.45
117.69
173.84
197.66
25.24
23.87
215.23
23.48
161.79
206.51
31.22
43.89
183.18
124.85
191.77
69.88
70.92
287.33
281.27
189.26
187.33
199.03
175.70
12.92
121.94
97.06
150.43
43.22
5.30
48.27
1.95
94.75
165.95
175.79
292.40
191.18
199.66
207.63
214.66
61.44
114.13
245.87
105.33
297.31
70.72
297.10
67.18
141.64
284.42
48.45
30.89
171.74
247.48
206.59
184.65
69.41
3.64
35.08
112.63
8.93
83.34
114.58
103.67
249.29
290.36
96.07
140.47
190.02
3.69
55.12
251.46
117.82
0.99
56.78
115.12
71.70
53.87
182.30
213.34
38.29
230.75
244.22
210.03
178.22
150.80
94.68
247.63
154.43
129.75
60.26
163.36
213.09
174.84
267.03
162.38
165.19
63.10
2.84
55.21
66.78
57.96
6.66
184.60
58.94
63.43
299.72
130.64
117.30
182.01
43.97
155.59
112.76
288.18
65.61
290.97
138.98
160.28
238.60
293.41
290.03
298.85
156.76
203.12
173.68
123.79
65.49
38.87
186.88
68.33
94.07
253.66
126.28
100.73
138.25
185.21
164.16
137.96
15.85
281.45
19.97
59.81
137.04
132.72
47.99
202.64
123.69
186.96
62.92
62.28
180.36
52.95
61.12
37.12
256.07
234.80
160.90
21.56
273.67
47.78
89.88
67.73
1.43
216.16
168.45
139.67
101.36
32.60
277.62
117.21
14.05
297.59
177.02
151.08
130.30
225.00
53.72
253.98
111.96
116.64
16.26
292.32
169.58
77.38
29.43
125.64
12.17
190.33
147.20
285.83
238.10
237.07
53.56
239.52
153.22
222.01
79.19
254.58
254.61
56.81
71.79
268.66
54.39
248.80
119.74
184.68
173.79
173.45
138.66
285.75
290.08
154.91
278.06
159.66
232.28
7.49
285.30
244.45
197.81
132.49
230.28
135.90
69.56
283.83
75.42
222.78
205.84
154.60
177.36
160.45
211.41
249.14
129.10
265.79
197.93
248.83
150.47
71.72
122.28
289.12
57.46
112.35
144.03
35.52
272.01
76.31
43.00
257.30
20.75
240.80
89.78
251.03
76.70
159.34
234.85
152.12
82.11
140.69
6.72
259.46
1.13
218.12
208.59
130.22
183.90
106.51
79.05
34.37
178.23
201.32
23.48
235.69
13.66
167.51
271.20
285.66
243.81
14.19
242.96
264.56
254.99
32.73
215.58
31.69
192.06
150.43
183.80
274.17
291.11
190.51
233.62
292.24
108.63
142.20
122.46
292.52
248.71
201.50
26.89
126.94
102.81
50.36
62.62
116.47
217.87
33.82
102.13
161.68
48.01
45.08
126.24
2.99
77.81
41.81
34.68
269.87
192.24
218.47
244.03
183.35
108.98
177.64
175.58
217.60
19.84
298.03
210.12
268.55
199.52
237.00
95.49
2.33
287.36
158.10
118.79
205.23
191.92
220.91
66.90
239.92
265.99
193.13
242.91
43.79
234.94
277.58
13.65
127.18
196.05
257.68
10.52
5.03
135.32
186.10
222.63
155.16
184.12
132.75
123.70
83.64
69.75
219.18
85.97
57.11
77.28
204.75
262.33
269.19
125.66
29.23
209.10
91.64
222.36
152.01
135.43
157.29
129.59
149.08
284.46
25.63
106.75
294.98
30.65
242.06
181.07
253.28
97.21
65.19
86.02
220.91
148.83
155.76
140.09
234.79
212.86
217.37
139.54
175.19
186.55
265.19
204.41
95.65
56.83
126.76
247.66
192.25
284.05
77.24
41.32
268.51
102.86
148.07
263.49
133.51
90.13
144.55
86.78
187.34
209.74
172.80
108.25
58.57
28.56
248.33
293.35
241.41
165.69
132.89
116.60
52.24
98.08
21.00
147.89
154.90
147.76
95.54
47.15
131.81
172.77
88.47
100.31
275.63
236.53
63.79
109.14
26.66
208.34
195.91
213.99
118.08
68.71
22.23
176.64
97.26
270.56
169.99
38.67
136.24
2.87
155.26
188.48
100.94
176.26
36.36
255.83
24.02
131.89
2.98
155.82
4.66
91.44
256.12
280.28
27.97
19.91
89.41
54.62
228.25
285.32
268.60
46.32
54.02
290.82
222.95
151.28
261.37
92.93
189.94
97.61
95.80
45.20
286.08
196.73
221.45
22.44
152.56
245.46
154.32
155.53
101.27
158.97
246.96
57.39
139.25
274.93
77.30
228.65
29.54
5.54
213.96
298.13
51.85
267.98
288.95
274.80
119.25
250.32
67.73
9.19
47.93
163.52
54.38
34.01
60.24
275.82
56.44
212.80
221.28
210.76
68.32
22.55
69.73
15.28
79.94
208.97
290.20
157.23
137.62
19.73
162.77
51.57
17.86
214.62
19.55
6.81
189.41
138.79
257.13
257.13
147.97
5.05
120.65
202.34
39.05
180.89
178.16
95.49
93.68
99.44
6.25
161.99
121.99
75.97
177.27
201.92
284.94
167.47
59.15
122.55
187.20
221.91
174.12
205.05
136.52
193.66
211.86
25.93
32.45
168.98
283.06
180.41
174.03
103.70
82.75
213.08
284.58
260.91
8.56
78.25
60.34
14.80
240.24
182.32
90.77
117.50
84.24
75.71
284.96
143.38
198.25
172.15
65.29
72.37
77.20
201.81
266.02
289.06
227.73
298.46
158.03
210.79
178.87
32.05
14.49
261.61
245.12
299.06
222.52
253.68
77.31
282.85
268.48
17.55
165.17
59.25
135.05
249.40
134.95
120.01
92.78
33.20
292.16
158.06
105.56
69.36
59.87
71.57
58.41
287.60
70.03
216.43
198.38
248.90
248.48
212.86
210.51
193.60
211.92
133.02
147.27
289.23
115.87
115.75
6.77
281.03
174.99
141.82
230.43
9.93
261.82
23.20
43.12
253.97
181.26
148.67
23.32
241.13
220.24
81.73
228.72
290.27
298.15
127.10
239.16
246.63
39.96
149.66
140.22
251.88
282.68
287.49
241.10
98.54
103.24
247.87
79.57
278.22
89.68
9.99
288.14
51.50
33.19
31.26
5.47
214.45
179.93
28.79
155.57
100.16
110.51
84.29
90.43
108.66
211.38
29.59
55.28
251.34
179.25
195.50
203.21
161.92
182.99
144.31
260.45
286.22
92.18
40.01
264.43
181.86
50.00
252.57
233.35
83.19
283.82
238.81
297.63
163.75
267.59
153.20
263.91
78.09
237.48
54.33
186.74
148.86
83.91
242.02
100.20
263.16
137.51
3.40
125.07
20.50
147.71
85.52
6.71
239.88
125.53
271.14
121.73
175.53
223.70
55.08
258.71
207.52
293.88
256.33
71.26
261.47
109.52
35.16
39.56
47.00
89.49
226.29
195.86
173.40
168.31
296.05
136.55
5.82
299.45
261.62
26.31
147.15
47.14
33.01
87.03
172.66
4.14
208.76
48.18
227.84
263.83
6.88
135.36
257.70
263.21
206.61
219.17
72.73
241.77
258.72
119.73
31.26
185.01
15.58
204.66
53.31
11.63
41.20
59.12
11.07
2.82
85.43
158.22
49.95
118.43
245.25
222.61
122.57
154.00
270.78
50.40
117.82
277.66
185.75
75.52
240.86
92.36
294.69
13.58
34.13
253.40
133.30
65.38
138.41
148.88
270.04
191.71
160.50
11.24
250.83
171.57
14.05
36.25
29.79
63.99
154.68
275.03
286.60
277.25
129.03
257.37
27.64
246.84
235.03
213.39
22.36
175.88
5.75
17.04
189.46
39.87
270.44
22.76
105.25
108.84
171.64
75.28
0.55
32.13
86.51
251.38
203.70
100.56
287.63
233.48
164.55
142.30
208.51
151.14
119.54
37.53
108.51
147.18
284.37
43.53
60.57
6.72
219.40
66.31
23.76
108.86
106.18
294.19
131.62
211.43
103.02
3.25
286.71
103.57
35.38
73.22
54.94
239.08
173.77
42.56
172.55
38.31
184.86
81.05
189.45
4.40
118.58
297.95
151.58
102.94
41.47
212.14
109.65
260.87
278.45
133.40
69.73
84.63
127.59
201.34
296.05
230.61
204.59
282.75
34.17
239.97
55.96
89.11
179.04
229.73
131.67
51.59
268.04
16.52
132.63
157.48
20.91
251.21
155.43
172.48
54.14
196.89
84.62
163.78
157.76
63.06
297.18
227.48
147.68
124.77
128.82
143.73
55.37
33.41
126.48
89.54
273.37
182.44
178.64
152.41
112.16
10.30
203.99
80.19
26.82
36.62
237.67
47.73
287.82
93.09
220.21
41.95
289.98
4.82
205.73
147.73
67.88
202.91
75.21
215.56
27.67
204.03
59.28
83.04
237.44
185.75
172.57
210.81
68.18
51.21
63.21
180.34
61.51
267.19
260.53
88.32
3.80
198.19
136.05
291.62
291.28
56.25
33.56
281.25
61.07
239.28
128.98
128.94
142.19
204.19
44.50
169.85
108.22
103.77
252.88
45.65
289.52
125.45
256.45
57.70
176.65
19.65
238.04
238.16
286.84
198.56
26.47
290.64
96.75
162.51
282.25
88.02
218.76
15.80
69.27
279.82
255.08
198.25
108.75
97.26
102.43
153.24
267.11
210.65
257.01
219.99
256.29
246.53
45.43
212.74
4.23
222.08
232.38
242.26
160.23
219.22
140.82
186.70
209.85
237.56
49.20
192.09
25.57
267.95
207.89
94.84
247.77
162.97
293.08
56.51
260.23
95.50
209.75
227.33
6.15
166.76
147.32
262.43
113.28
192.74
175.16
117.51
114.81
107.54
59.77
275.04
26.75
200.58
161.73
236.60
138.13
210.93
128.68
163.70
178.88
36.57
258.53
126.64
199.54
251.61
183.14
159.76
47.11
92.89
87.09
53.25
259.64
234.40
15.67
72.92
127.13
190.83
190.43
241.94
298.36
250.19
216.97
25.11
150.76
78.70
261.70
288.89
289.62
90.38
152.58
168.49
126.95
111.11
295.12
26.48
62.71
178.26
186.23
109.81
271.14
273.32
163.05
230.78
207.71
178.72
3.69
34.84
69.54
194.11
276.78
67.90
144.30
193.75
93.00
295.05
272.44
54.70
283.94
262.05
145.08
136.52
130.53
272.02
247.62
125.65
298.49
10.33
3.90
184.72
120.14
275.04
158.03
283.19
205.81
65.74
161.90
209.50
100.57
231.44
103.61
77.34
299.33
247.90
271.08
92.33
242.95
243.51
147.02
226.88
205.56
292.09
63.39
36.09
264.11
11.01
161.73
262.60
21.34
165.63
147.31
141.47
140.66
5.34
124.65
46.46
71.07
286.55
255.96
171.64
217.98
59.56
248.97
217.30
7.45
220.05
9.62
250.40
163.55
156.64
177.28
69.11
148.73
240.67
105.19
112.83
251.67
266.92
75.42
273.01
132.54
222.73
114.47
273.20
228.07
239.12
19.66
299.13
225.66
275.61
170.77
143.63
35.16
119.73
60.92
42.61
39.77
70.54
293.00
203.32
227.17
170.27
272.43
75.89
110.93
77.61
188.72
62.60
44.53
264.13
35.60
177.07
186.86
150.07
150.26
114.92
89.18
169.91
114.05
14.83
145.51
284.81
158.46
180.67
104.54
219.38
223.27
144.31
289.91
216.27
47.63
217.08
86.54
20.05
292.97
197.47
97.66
181.68
260.06
142.19
145.81
295.66
19.25
32.66
145.72
169.50
147.57
234.90
39.41
261.62
249.73
184.92
246.43
108.18
65.58
50.96
27.55
288.85
195.27
17.46
205.11
242.89
234.53
291.65
262.94
227.50
189.11
60.59
109.17
149.17
202.77
254.97
144.82
222.02
287.63
290.54
91.51
135.19
225.44
130.92
96.81
175.16
15.83
43.23
283.33
81.40
94.19
10.88
70.25
289.45
28.34
275.35
232.33
262.87
267.00
195.26
190.36
156.10
255.85
299.52
5.26
158.62
254.49
150.08
80.63
242.11
140.62
172.13
77.30
66.05
3.05
174.10
241.21
18.87
217.33
224.54
100.27
11.51
235.41
170.51
0.95
263.75
145.86
233.27
226.61
112.85
128.53
116.96
268.95
84.37
116.48
274.20
242.98
70.97
124.28
23.61
13.07
264.90
195.74
90.37
30.94
198.78
264.47
272.15
217.64
181.79
196.68
17.90
193.29
132.08
188.40
194.24
95.83
34.25
127.51
22.43
147.09
256.03
139.39
116.03
40.40
255.86
90.23
283.38
26.82
214.51
6.98
39.89
179.40
202.71
130.26
210.34
101.48
94.72
182.48
19.11
276.51
79.16
37.01
169.79
211.24
225.40
64.03
7.06
259.65
191.53
29.48
106.73
147.55
168.86
222.76
187.94
124.72
12.99
171.32
151.54
227.50
178.29
191.42
106.90
80.99
21.68
17.24
182.47
116.39
199.72
201.57
92.89
278.87
238.57
262.68
190.10
163.97
26.70
197.15
123.61
218.22
226.62
230.34
65.77
95.48
153.10
253.70
220.19
166.08
125.01
71.72
93.58
3.30
263.14
200.47
84.28
284.81
217.70
266.75
101.20
117.41
168.32
194.08
96.27
106.89
156.76
286.37
270.85
183.45
183.51
94.45
101.67
110.13
24.79
167.43
205.60
177.88
121.13
125.79
43.95
246.14
197.50
137.52
249.43
160.64
37.99
33.71
145.44
255.68
0.45
246.63
73.09
168.76
140.71
169.35
275.64
297.47
155.71
246.48
180.92
39.22
40.93
282.58
149.34
65.71
150.00
54.94
243.59
271.13
180.72
287.54
217.26
78.21
125.06
166.68
238.85
163.04
200.38
84.28
118.71
200.83
30.91
191.79
69.59
171.62
61.14
45.22
169.08
216.85
291.70
49.99
256.06
32.63
32.57
105.39
98.34
182.57
160.33
41.92
153.69
41.04
29.45
70.94
119.25
154.50
237.62
58.09
17.53
138.00
142.36
136.24
38.82
173.27
28.03
108.40
44.89
89.16
153.62
213.96
6.01
145.31
263.95
