98.18
190.00
290.24
80.01
255.50
100.66
3.78
285.49
133.47
28.05
223.94
70.98
222.93
16.81
92.94
267.16
52.19
158.35
253.08
80.57
113.06
128.18
1.19
148.47
120.29
276.81
132.22
123.55
4.45
11.06
264.11
102.62
201.06
254.35
182.62
156.55
55.00
186.40
142.04
188.47
214.44
65.97
259.44
137.37
82.77
52.37
104.53
134.96
210.71
57.60
215.53
23.77
185.77
216.71
172.24
6.06
193.52
4.45
129.60
197.96
15.51
93.71
0.58
216.57
48.05
183.19
73.11
103.05
69.59
215.15
291.51
284.02
281.11
250.94
121.39
63.88
3.31
225.91
198.84
214.02
283.51
114.36
237.79
169.27
31.07
110.02
175.32
224.58
114.47
4.92
122.53
129.97
98.62
123.10
46.53
146.66
6.29
119.64
249.71
75.87
34.78
241.21
59.89
15.89
192.15
181.28
79.77
195.46
107.19
278.60
109.47
90.69
92.96
47.26
259.96
124.02
157.27
135.28
48.59
271.73
140.19
171.12
101.70
238.81
294.22
148.23
85.47
0.51
267.86
35.17
76.38
2.64
276.37
136.26
18.53
168.52
17.54
98.29
63.97
124.72
76.89
173.44
215.41
169.84
220.69
175.37
293.85
77.95
10.64
42.44
49.68
150.83
213.55
151.37
89.63
207.77
299.59
175.10
208.27
267.45
210.26
284.64
270.08
186.63
120.90
288.60
55.14
138.44
86.89
119.11
263.15
163.77
292.54
178.56
33.61
213.23
53.92
27.45
291.17
64.56
69.89
40.85
215.38
283.44
192.21
5.01
191.20
191.80
180.11
99.47
159.24
90.36
84.11
129.32
276.99
205.01
117.92
32.12
43.44
204.80
151.23
6.59
68.57
143.76
185.14
102.17
56.98
239.06
129.62
48.15
3.61
199.50
89.00
218.99
182.93
281.20
224.00
74.13
173.00
104.10
173.59
32.24
194.46
257.69
161.55
171.44
162.70
279.46
203.56
206.13
184.25
54.78
212.71
252.81
198.54
97.85
54.98
255.52
36.90
184.59
3.67
40.51
84.08
92.66
259.50
267.01
73.86
183.49
41.13
246.85
287.59
214.72
279.08
182.05
172.40
140.63
53.49
35.10
120.08
257.04
241.22
4.33
11.82
153.93
257.14
210.36
251.77
12.11
165.88
288.67
196.69
169.54
29.18
280.77
262.20
288.67
247.77
36.06
172.16
288.89
282.91
159.75
203.60
261.99
41.79
76.00
102.61
95.27
111.09
222.69
52.31
52.31
227.02
64.13
206.23
184.15
274.48
158.00
196.26
140.35
146.66
92.95
9.89
175.84
73.71
272.08
164.50
21.48
8.14
36.66
10.37
291.04
196.40
213.97
253.02
238.19
289.97
55.62
33.46
101.06
278.31
85.76
153.36
205.32
149.88
59.58
89.46
124.36
217.58
285.72
264.70
64.24
78.66
274.59
240.07
152.36
246.67
104.57
173.83
254.80
141.22
184.20
245.83
37.62
98.16
198.84
275.80
88.12
254.46
9.26
189.17
232.76
95.01
42.52
138.07
244.89
102.10
227.53
69.25
19.67
213.24
33.95
83.90
291.89
8.53
23.97
144.25
255.19
128.53
18.08
209.98
269.74
202.27
155.80
7.36
0.42
54.64
283.16
88.54
9.09
292.41
277.70
241.85
87.42
20.22
79.92
32.31
122.31
7.44
101.55
141.98
220.68
135.49
225.88
212.57
144.01
249.84
56.81
99.20
78.37
74.89
9.17
48.10
277.15
164.97
55.45
277.57
219.61
38.61
66.10
228.69
31.01
43.80
170.54
118.42
64.01
250.45
150.72
186.32
257.89
252.26
28.29
178.56
87.74
254.17
91.12
231.75
204.01
147.93
30.94
282.37
222.82
40.11
30.47
199.97
205.07
85.92
177.53
124.68
124.52
243.63
53.36
155.52
287.42
223.90
273.94
51.42
174.34
124.65
237.73
132.22
76.91
266.02
10.78
164.65
220.19
101.90
96.40
124.19
249.82
127.33
106.56
172.63
167.43
137.02
72.60
72.50
222.93
250.12
197.17
47.44
193.75
250.53
202.96
181.17
174.43
176.89
232.58
48.76
1.54
170.31
180.98
78.45
136.33
191.76
243.09
56.51
293.65
39.48
180.70
243.47
166.81
287.25
116.10
34.24
124.26
188.69
106.74
47.19
138.81
3.91
94.63
32.55
254.43
297.58
213.71
128.86
174.47
146.29
177.62
176.00
16.60
58.59
254.44
152.92
250.35
197.53
209.43
243.99
237.01
90.12
187.46
103.81
77.37
3.55
138.04
201.63
192.23
244.78
248.81
31.03
248.68
43.44
63.58
203.11
41.01
277.28
31.96
215.48
123.57
209.57
91.47
140.16
268.16
45.91
293.07
218.50
243.44
202.50
162.49
180.44
292.62
49.94
284.25
69.98
53.49
122.29
271.60
245.71
67.06
220.41
276.74
15.73
263.84
40.31
218.84
4.85
17.59
250.79
220.32
141.15
160.36
11.79
281.30
128.51
57.70
274.37
47.01
1.13
176.87
209.50
181.57
169.48
259.43
165.81
239.45
12.91
288.10
211.05
258.62
55.15
131.46
235.36
70.88
95.30
275.67
289.71
100.14
293.26
240.50
20.46
134.40
100.85
32.24
115.70
229.35
89.94
90.07
276.36
91.07
266.93
185.85
272.63
136.40
145.28
138.44
75.85
158.19
126.53
286.90
116.81
181.67
118.35
52.16
252.55
213.64
27.83
242.25
13.78
21.08
182.75
34.24
155.47
283.59
66.47
271.17
212.94
156.41
61.24
189.29
247.47
28.16
75.14
220.09
164.56
220.41
58.52
240.40
78.59
185.05
227.29
195.40
66.72
45.64
247.55
19.26
259.28
275.37
261.51
273.06
296.44
144.25
7.29
151.91
127.84
73.76
123.08
40.77
230.16
184.31
230.05
177.62
212.47
5.19
97.70
77.02
225.59
156.22
17.41
4.18
41.26
244.70
199.57
107.98
290.34
147.12
127.23
249.62
122.49
88.74
222.67
118.93
232.99
229.95
270.84
60.82
3.71
93.91
101.58
233.86
278.22
31.63
111.47
190.68
36.81
209.17
267.69
262.40
65.39
285.10
266.58
106.65
229.80
166.15
214.62
220.13
13.27
41.84
169.74
135.75
130.58
92.41
254.68
63.56
22.36
225.51
124.37
26.06
19.42
225.94
259.91
297.63
257.57
71.37
188.31
294.37
280.54
155.99
256.77
45.92
141.09
223.34
152.56
70.88
89.48
67.17
291.01
102.75
109.01
160.74
238.49
239.58
253.15
193.17
3.14
275.50
118.67
127.50
1.55
138.09
53.44
261.45
135.71
11.00
32.82
24.01
5.37
13.35
180.00
262.13
59.27
21.08
185.47
211.82
91.96
274.95
278.99
82.96
77.69
88.00
243.70
16.18
27.57
196.84
209.34
30.71
172.33
28.00
158.20
173.88
166.09
211.64
135.33
1.79
222.63
168.14
25.80
228.00
181.49
205.80
190.12
240.75
226.88
75.59
152.57
18.83
50.53
131.56
101.78
128.22
219.55
45.47
144.39
247.12
242.31
53.73
277.82
114.64
81.72
136.02
288.51
247.81
47.65
123.83
249.59
270.28
291.97
275.39
198.27
173.45
181.19
88.39
114.20
108.06
163.97
266.77
126.88
214.50
98.32
228.66
42.71
17.87
274.13
187.10
264.98
216.43
240.82
242.80
31.07
22.54
78.81
19.57
270.34
126.46
143.40
219.93
96.73
135.36
195.32
294.99
8.81
76.50
83.37
123.00
184.56
247.34
89.77
11.44
161.84
188.09
240.09
204.55
205.95
214.22
91.64
170.93
130.65
32.46
113.73
161.71
55.00
192.54
181.28
25.33
18.99
24.67
245.26
115.71
160.03
140.58
110.70
168.83
217.07
194.07
291.83
101.63
141.40
81.59
113.06
3.23
269.67
53.15
207.78
175.62
267.37
299.41
46.55
98.01
31.87
160.27
259.72
86.86
52.81
140.99
112.19
71.79
165.66
57.44
187.50
25.68
198.01
298.19
194.50
115.08
192.26
186.33
216.71
33.66
267.91
29.76
36.89
237.58
82.91
244.66
113.20
50.27
244.06
159.75
148.27
275.93
20.01
107.98
62.78
72.82
248.97
174.96
144.60
114.63
232.40
32.10
140.30
130.41
30.29
34.80
245.49
222.54
221.12
162.19
256.19
189.03
191.94
293.07
126.61
274.85
237.72
239.80
25.11
181.78
99.54
173.38
157.70
119.55
281.36
220.48
192.36
230.32
95.44
36.96
44.95
27.83
69.05
185.24
158.24
99.33
220.04
103.72
21.86
141.16
265.90
278.05
30.18
157.84
271.11
156.79
132.68
208.83
96.58
157.79
90.61
196.12
31.16
248.30
15.67
12.51
168.78
208.02
242.83
264.21
244.98
287.77
292.04
14.02
173.01
150.27
113.35
93.04
253.99
135.21
234.20
219.89
113.25
264.37
77.72
84.36
121.16
210.40
293.18
217.73
68.19
83.79
113.85
99.34
32.09
129.51
111.85
200.86
37.53
54.67
165.07
282.50
42.43
157.10
296.52
215.44
7.37
109.86
8.47
261.35
245.06
242.67
181.24
58.30
207.03
258.96
142.66
28.19
169.36
135.84
245.91
237.54
219.62
59.76
36.87
251.70
189.26
148.71
152.55
226.79
203.38
17.61
209.28
245.81
174.71
205.80
161.24
182.08
15.65
169.71
143.43
260.70
112.37
24.66
19.00
19.40
283.61
161.66
47.58
152.96
297.49
293.49
90.49
217.10
53.24
127.36
168.79
242.50
276.07
21.34
169.29
179.44
38.95
78.57
125.25
213.66
284.36
286.48
95.73
300.00
156.19
239.15
260.70
268.56
263.80
279.70
287.95
247.40
141.35
35.53
100.36
138.83
29.01
190.84
55.93
82.25
18.20
224.72
24.75
294.26
246.05
194.03
173.70
285.00
272.59
298.94
198.65
256.94
285.42
294.37
256.94
141.60
233.51
217.64
110.15
197.30
197.33
98.10
144.70
38.67
133.62
245.05
177.50
162.63
135.89
233.42
244.88
154.08
158.14
269.63
148.33
104.18
163.66
22.02
89.17
136.25
20.96
287.81
93.18
6.37
282.18
50.12
147.97
215.68
267.75
258.12
112.98
165.07
56.21
257.68
203.74
189.83
202.72
81.24
52.46
38.61
14.66
297.34
192.68
172.79
266.96
41.01
276.97
130.62
63.02
66.14
266.86
83.98
53.95
60.04
90.34
36.12
110.15
238.30
251.79
77.90
196.42
64.77
242.97
252.63
22.44
146.71
142.46
225.16
227.94
194.91
263.76
242.60
192.25
156.43
115.38
159.21
197.43
92.35
289.82
260.45
158.48
256.67
44.42
212.42
16.70
134.76
248.53
126.85
73.06
200.32
204.74
269.47
265.08
147.70
222.09
287.52
294.40
64.55
212.67
222.34
259.46
176.42
164.93
151.70
32.85
280.31
10.90
230.28
72.65
0.72
190.73
231.12
257.38
235.15
143.53
274.08
69.90
92.06
100.92
142.96
292.38
5.65
112.43
257.46
153.34
34.52
244.97
147.74
99.06
157.64
70.07
58.51
34.06
234.99
210.20
66.90
215.29
221.10
297.18
287.93
221.81
187.90
219.05
179.19
123.04
62.58
153.26
192.94
154.63
254.17
35.90
147.00
259.81
148.32
104.45
113.15
182.83
49.42
260.88
281.89
207.05
30.94
40.39
241.10
265.93
250.59
8.00
181.21
171.69
5.17
169.14
93.49
193.06
88.18
272.67
16.10
150.75
125.93
209.04
5.38
80.09
244.93
152.37
39.90
93.24
256.82
153.04
276.07
6.23
113.92
257.95
213.28
144.85
298.34
154.37
110.78
248.92
162.36
291.98
120.60
167.53
161.11
214.09
60.58
249.29
186.76
76.68
100.03
12.68
285.71
105.40
92.76
230.63
257.77
132.66
23.87
214.59
285.70
299.93
220.81
99.61
257.88
134.09
244.46
256.21
288.46
55.23
205.12
150.81
47.20
25.72
18.34
208.31
239.80
78.91
157.59
126.55
155.59
257.62
139.22
141.29
63.02
231.98
71.91
20.78
64.64
95.78
235.36
50.33
95.70
156.17
149.93
53.58
290.25
94.38
9.78
278.70
149.60
214.90
129.51
196.80
240.61
147.84
105.11
180.40
226.75
262.69
6.94
82.33
220.31
146.16
223.62
283.32
78.14
295.53
4.09
142.77
91.30
239.45
193.09
187.00
95.61
43.02
240.57
85.86
137.39
250.34
64.56
286.99
165.23
194.07
183.79
105.83
41.91
288.89
286.23
268.65
251.58
293.17
50.98
171.88
139.32
274.59
155.20
217.46
270.11
159.28
60.23
61.41
98.73
253.32
248.40
194.34
296.33
188.96
280.19
133.72
139.30
44.75
120.71
4.52
238.81
4.49
110.35
280.71
293.38
96.57
249.36
244.96
89.74
0.34
116.84
229.05
274.92
272.03
146.51
245.03
131.31
206.73
6.44
230.03
160.05
254.83
124.37
156.37
143.79
104.55
290.09
283.08
149.30
110.79
287.60
88.10
115.28
97.95
68.81
108.66
194.52
18.16
53.62
284.25
18.49
170.45
213.30
293.41
142.48
59.80
238.44
273.78
266.53
244.87
203.81
126.57
199.70
28.17
282.94
43.48
132.72
273.03
26.56
282.01
83.82
14.16
70.11
199.09
112.10
138.91
7.75
6.61
157.07
61.36
290.85
175.55
231.81
204.14
168.96
74.28
263.94
107.39
48.06
230.47
52.26
251.87
57.04
251.95
280.03
39.98
295.43
112.75
13.00
21.98
94.76
96.81
36.13
164.86
295.90
148.22
3.76
3.64
154.83
160.82
65.00
145.68
36.37
296.80
49.81
205.33
71.07
13.75
12.72
119.13
244.21
64.97
70.99
1.25
16.91
51.02
41.22
12.34
163.76
54.21
34.31
258.51
151.02
70.44
123.36
146.91
218.65
127.12
150.54
73.48
287.94
215.54
219.15
24.31
212.33
268.96
229.63
283.40
282.71
242.34
102.52
226.92
7.30
173.50
228.16
24.21
224.51
269.37
36.54
88.27
23.58
70.85
46.77
174.59
141.28
170.13
21.50
59.93
297.25
172.04
133.41
285.18
87.57
52.55
9.49
299.90
21.51
239.11
283.29
4.21
181.45
85.80
231.12
188.75
259.30
159.27
212.96
183.81
128.64
249.50
272.07
152.22
20.34
18.84
26.81
161.62
188.97
48.30
221.55
186.22
220.33
54.95
171.40
7.90
107.49
180.88
7.79
128.99
119.99
291.07
133.19
1.43
76.87
64.30
190.17
36.17
223.57
103.13
219.97
52.21
52.62
192.04
204.42
72.96
210.88
231.22
234.57
99.85
279.52
156.11
286.06
199.85
211.05
157.45
207.74
18.54
38.32
215.52
147.52
158.30
206.59
280.71
159.73
283.46
45.01
49.90
19.62
268.58
153.02
239.59
20.78
205.63
131.63
225.19
278.58
42.51
156.41
213.15
142.35
135.92
69.25
128.41
35.76
280.30
285.85
243.49
298.83
24.17
159.01
146.35
182.47
65.60
127.06
42.19
49.05
172.06
92.09
68.67
140.64
245.10
8.25
161.41
150.73
139.88
86.59
129.31
182.38
243.00
42.45
24.73
78.91
111.70
153.13
114.66
92.00
138.98
58.15
90.82
163.14
217.16
237.17
45.60
282.75
64.22
87.79
31.80
236.28
179.87
100.46
76.91
124.97
108.71
238.32
275.69
248.59
24.91
105.00
130.97
267.90
147.44
155.69
46.80
259.14
8.82
161.46
51.13
147.79
219.61
141.95
10.93
136.76
79.11
56.53
119.51
143.33
144.32
151.30
79.61
24.18
251.76
156.52
149.14
60.46
94.83
124.83
9.05
119.73
229.82
140.01
87.63
77.26
295.70
134.42
36.39
4.51
295.88
87.52
152.30
215.48
229.46
163.23
52.24
8.57
219.75
171.74
151.90
64.06
23.04
231.50
88.24
274.79
88.02
237.38
35.25
182.84
62.20
44.29
2.57
292.02
184.29
90.19
69.27
179.98
224.61
105.66
184.49
220.49
193.17
36.79
135.96
122.63
200.01
188.19
131.19
119.76
59.93
283.09
183.81
82.96
214.58
272.05
57.75
2.60
209.42
92.99
185.44
271.62
137.28
188.01
263.63
21.57
278.20
32.90
201.54
202.80
138.55
86.03
123.28
31.71
122.81
259.24
154.33
22.81
147.43
285.52
142.56
207.35
268.60
26.37
290.31
183.18
298.41
48.05
185.77
207.83
141.04
71.21
179.45
278.31
259.21
143.07
299.87
237.40
175.97
201.41
140.20
14.51
287.43
263.48
46.22
110.24
222.71
200.55
133.05
70.14
186.07
275.60
277.49
154.66
1.97
267.79
37.84
0.38
15.84
223.61
208.21
156.87
294.81
87.65
135.17
254.02
230.72
135.04
191.41
106.68
36.44
31.61
121.19
23.87
295.08
167.40
134.11
217.79
67.95
267.15
287.92
254.01
242.75
265.40
108.66
244.71
233.19
146.50
245.09
249.02
70.10
153.29
105.88
64.91
240.93
241.05
18.92
171.65
76.09
210.32
278.32
112.52
241.92
99.50
136.39
237.00
266.90
270.50
154.78
34.84
237.64
142.70
288.84
180.38
108.10
97.50
125.09
41.28
243.99
70.18
290.30
14.09
223.46
96.18
78.99
164.39
37.23
97.90
36.03
113.31
8.22
14.35
225.83
250.13
113.85
62.21
187.13
80.75
32.71
41.90
115.58
270.34
184.60
104.42
150.72
292.69
201.92
275.81
33.97
145.90
45.98
24.26
159.98
269.43
120.43
238.97
133.82
157.65
36.86
169.85
270.95
45.07
184.19
196.77
295.20
298.04
258.98
182.32
78.78
291.69
224.22
194.36
262.02
108.81
298.77
112.74
101.50
200.69
88.54
135.46
46.59
134.51
159.71
206.57
103.94
280.14
145.53
237.76
137.79
182.38
107.60
108.74
227.45
291.78
5.51
222.64
289.82
264.49
104.96
68.59
256.17
29.18
262.94
218.18
137.98
261.71
30.92
239.48
162.39
119.45
74.93
208.98
253.96
234.63
115.54
57.90
214.77
261.06
295.65
52.55
143.43
103.24
161.28
70.88
95.02
166.78
293.52
84.83
131.26
98.47
153.42
87.43
127.65
116.36
5.60
265.63
78.07
36.51
205.10
240.46
155.96
280.02
149.43
109.92
214.65
264.96
167.81
129.41
226.01
163.45
181.96
69.44
266.69
43.23
140.31
61.71
210.01
133.82
146.53
41.27
232.29
299.95
128.69
59.93
116.30
134.29
25.55
194.36
170.80
230.64
134.82
26.76
210.66
284.24
136.67
125.30
249.19
4.47
254.70
175.20
167.92
136.65
244.63
134.61
179.88
84.94
196.31
89.89
218.76
42.84
131.15
151.04
42.78
259.84
210.97
159.08
94.12
236.52
53.44
264.91
167.16
188.25
291.66
77.81
172.48
128.33
203.11
121.66
132.79
157.80
296.85
0.71
294.45
241.48
135.31
174.33
26.41
31.62
264.21
245.16
74.45
95.35
96.20
117.23
55.19
7.17
276.30
149.30
243.69
29.74
114.21
110.84
217.98
105.87
188.65
90.45
234.19
91.75
212.11
66.98
249.55
208.96
67.69
244.00
150.44
202.99
118.32
176.84
234.61
82.52
122.00
9.05
177.87
218.20
126.28
233.05
225.37
102.57
82.35
169.05
132.30
196.55
279.89
50.28
2.41
168.53
140.72
236.60
260.28
52.83
3.57
209.82
261.79
71.25
153.81
112.22
274.24
272.12
289.06
208.84
54.64
111.06
217.89
232.50
29.25
44.16
165.55
254.62
146.73
247.89
123.66
279.03
144.43
103.54
29.30
146.84
272.07
170.02
83.43
232.34
222.85
86.99
142.15
184.63
158.24
295.96
296.84
132.47
268.07
285.89
41.31
22.71
96.95
259.19
255.20
126.20
3.35
120.74
80.81
150.07
68.62
204.46
129.10
213.05
8.00
158.39
59.88
280.07
28.41
143.31
212.40
251.25
230.29
54.55
135.87
88.53
50.50
132.71
220.99
18.57
118.60
262.29
41.27
215.54
221.48
296.47
41.73
224.82
117.21
122.53
74.88
185.83
26.99
203.97
98.87
34.99
62.36
158.75
15.05
90.76
2.05
227.45
42.00
232.34
281.99
177.87
20.86
32.49
10.57
241.85
51.06
129.17
204.13
92.32
44.70
125.60
88.79
86.43
50.42
205.99
208.96
125.29
91.82
