202.75
296.20
139.69
208.31
174.61
271.16
91.53
298.12
232.69
55.13
251.68
106.24
88.30
106.78
246.74
156.24
84.46
162.75
217.23
39.55
153.55
175.12
187.35
114.70
59.20
2.07
166.67
195.24
268.52
258.18
206.05
171.27
254.38
45.73
79.57
128.98
16.89
171.10
127.10
249.57
226.23
78.78
55.80
14.53
185.56
2.54
170.76
270.01
165.29
87.99
9.56
18.84
263.11
196.90
133.53
22.31
198.96
0.19
217.54
167.48
258.37
123.59
38.74
212.74
169.31
118.31
41.72
186.20
289.40
168.82
135.76
215.62
247.59
191.56
230.14
133.15
194.10
100.90
103.15
59.39
188.89
112.70
78.22
151.99
9.60
211.74
174.30
208.55
211.93
91.83
76.02
170.29
215.41
114.76
83.03
84.72
233.06
124.74
270.91
222.45
293.55
106.67
138.07
241.14
298.22
68.21
74.28
192.31
169.11
177.43
251.69
57.99
290.13
29.91
209.98
299.72
241.65
84.28
208.26
153.57
176.10
284.28
23.86
91.51
99.03
106.88
176.22
32.08
231.62
147.13
254.53
225.16
253.79
92.59
166.29
252.01
160.80
240.56
144.32
29.90
117.98
96.01
87.89
108.10
125.91
297.87
107.82
67.55
82.14
16.07
221.12
258.24
0.34
244.98
49.74
99.37
51.86
225.96
131.44
283.47
73.08
85.96
208.62
26.87
178.55
74.91
278.87
39.34
15.47
123.19
69.23
133.44
219.19
157.11
241.54
45.10
154.98
49.35
112.65
237.11
65.42
