69.41
292.15
71.03
91.00
80.16
102.52
145.44
114.49
155.03
247.15
52.93
148.69
131.40
29.24
254.00
294.53
85.34
124.96
54.67
268.02
33.23
290.73
287.02
89.87
235.70
192.93
129.33
85.23
90.32
286.20
260.61
159.73
278.34
31.63
250.72
58.49
134.15
96.16
172.98
289.17
43.31
225.91
137.86
174.71
255.14
91.85
169.24
40.48
216.81
223.90
8.49
250.03
214.63
295.51
39.90
150.32
188.43
169.23
235.54
278.74
155.42
196.15
138.46
133.76
227.78
89.18
192.25
61.92
185.34
65.22
51.09
228.65
291.12
188.94
103.35
246.26
280.79
272.58
286.73
197.59
196.48
295.22
147.62
111.10
290.72
187.52
261.42
179.14
56.74
196.95
157.88
212.16
93.10
296.34
45.91
20.87
85.52
238.15
82.79
270.85
3.37
133.87
199.49
294.48
22.80
2.84
240.73
3.58
275.41
227.45
201.17
171.89
222.66
48.79
282.98
213.38
236.30
244.39
92.51
293.04
141.34
250.39
205.19
234.43
246.72
251.09
255.30
32.23
189.24
38.08
3.08
192.60
171.95
202.57
187.07
194.74
205.41
127.80
198.32
180.81
55.24
99.49
52.70
277.90
148.28
35.67
191.27
84.58
280.05
283.78
77.61
121.39
234.17
282.79
55.82
180.88
233.88
11.12
213.11
123.11
49.20
216.19
15.70
221.14
118.76
202.77
115.88
24.16
30.56
14.19
204.97
85.80
113.68
257.66
63.70
261.95
293.32
254.96
46.53
273.37
238.74
124.13
94.76
172.90
106.92
150.57
53.78
40.79
161.68
266.89
163.89
210.88
183.08
179.59
132.01
1.83
82.36
247.88
25.98
112.91
262.07
230.95
198.71
75.75
188.60
262.40
37.70
181.92
217.36
84.22
155.29
156.10
208.34
250.04
28.99
15.25
100.61
82.77
56.04
262.29
49.66
219.93
173.16
232.73
99.52
5.16
234.55
181.87
253.04
260.53
294.78
215.10
191.47
193.48
290.84
80.07
155.87
28.53
261.99
73.23
112.74
117.27
229.32
21.08
67.31
258.31
36.33
167.92
41.07
92.37
130.20
90.72
12.29
3.36
23.45
111.80
8.52
257.99
293.66
261.55
218.52
288.44
176.65
109.99
181.91
167.48
190.05
37.78
196.01
152.03
111.00
8.75
269.30
40.31
29.82
36.61
298.61
66.15
204.52
39.68
158.51
34.72
130.40
170.79
38.08
153.84
282.59
46.59
111.83
276.25
8.14
30.34
264.68
184.78
140.32
146.59
52.26
30.37
184.36
248.26
182.40
295.35
257.01
151.70
35.66
286.82
188.30
34.27
52.97
92.82
73.95
211.47
127.54
204.34
82.26
165.61
58.18
64.85
212.20
170.00
41.09
220.33
200.33
5.77
105.11
40.65
152.35
157.36
71.01
36.70
105.62
253.41
32.05
62.62
105.10
67.71
49.44
293.40
101.97
102.41
86.21
175.91
13.87
213.74
80.25
96.13
79.35
138.42
160.97
291.54
8.42
202.06
211.87
208.75
207.82
16.97
249.39
60.16
174.32
20.40
96.86
279.94
273.80
128.91
42.56
78.90
196.61
92.00
72.29
298.58
194.40
158.50
174.49
208.27
72.23
254.73
4.39
151.57
93.15
165.36
143.11
101.56
67.42
54.97
10.30
275.23
71.93
259.69
35.39
246.25
280.08
132.25
226.19
253.88
261.15
268.74
32.78
157.75
60.73
105.06
156.33
255.13
263.55
30.81
163.39
35.78
285.54
167.78
187.35
78.68
33.14
30.45
180.23
100.55
85.42
190.53
75.78
157.34
150.21
111.16
103.59
130.28
243.40
29.77
84.16
204.54
298.51
116.93
62.29
59.24
221.99
218.62
14.36
185.54
249.42
177.75
221.31
234.95
45.52
108.65
13.62
78.66
139.10
193.85
179.20
224.51
84.37
254.97
81.85
234.57
66.13
185.44
64.85
9.52
215.21
149.01
214.06
213.71
265.94
276.35
272.95
187.92
194.96
287.30
73.45
144.37
165.05
294.76
79.32
210.57
103.41
92.94
289.22
242.50
286.78
168.41
167.01
71.15
123.38
248.85
5.72
189.50
134.28
70.57
199.02
49.48
219.57
113.07
263.19
185.51
89.42
236.13
73.42
284.37
223.43
146.87
128.74
88.48
141.63
208.06
299.04
245.03
0.99
288.25
187.52
287.76
156.66
54.52
58.91
280.03
3.37
64.62
169.53
137.65
135.18
68.54
187.13
54.75
181.61
150.32
240.25
271.02
86.45
13.67
255.39
9.88
160.54
84.12
98.35
2.16
292.18
97.38
247.18
293.16
85.63
134.70
280.92
242.28
189.22
39.82
222.31
192.59
104.44
91.83
30.23
239.61
160.36
217.36
294.36
41.97
67.67
234.60
12.98
154.11
248.27
268.36
163.98
108.80
52.48
262.32
110.96
44.65
59.70
58.14
37.80
145.32
192.84
18.71
87.60
82.05
58.53
9.90
274.63
162.96
101.73
4.86
102.57
262.09
222.21
96.92
4.05
289.87
31.52
17.02
143.97
279.79
285.38
7.95
88.58
37.85
270.26
199.54
82.50
29.96
257.67
120.30
175.27
150.50
139.01
262.87
232.55
197.53
272.77
207.18
60.49
74.49
212.03
163.05
36.58
134.24
259.97
40.62
124.10
291.48
57.64
268.07
271.26
43.02
276.01
59.84
80.86
246.27
259.38
163.36
276.22
217.05
283.65
151.49
67.55
122.65
114.35
0.09
20.17
87.11
207.27
80.66
161.59
119.29
243.70
198.16
253.52
203.66
238.78
77.62
195.14
296.42
45.69
166.40
39.43
21.69
226.24
120.29
267.96
185.61
283.64
244.17
102.65
267.29
95.65
170.19
89.93
210.00
170.28
110.10
297.10
77.54
190.75
158.69
196.83
134.44
56.85
150.35
38.10
295.63
227.97
233.23
292.04
273.65
99.63
31.46
295.34
25.86
151.75
263.29
211.46
135.38
207.46
14.11
102.67
3.11
184.30
192.59
213.10
54.58
2.69
210.20
132.11
193.43
68.89
28.94
27.87
125.73
179.28
65.97
121.36
107.24
299.20
113.39
80.89
98.82
144.85
76.22
124.67
296.59
39.51
36.13
131.97
246.97
50.24
234.63
250.07
234.53
127.22
163.17
289.10
129.90
73.36
121.21
23.33
142.24
150.14
51.20
267.97
29.42
117.16
89.32
136.66
116.35
202.71
217.54
215.16
47.55
293.76
39.83
44.14
33.27
75.95
176.11
280.23
126.19
110.74
230.29
60.71
237.96
93.46
49.81
67.86
166.81
171.01
91.18
9.05
21.15
142.37
277.02
50.56
259.52
66.34
187.21
75.87
269.04
104.75
291.02
16.59
98.51
30.85
60.73
131.77
106.80
236.84
112.00
232.98
47.57
42.29
293.68
285.52
135.74
43.48
53.37
2.55
214.49
144.55
11.59
235.63
286.91
288.61
286.19
246.43
54.94
173.40
22.29
23.98
278.14
13.31
40.56
76.65
44.15
101.28
208.42
150.95
38.11
20.41
83.92
85.68
62.69
77.60
71.20
198.43
121.08
124.57
200.97
35.56
269.11
212.56
271.19
256.02
201.16
257.37
202.45
256.09
130.76
224.74
280.06
108.90
238.04
20.62
185.54
282.19
121.90
93.96
133.13
160.01
114.37
217.05
245.68
177.06
294.64
16.88
75.48
115.71
141.44
276.44
151.27
110.55
188.99
122.45
66.57
90.14
79.81
269.01
46.23
210.56
193.74
26.29
19.45
131.78
46.90
204.99
113.97
168.79
298.95
247.10
28.79
113.31
164.14
274.47
290.36
158.77
291.34
65.83
274.48
132.78
42.27
125.74
243.32
231.25
248.18
9.89
21.39
27.98
278.90
67.62
238.54
172.63
93.90
257.99
4.41
140.79
162.97
118.37
9.58
161.92
65.46
38.36
275.22
229.60
12.83
265.57
88.37
4.17
31.40
62.84
136.94
73.67
188.57
80.26
4.91
136.75
90.14
26.30
164.72
69.03
93.91
103.26
241.66
187.81
61.24
246.07
28.59
224.21
64.44
38.17
86.12
129.89
76.53
61.33
59.49
89.35
26.90
147.85
93.51
58.30
210.68
230.45
131.96
99.25
10.70
136.87
235.99
100.84
163.16
100.71
169.87
257.07
203.96
111.53
144.87
265.20
57.59
173.46
189.40
122.02
211.62
275.52
251.91
288.15
36.84
11.39
77.49
63.74
159.23
171.00
122.03
69.91
101.44
253.98
169.16
112.14
90.85
105.15
212.97
254.00
205.85
82.84
211.07
109.81
194.36
55.94
75.00
251.94
229.40
264.40
73.95
141.02
239.91
25.86
129.16
276.75
37.24
206.64
40.48
196.47
77.64
162.51
266.38
179.07
116.48
135.53
291.21
207.32
240.67
204.17
161.32
146.52
287.01
72.39
256.33
181.36
128.33
31.32
133.30
57.72
295.72
207.24
198.73
235.62
233.10
27.88
212.36
270.33
234.52
252.84
166.80
12.16
115.34
133.17
191.23
231.82
268.70
182.43
139.14
209.37
86.60
0.46
55.88
73.60
72.84
12.20
254.95
201.16
43.52
88.24
258.87
39.23
295.48
157.60
274.85
228.57
185.48
187.21
198.90
120.00
140.04
65.69
132.15
255.37
198.86
23.37
187.19
167.55
205.79
26.32
76.92
292.38
26.77
132.79
65.97
99.61
144.99
20.92
0.76
188.51
109.16
259.63
227.74
104.64
117.23
202.58
33.21
2.70
89.79
232.10
122.69
229.82
297.79
254.83
185.19
196.65
278.20
72.37
64.19
183.98
98.69
141.10
176.36
125.45
273.89
242.33
225.05
118.88
263.24
225.81
7.38
72.40
185.43
235.12
177.03
2.66
137.70
210.24
5.35
227.48
142.34
128.04
157.30
140.12
82.86
42.48
36.77
61.06
114.85
100.96
245.03
213.53
242.06
121.38
38.98
215.94
63.70
264.02
34.82
26.94
189.83
42.20
99.34
75.26
277.31
276.37
77.91
115.00
186.60
83.25
42.47
28.93
211.28
199.76
169.05
294.14
242.24
205.81
55.19
57.08
6.76
0.22
270.61
248.81
121.60
9.58
164.75
185.29
273.60
199.56
212.23
163.43
241.75
11.57
238.68
219.06
287.93
16.58
34.05
174.52
99.83
76.51
203.45
11.10
276.27
72.49
5.24
218.50
278.30
60.43
275.58
285.06
60.64
246.18
233.87
182.23
255.76
98.61
67.52
229.36
298.17
279.75
92.78
239.92
291.31
31.46
158.97
279.23
48.03
193.01
153.75
147.85
269.52
57.19
158.95
245.78
129.68
164.19
164.28
107.98
224.61
139.85
93.03
285.24
86.03
26.89
167.46
41.79
125.50
234.98
271.14
123.66
214.72
63.92
63.57
206.02
95.38
222.54
185.24
143.40
115.54
38.98
291.25
85.05
96.17
150.20
30.83
225.84
14.38
195.10
33.81
238.98
34.94
126.84
224.22
120.97
153.72
91.68
162.75
279.21
26.65
133.89
102.87
241.36
197.81
166.43
147.37
293.18
88.97
32.61
136.58
204.50
71.59
127.82
289.55
167.75
278.02
20.37
93.59
292.39
215.47
127.39
231.37
250.41
254.22
155.58
71.37
107.94
247.25
234.11
87.14
273.90
68.00
190.01
215.25
265.80
56.44
62.62
258.97
145.40
95.23
95.55
49.89
166.81
223.37
39.44
34.56
201.38
59.80
128.14
193.77
275.27
255.53
125.14
225.67
209.74
280.72
297.03
17.68
227.97
231.13
104.82
201.86
299.13
294.82
117.11
264.92
51.25
179.72
223.89
196.64
274.94
19.43
246.52
141.75
242.79
285.95
176.30
144.17
45.75
4.44
37.93
21.01
259.96
163.07
246.67
169.69
143.78
243.70
187.37
71.74
174.83
292.18
273.59
173.95
286.99
90.69
138.86
38.23
270.41
62.75
234.86
245.35
82.18
181.38
87.10
24.97
167.33
263.39
169.13
213.08
267.82
207.06
234.09
227.78
70.12
180.76
97.47
213.89
124.45
284.83
285.63
299.27
277.00
259.21
173.21
263.98
49.90
12.07
2.20
20.31
74.81
237.06
265.65
156.99
118.44
52.74
181.95
285.76
16.13
51.07
198.84
283.95
258.12
132.92
211.72
28.24
13.67
9.18
242.13
138.11
294.00
227.75
137.38
270.99
186.96
10.58
234.97
236.85
22.65
237.17
257.15
97.46
174.23
222.80
254.44
292.66
275.54
136.38
278.42
291.66
187.45
177.25
275.61
145.57
10.16
187.32
173.80
23.83
196.50
115.92
161.94
190.49
43.66
299.31
161.48
230.61
9.89
96.45
167.46
32.53
33.61
124.61
129.98
207.83
47.40
84.41
200.49
22.94
220.79
178.90
14.60
108.23
56.14
290.20
253.79
66.30
177.51
127.58
90.13
74.01
243.49
252.06
264.49
287.15
251.36
125.97
217.75
261.25
222.42
85.21
293.77
256.02
209.81
123.74
163.85
257.21
208.15
64.33
280.14
128.93
243.22
294.73
237.16
299.36
284.93
190.94
65.65
162.43
18.52
155.78
236.44
262.01
107.83
200.92
249.15
59.19
26.89
166.90
20.43
249.30
252.10
14.19
205.32
161.91
137.93
69.16
119.11
46.08
133.49
99.25
175.01
76.71
93.97
112.16
76.06
78.89
3.09
141.71
241.32
21.60
297.48
177.75
283.60
105.31
78.67
232.75
164.49
105.56
99.64
184.91
54.86
51.74
199.10
260.17
213.64
37.03
29.33
32.75
83.10
162.82
131.99
258.10
239.52
225.96
70.26
15.58
4.85
73.34
157.29
246.17
94.94
154.76
123.91
78.54
260.06
202.58
11.29
124.55
8.14
110.93
9.45
62.99
162.66
208.55
23.16
76.30
245.57
52.48
109.05
28.66
215.29
241.03
286.76
154.81
166.98
57.01
170.38
171.83
130.35
27.66
117.99
225.29
182.42
241.90
3.83
142.48
144.48
15.11
267.02
152.61
126.04
276.47
215.60
288.70
185.02
238.75
64.99
130.58
291.22
174.03
159.24
206.51
115.06
146.00
61.32
282.04
203.00
231.69
153.86
33.35
259.35
271.84
258.64
141.77
213.74
262.46
284.24
58.21
277.57
251.26
210.81
103.60
227.72
126.40
92.29
112.73
65.15
157.28
243.31
56.37
31.31
102.54
262.87
146.36
248.54
24.19
128.39
151.54
255.88
282.25
184.88
215.22
254.09
143.52
56.98
167.82
105.97
41.22
226.02
83.53
292.47
136.83
187.13
220.19
263.23
279.41
32.91
28.37
136.69
276.22
84.73
167.99
78.76
47.60
14.34
27.29
71.78
142.73
178.82
27.65
124.97
63.70
242.87
79.05
207.21
299.85
246.87
13.18
41.06
172.89
96.71
33.53
9.71
283.83
253.71
272.94
263.24
286.61
1.31
99.92
262.83
86.03
267.90
41.58
133.63
282.23
68.86
205.41
124.96
247.68
233.06
249.92
11.37
175.93
28.97
218.58
175.77
275.83
231.75
216.83
148.71
28.45
250.35
158.42
12.27
204.05
131.35
275.51
190.66
132.65
75.42
153.48
218.68
43.31
195.05
52.31
25.54
263.91
257.71
150.50
211.58
190.77
100.41
222.95
66.69
129.38
141.52
242.45
105.21
73.27
159.28
253.91
101.71
109.62
112.33
113.98
13.67
243.68
89.49
204.33
76.33
164.90
57.80
295.01
208.21
252.85
47.31
233.75
216.75
5.02
84.24
128.33
195.78
184.65
51.28
262.46
14.02
192.80
204.91
119.23
266.06
64.18
73.13
67.77
173.80
185.46
181.75
187.46
129.13
271.23
91.78
205.46
136.12
149.58
200.46
44.33
102.43
247.76
278.07
19.18
252.77
62.31
147.50
148.55
246.95
198.77
111.00
260.97
91.57
15.90
80.19
57.62
80.08
153.32
125.38
253.87
38.78
7.12
141.33
167.90
278.35
233.11
73.35
114.46
82.69
273.81
158.79
185.11
221.56
136.86
204.28
174.33
199.16
51.78
22.87
146.11
250.55
133.87
107.08
42.11
149.77
187.27
99.72
229.84
40.58
225.10
183.71
79.36
232.22
25.04
247.26
210.56
258.15
20.61
25.02
40.83
294.41
183.80
225.93
215.96
20.66
130.21
90.29
219.81
181.98
113.16
65.92
132.52
247.02
172.99
174.62
96.79
60.25
274.34
26.62
100.83
199.43
210.33
180.18
131.64
235.36
127.43
42.20
193.50
148.03
67.21
234.33
142.43
251.01
160.26
58.39
271.66
290.46
148.68
191.46
172.43
261.83
257.38
4.95
208.85
130.36
179.56
5.63
190.61
153.89
32.25
291.43
53.31
242.57
171.61
184.95
177.93
299.03
227.14
71.43
147.06
294.34
5.75
289.49
245.35
166.00
47.87
217.00
156.46
196.54
108.46
28.88
158.37
65.83
33.83
67.21
196.19
213.38
72.84
86.79
67.27
105.08
78.22
120.58
47.64
249.82
5.52
225.56
248.85
232.66
296.99
95.90
227.00
2.73
85.38
172.34
168.73
133.24
89.33
25.18
29.78
197.78
54.06
188.15
263.61
87.89
255.36
159.79
1.26
28.19
246.58
68.52
133.26
24.79
189.09
180.89
274.60
194.61
106.45
223.44
127.26
103.44
19.34
54.25
106.16
104.71
226.58
274.89
237.95
15.91
0.07
267.73
213.69
54.13
155.87
177.30
142.01
111.22
37.08
143.27
139.40
283.66
211.78
272.66
8.44
100.87
153.55
283.04
295.47
259.99
206.48
122.73
63.42
225.81
176.98
169.58
30.52
103.55
144.47
268.46
119.46
144.53
236.18
33.14
198.66
92.05
210.43
40.66
203.27
247.51
183.92
42.66
231.16
95.70
15.31
239.60
196.57
168.86
222.64
192.04
128.84
129.11
14.76
192.26
54.92
191.73
61.84
85.43
295.28
206.31
53.88
114.73
50.83
290.06
147.87
249.49
82.10
58.30
290.15
285.36
5.81
174.07
28.02
236.97
269.76
43.33
176.57
166.32
212.18
99.20
58.35
41.02
228.31
73.11
233.28
283.22
264.83
295.12
68.64
260.11
201.42
122.52
74.83
252.25
112.57
222.70
201.73
194.67
281.00
191.87
180.02
286.80
65.93
208.04
223.77
35.69
251.36
100.33
202.01
163.54
199.52
260.36
204.55
127.82
33.46
137.83
111.04
298.29
132.94
179.67
258.39
34.35
2.18
33.22
286.60
114.74
255.91
188.32
9.41
236.91
80.19
189.42
223.70
146.11
97.45
147.47
181.80
48.81
247.79
83.80
212.34
147.31
44.15
116.89
275.13
77.61
254.71
86.17
75.89
87.65
265.83
34.27
122.00
268.01
67.48
108.59
82.75
23.39
296.91
92.15
260.29
77.09
281.56
183.99
223.20
79.01
31.45
104.99
127.82
279.24
188.78
40.16
126.55
232.93
157.04
101.68
10.53
111.75
187.84
86.41
199.40
153.66
120.68
21.39
121.67
188.15
129.98
204.41
211.53
126.88
296.55
171.82
203.96
278.11
55.80
127.16
57.12
87.25
232.14
184.93
66.48
120.92
225.09
193.03
53.84
82.12
294.70
64.36
193.87
182.53
150.77
93.27
36.19
271.44
114.65
157.85
159.58
244.63
62.25
71.11
71.50
58.80
242.93
275.46
36.90
298.72
102.61
94.02
85.97
34.75
278.94
152.44
155.66
204.03
45.47
209.49
286.14
40.16
273.85
180.01
222.68
124.61
273.27
258.87
96.05
87.92
116.71
255.63
32.55
178.96
26.74
104.04
237.75
269.66
79.50
274.65
268.38
182.11
68.67
54.34
216.85
47.61
206.78
72.50
251.63
252.24
281.98
237.77
292.39
255.83
117.77
215.07
80.44
91.04
173.93
176.48
178.96
290.64
132.10
211.50
169.59
158.83
15.54
107.34
128.49
95.04
81.99
96.86
277.14
150.66
151.19
193.98
198.26
57.97
266.47
149.88
10.20
248.45
87.64
2.59
204.28
205.41
217.65
284.71
296.44
91.58
161.18
175.40
82.21
293.28
86.90
251.80
152.11
102.44
59.14
280.59
197.47
141.13
77.44
174.60
291.78
228.63
68.57
190.03
286.59
35.04
39.91
296.78
283.49
127.54
299.36
187.76
32.94
217.01
172.46
29.38
8.58
33.64
204.78
90.79
26.91
291.67
42.59
179.02
94.10
101.73
159.60
291.56
242.85
237.03
166.16
234.63
165.66
234.72
124.66
152.24
269.76
164.56
149.02
253.24
292.09
148.38
140.99
25.03
65.38
13.45
54.41
73.96
47.08
259.18
164.75
73.99
250.85
207.33
253.00
44.95
9.05
112.59
36.51
251.90
49.62
202.66
186.53
215.28
137.38
11.18
67.52
107.13
175.73
216.53
60.36
167.82
64.91
201.35
192.85
130.29
214.79
247.26
204.24
261.86
206.43
68.99
35.85
157.28
276.32
288.85
202.22
285.37
101.43
238.72
237.26
151.05
141.38
123.79
66.33
278.75
134.96
133.84
85.87
10.69
50.36
146.23
178.51
115.26
47.57
71.35
245.55
262.36
18.60
149.78
224.22
225.03
218.77
260.06
82.31
195.08
248.90
284.53
180.44
50.33
223.24
117.70
201.38
64.61
241.48
267.70
43.36
76.44
101.54
129.22
87.12
151.90
275.45
265.62
267.16
23.02
36.97
212.70
285.37
55.57
62.48
209.58
280.60
281.24
169.64
62.90
176.32
118.54
47.42
56.75
168.87
270.66
174.45
70.25
35.27
115.93
37.94
78.63
192.36
139.48
207.85
279.48
291.37
183.29
245.10
258.52
206.30
282.07
171.21
191.67
37.63
233.68
101.25
18.23
214.91
270.89
81.13
91.22
89.42
128.55
147.97
258.29
99.21
22.42
28.53
134.47
138.34
66.47
213.10
30.70
205.94
120.94
10.17
197.30
4.22
255.27
155.81
210.52
237.33
27.02
102.19
274.96
260.69
203.43
293.19
175.60
174.32
74.31
266.82
263.74
202.85
114.79
222.02
2.05
137.20
250.54
136.52
275.54
17.00
49.61
6.23
222.94
170.54
16.40
120.23
174.76
271.66
276.04
85.28
208.99
3.05
187.46
183.95
263.74
90.89
177.13
139.34
265.21
251.44
106.15
228.94
154.28
220.94
150.95
156.33
58.13
101.49
292.85
33.66
118.49
42.46
39.89
41.42
213.00
56.28
161.65
87.75
27.94
137.68
173.03
236.93
140.73
60.49
120.87
104.47
151.37
298.00
243.80
116.58
249.43
49.95
45.51
103.71
270.88
196.46
260.04
29.00
297.94
252.88
62.66
116.42
295.33
102.54
157.83
208.33
158.82
19.47
296.08
186.75
157.15
169.10
123.68
297.88
229.58
244.54
102.34
80.95
242.54
46.13
197.52
191.97
96.07
243.03
295.67
66.94
139.48
255.71
95.94
137.41
208.58
158.60
253.82
203.91
261.13
111.65
112.23
119.95
131.12
108.31
6.69
288.27
277.40
130.36
286.14
206.98
74.90
88.47
287.92
17.44
134.60
185.44
209.40
230.67
128.46
205.07
297.61
267.93
160.77
93.55
105.34
69.35
252.14
59.16
273.26
213.27
170.81
85.49
33.21
1.92
193.79
39.90
290.19
171.19
170.26
276.32
78.16
245.15
64.79
66.08
262.59
199.39
251.52
171.99
130.05
79.98
77.06
127.65
47.90
237.82
221.19
153.24
7.17
173.33
212.39
280.43
86.59
83.19
65.91
119.79
85.11
259.70
159.68
75.30
130.88
29.93
51.61
209.04
275.08
116.40
275.11
237.66
15.78
226.63
109.65
145.83
6.60
186.70
273.47
54.50
124.52
194.66
207.73
131.68
67.99
120.12
112.11
154.57
203.31
178.02
274.35
288.41
137.71
134.03
63.70
268.59
163.95
115.31
177.63
139.03
231.71
152.74
76.69
247.48
79.36
186.33
93.31
85.95
73.02
66.78
140.44
197.53
261.43
48.17
29.21
29.41
168.28
141.32
183.98
71.58
19.33
158.32
59.99
157.04
292.35
123.69
125.63
156.29
239.00
3.25
295.31
170.70
155.98
71.99
118.18
235.33
258.32
211.48
21.27
31.33
278.25
161.71
228.86
239.68
209.87
258.07
269.09
78.15
99.38
153.06
149.72
118.70
11.38
209.71
275.74
3.72
33.39
101.36
160.01
272.38
104.60
155.32
143.08
260.58
227.31
261.25
195.90
185.62
172.73
217.17
216.95
150.97
78.88
145.80
90.65
288.75
103.87
59.73
66.89
203.24
212.78
216.61
21.94
224.16
126.31
297.67
227.87
159.70
99.03
87.87
132.08
203.63
243.18
275.15
164.20
170.48
236.40
60.10
56.10
109.12
277.26
273.04
260.09
56.14
118.84
50.73
44.88
222.70
110.46
111.76
125.94
23.23
28.36
147.87
247.38
154.66
145.54
175.25
14.35
244.57
263.12
146.42
148.19
206.30
121.57
12.38
76.77
57.96
72.48
132.87
167.08
49.74
105.90
127.16
105.87
224.73
177.89
150.74
147.42
288.34
262.50
273.35
11.57
290.85
121.22
258.95
145.51
266.76
134.19
159.86
211.32
97.30
6.28
59.50
3.59
127.84
71.88
80.36
185.80
144.35
213.22
52.87
194.08
19.12
180.03
299.95
243.84
57.91
150.68
91.26
46.25
113.17
64.61
57.81
104.02
185.83
16.75
249.52
152.58
150.94
109.38
63.90
248.24
115.65
123.40
251.83
243.49
195.27
32.19
129.28
39.62
245.40
182.15
233.70
264.52
62.17
233.65
208.35
