288.81
180.55
18.88
173.67
64.62
230.40
290.27
104.79
18.86
72.15
205.62
226.14
273.02
155.69
170.67
147.46
51.80
9.19
139.80
153.19
214.54
28.21
9.93
7.39
79.82
299.60
38.19
288.43
150.07
229.75
270.69
138.87
110.29
289.56
12.54
174.91
219.95
2.80
279.69
238.81
74.94
185.30
164.95
47.96
40.99
35.61
195.42
92.79
44.79
35.22
245.98
259.33
63.42
255.90
266.71
143.24
255.50
4.90
131.66
105.56
234.64
102.34
244.43
44.93
91.89
256.96
219.83
11.84
259.75
199.52
250.64
34.69
84.82
115.59
82.65
125.80
151.19
278.06
218.58
195.98
13.27
164.55
155.30
76.69
120.45
122.01
219.92
75.94
126.90
51.58
181.50
61.54
153.91
125.92
106.47
245.80
82.87
26.29
257.64
42.62
225.81
208.28
77.30
10.62
23.86
159.94
136.42
175.04
138.00
54.99
71.02
151.27
219.54
226.32
227.95
39.99
48.32
147.87
115.93
175.22
199.44
297.42
236.76
53.35
123.33
43.22
299.15
206.20
69.51
256.78
248.81
295.31
165.05
26.11
5.93
188.90
186.05
142.34
63.94
24.04
197.33
134.96
175.31
116.86
61.27
103.26
156.85
109.59
251.12
272.77
284.80
150.56
270.18
221.55
203.91
93.51
264.77
203.05
299.70
34.27
159.82
248.50
29.57
24.87
274.60
35.49
213.77
160.64
177.83
277.70
184.68
75.15
112.66
59.99
192.01
173.92
163.24
48.85
283.51
114.36
21.62
268.30
264.91
291.79
189.85
168.82
85.30
154.62
71.86
84.99
188.88
231.68
33.48
218.45
256.55
8.08
253.94
170.31
168.72
131.76
148.01
53.40
206.91
260.66
113.38
98.92
134.58
276.61
147.76
118.08
90.97
169.38
86.37
55.88
161.17
276.22
224.69
246.46
130.84
296.54
31.44
19.71
228.22
64.92
238.16
184.76
73.00
192.09
55.07
241.71
23.85
203.07
295.10
230.76
163.72
108.48
29.67
298.29
85.09
177.43
116.36
176.05
46.80
202.73
231.92
207.96
178.95
156.60
154.41
9.78
153.14
185.85
29.49
81.36
250.76
267.64
266.11
23.75
159.73
21.17
265.46
183.58
224.24
260.56
114.33
87.95
69.03
143.99
86.24
154.11
21.41
202.60
30.15
68.20
105.32
262.07
276.16
284.27
118.66
130.56
294.05
271.79
16.40
23.53
53.14
267.16
291.17
19.25
290.90
150.90
40.42
256.36
34.47
264.65
216.91
148.79
52.60
285.94
292.78
138.84
140.05
14.18
41.43
170.19
82.38
146.74
132.25
58.53
131.01
250.91
189.09
125.05
222.70
205.48
148.58
275.84
172.63
139.74
295.09
163.53
290.63
35.50
119.88
25.10
0.15
36.79
173.89
52.75
22.73
166.66
191.58
162.77
180.84
233.00
32.96
263.21
79.74
165.21
21.74
210.74
116.11
210.82
35.79
38.80
116.29
184.36
14.64
288.92
24.09
9.72
152.45
14.72
45.22
272.33
39.82
45.36
9.12
213.70
98.11
31.84
80.36
289.68
194.60
261.19
222.68
227.55
224.40
2.41
92.75
246.13
213.15
208.86
156.94
248.93
247.65
273.23
133.29
262.29
262.15
157.38
272.00
114.59
172.10
17.21
86.91
211.91
62.57
96.02
125.61
160.68
127.85
205.96
150.35
22.45
167.14
73.03
249.99
91.54
75.44
42.74
37.66
288.59
251.59
194.60
237.52
199.24
167.82
70.80
161.52
129.96
228.17
133.51
244.55
100.26
150.72
31.46
12.17
213.29
127.47
137.77
73.96
255.32
43.72
224.31
277.77
210.86
297.33
227.75
2.39
72.77
270.48
40.05
61.35
222.06
234.64
298.86
121.29
102.46
69.65
282.81
232.42
297.82
116.32
176.96
98.07
267.03
208.41
110.23
180.32
35.88
248.00
254.27
291.20
291.71
178.58
268.96
202.57
175.91
196.70
204.96
248.67
167.18
245.00
10.01
89.24
179.64
8.87
210.53
282.09
78.51
193.33
214.50
76.32
9.64
91.46
174.39
276.67
299.86
284.62
156.98
35.74
232.61
111.25
26.93
224.32
289.82
295.88
126.88
165.72
192.58
31.83
114.39
59.75
276.83
124.40
148.99
156.46
133.26
59.51
138.55
211.76
252.83
53.04
288.08
262.47
144.50
162.47
239.13
144.35
147.08
96.10
180.09
79.69
207.35
207.01
4.00
197.16
202.89
130.87
62.88
95.46
162.69
177.26
155.21
139.51
1.66
4.19
295.97
134.91
63.69
134.51
46.67
16.52
187.55
34.75
278.98
32.04
197.21
218.10
176.39
44.29
14.20
56.47
123.97
221.54
263.47
127.96
118.70
166.35
258.82
181.58
261.81
121.51
58.84
117.01
261.02
60.49
121.20
256.98
195.39
184.89
91.48
242.06
201.40
279.02
276.80
180.38
11.05
174.00
98.48
187.43
218.28
112.68
243.90
42.24
34.22
207.36
170.19
152.92
73.71
129.01
34.49
35.51
250.51
93.32
152.52
211.53
153.81
273.71
168.50
49.20
158.60
259.98
291.25
60.00
238.99
268.04
240.38
250.04
142.03
38.85
137.47
60.31
151.52
81.36
102.55
185.74
288.72
272.74
38.65
62.42
101.74
73.13
97.93
52.25
166.45
250.44
263.77
20.26
224.15
132.27
69.45
82.75
92.24
60.69
142.74
31.23
28.73
83.11
281.27
170.75
121.96
118.73
231.06
273.48
200.09
33.60
159.21
188.80
6.33
197.85
251.22
108.07
270.98
49.15
160.31
137.42
299.59
124.08
157.67
223.74
256.34
227.12
6.48
48.58
287.80
149.22
79.80
16.52
232.33
61.06
187.27
54.28
179.79
118.33
27.75
79.87
151.92
186.95
268.67
158.25
84.80
219.89
266.31
55.77
269.03
126.62
193.19
268.61
250.69
50.86
192.34
207.03
277.97
198.81
255.60
265.77
48.03
35.40
282.28
280.35
96.45
169.55
34.62
276.24
287.87
62.37
56.11
139.79
249.31
24.78
298.03
34.11
244.66
264.33
89.87
213.68
90.94
283.06
182.29
41.63
33.91
74.62
248.65
11.87
273.43
204.24
277.63
21.45
239.63
259.91
1.80
36.08
129.46
36.41
12.31
117.32
98.77
68.42
257.10
48.08
93.19
255.12
82.19
37.84
219.45
172.05
251.52
10.39
155.11
133.81
52.01
189.01
208.43
0.65
200.88
181.85
204.88
178.51
203.30
144.51
138.42
205.09
180.58
267.87
241.50
192.89
85.18
40.27
261.30
42.28
88.34
54.49
297.40
170.52
92.32
216.84
42.57
43.84
227.23
197.67
177.64
279.23
86.68
86.06
279.87
287.56
267.91
184.75
166.06
171.21
29.25
4.47
76.29
209.83
272.33
17.79
102.72
57.51
58.05
64.01
99.78
146.38
118.49
97.18
16.90
210.81
14.02
59.47
254.65
241.24
257.14
132.28
220.46
43.81
218.34
200.32
31.36
186.24
85.07
197.41
57.44
114.31
201.88
133.73
24.14
174.21
151.51
126.85
231.71
209.56
190.85
31.49
55.94
9.34
128.66
72.83
220.15
142.67
132.29
174.79
83.90
89.42
7.07
4.36
133.23
225.40
204.68
164.59
111.64
289.74
61.99
169.08
104.04
263.87
2.81
128.18
138.07
154.32
255.02
69.77
63.87
145.87
101.26
119.80
155.20
229.91
192.62
75.35
72.58
24.91
250.14
156.48
114.33
257.20
160.83
247.55
182.60
65.50
112.13
294.24
55.24
174.12
163.31
159.28
137.99
166.11
287.45
276.05
20.43
242.46
45.82
84.29
88.32
147.08
204.08
243.52
76.98
96.70
18.86
149.56
121.61
268.99
6.03
235.93
226.19
166.86
183.48
108.78
232.36
295.61
103.01
287.59
169.73
266.32
146.86
7.72
132.43
134.30
283.77
152.85
76.75
29.58
237.13
165.07
176.65
141.21
108.58
253.63
237.91
127.43
103.19
59.51
96.42
109.22
295.44
22.60
276.07
178.92
131.38
208.43
174.53
234.38
196.01
44.26
200.70
42.86
51.97
33.12
177.16
35.73
185.96
253.91
65.31
123.09
118.97
241.96
264.30
227.54
195.59
202.20
54.97
298.77
261.71
151.38
107.98
257.15
173.98
84.05
136.07
5.35
292.47
10.59
239.73
188.47
54.85
140.42
231.33
106.81
173.54
108.49
142.54
59.49
62.39
207.84
182.58
181.36
149.80
146.88
108.89
45.38
49.07
163.86
44.14
10.78
15.23
152.12
267.92
189.21
236.17
103.99
194.55
228.63
114.57
134.28
117.10
169.42
274.69
48.43
276.22
148.22
156.91
118.76
207.71
219.30
26.59
90.29
100.65
176.38
237.16
209.54
221.76
286.23
73.39
265.89
297.00
88.61
118.01
264.92
277.82
54.17
68.90
172.36
282.80
183.47
6.63
99.89
52.88
281.32
148.31
29.10
129.54
5.22
147.85
37.25
224.51
174.44
127.53
25.16
50.81
64.69
234.69
272.57
50.91
8.07
238.46
47.91
96.68
56.46
12.82
74.49
110.63
81.72
246.85
93.42
265.18
253.47
193.31
18.06
234.79
41.61
47.15
64.33
46.83
195.00
101.57
271.33
69.43
229.10
296.49
120.24
293.78
231.17
92.80
44.68
239.23
31.25
92.59
35.90
87.71
105.40
110.39
198.33
187.12
57.23
291.74
152.30
10.70
185.05
170.35
245.48
226.65
217.50
9.80
273.48
112.49
111.37
244.80
181.92
40.46
241.28
2.15
34.23
172.45
94.94
78.91
111.67
126.19
171.49
147.57
213.89
276.89
257.95
112.22
164.00
15.18
103.96
16.29
25.87
289.00
186.63
271.35
215.64
104.13
281.15
189.11
216.61
92.51
133.91
98.52
132.96
75.19
100.67
167.19
247.63
195.61
246.09
59.30
21.79
117.58
206.87
235.68
94.46
164.81
47.89
258.46
179.98
151.84
274.74
205.85
140.83
161.37
177.19
56.47
265.49
158.33
245.57
182.10
250.83
79.48
280.62
83.79
154.67
81.28
250.97
102.30
276.89
197.06
161.60
298.67
14.64
68.46
234.34
109.09
233.27
282.23
67.55
113.25
134.06
42.28
19.09
274.88
203.65
196.27
31.34
169.14
54.60
276.91
51.24
5.43
56.39
31.85
89.21
211.05
113.13
40.18
13.34
90.01
237.24
174.94
88.68
251.87
243.39
23.02
60.96
176.65
5.24
128.51
289.89
139.29
170.78
8.97
114.17
74.43
205.24
145.50
243.56
259.83
122.40
294.79
265.26
178.78
26.64
54.46
89.83
139.76
94.64
103.17
229.77
31.88
278.10
18.45
283.75
221.48
41.46
44.71
98.13
46.70
173.21
88.01
185.98
43.99
96.98
0.14
118.41
2.21
145.64
61.97
262.04
268.04
56.75
227.29
146.81
83.38
281.75
236.64
223.14
76.39
39.80
152.91
108.27
17.90
171.35
92.01
239.37
212.80
136.72
37.50
259.50
9.92
125.50
145.47
53.91
222.47
145.61
172.32
224.68
291.25
234.28
186.72
259.28
291.02
114.00
106.08
74.40
95.75
42.72
297.54
172.13
82.51
150.44
280.39
100.40
21.78
72.40
39.77
234.58
209.11
77.26
194.07
219.03
202.76
39.54
272.94
125.23
185.15
145.25
49.91
176.39
79.52
236.62
135.66
70.54
50.61
241.74
144.93
146.35
284.45
142.47
18.48
66.96
292.90
298.86
167.36
14.68
71.26
207.13
249.26
280.36
284.39
143.33
199.39
187.14
182.87
172.32
12.37
68.01
17.56
62.27
244.40
97.08
298.88
80.06
167.61
49.49
21.79
12.54
195.83
6.24
155.00
214.30
73.20
147.90
213.16
240.55
162.58
284.41
147.68
111.83
264.77
132.06
255.16
164.16
19.20
138.02
36.47
31.56
206.03
54.03
93.83
150.42
151.11
92.70
230.47
18.71
142.18
252.26
31.25
38.01
258.49
186.24
252.30
31.69
34.14
165.46
272.24
196.72
149.87
119.91
8.54
114.63
251.97
263.70
278.78
271.16
101.71
15.25
2.72
7.73
69.28
96.54
158.15
220.38
189.24
88.62
239.08
31.41
40.87
270.33
69.41
299.36
156.57
21.71
31.04
190.70
187.17
3.27
87.41
37.03
123.18
95.95
151.66
75.14
59.64
130.44
46.30
161.35
145.68
49.02
169.08
214.96
145.56
27.22
135.33
34.79
115.83
74.41
66.20
156.70
44.73
135.61
156.05
201.29
157.31
187.09
91.99
44.48
190.36
179.40
81.50
13.54
275.35
233.16
88.68
34.99
63.59
134.98
196.33
209.27
183.99
65.40
124.22
29.55
92.62
259.54
64.34
208.45
33.95
130.53
65.14
78.68
266.13
221.19
279.97
123.44
108.28
71.95
167.91
298.64
251.35
249.41
12.17
226.69
182.56
100.84
261.67
246.14
235.82
157.99
155.40
119.81
223.39
279.62
149.35
16.01
239.16
213.68
224.45
273.10
44.21
289.59
51.78
10.33
210.78
31.74
133.77
19.05
103.69
1.67
17.68
55.03
251.08
29.85
281.71
133.64
130.69
243.37
79.78
66.50
101.36
235.18
186.30
24.75
214.79
35.65
40.75
153.94
249.32
265.20
127.04
293.52
254.78
178.81
3.85
165.55
210.55
137.61
184.60
14.23
139.28
202.27
69.25
90.35
232.12
50.96
223.98
62.80
294.33
3.75
129.30
95.69
238.92
15.59
120.43
153.71
51.23
161.17
7.64
0.55
126.36
134.68
294.07
81.14
13.49
297.91
246.68
224.03
135.51
131.27
238.25
274.79
33.54
7.50
65.14
265.66
58.46
289.11
28.45
52.78
292.86
157.74
148.46
231.78
173.33
268.88
85.49
224.56
130.05
93.13
225.10
256.41
227.80
219.16
37.54
241.28
217.06
284.22
165.30
52.57
115.49
103.55
27.35
149.02
111.05
92.48
114.67
169.50
81.59
143.12
222.28
74.45
0.86
70.74
6.23
174.19
39.62
91.71
98.74
169.66
184.83
23.84
126.07
112.63
242.99
163.61
53.90
160.05
147.82
219.20
212.62
263.30
22.75
239.97
112.32
133.80
32.45
226.99
3.30
114.04
70.11
225.58
188.49
70.96
296.31
194.71
245.14
35.92
286.42
43.88
205.58
171.25
67.71
31.65
283.87
10.69
195.25
37.77
170.74
43.06
256.97
83.35
6.36
279.72
23.32
118.67
113.51
55.76
45.65
116.81
169.79
115.75
42.38
58.27
186.71
38.68
252.98
131.85
74.60
239.39
175.72
280.17
110.64
243.43
11.81
94.51
254.12
207.06
132.27
124.85
250.11
89.24
208.20
256.47
68.95
231.51
75.13
182.46
287.27
120.78
299.26
157.05
236.53
41.63
215.32
123.24
80.31
168.30
255.08
154.90
107.69
130.80
135.07
218.32
74.22
146.88
12.82
28.33
53.93
145.09
153.18
4.04
234.32
61.38
260.50
3.27
292.88
35.63
185.73
280.15
156.41
184.98
137.19
92.93
226.61
52.51
216.17
6.91
220.80
171.24
161.81
28.48
2.04
296.88
246.80
76.26
143.75
259.61
104.58
197.68
104.70
257.76
201.72
39.02
19.13
162.21
42.28
12.01
197.84
228.00
292.15
54.24
112.98
129.34
147.17
39.59
181.85
63.33
46.50
102.64
234.57
208.30
131.12
236.61
205.17
77.91
12.86
48.92
37.52
117.44
246.60
142.21
75.19
148.31
181.23
94.31
10.51
223.50
106.32
208.35
151.50
98.46
262.58
264.48
227.80
109.75
4.06
109.64
173.08
50.55
212.27
107.65
258.85
43.39
44.25
164.02
121.29
57.10
212.94
158.80
174.53
159.53
1.01
249.71
7.83
182.23
44.02
18.34
105.73
150.33
226.68
257.23
248.79
189.26
221.71
176.58
299.01
225.76
286.21
172.08
276.31
198.48
279.72
235.16
241.86
23.96
99.17
63.15
81.06
12.11
221.95
255.58
171.63
222.95
205.29
179.45
105.18
249.30
197.79
210.90
99.63
124.46
168.13
48.41
13.72
89.83
224.99
12.72
15.59
211.20
184.79
291.89
109.67
164.51
227.04
51.52
188.47
26.21
114.67
269.52
38.31
36.61
225.09
209.94
259.55
130.37
89.39
64.72
79.67
287.17
275.62
179.29
111.63
143.74
227.70
125.34
233.57
152.69
138.06
249.15
63.88
22.85
241.04
173.54
187.35
168.08
225.06
75.81
194.28
39.72
45.33
232.59
76.32
270.41
142.52
35.87
100.78
231.90
100.59
180.44
219.07
76.21
59.73
30.69
219.95
287.43
156.03
153.51
140.11
294.09
102.65
203.98
16.93
43.69
77.52
204.28
211.76
2.58
280.09
106.03
42.30
25.41
38.62
118.62
295.81
181.14
154.48
96.59
113.03
255.07
277.02
32.10
31.27
36.74
62.78
251.21
24.17
218.81
104.72
164.27
212.89
207.37
68.25
229.82
251.05
145.77
134.09
162.80
148.34
114.17
268.83
190.63
139.58
7.44
9.24
135.39
188.57
163.72
231.97
1.60
118.78
208.98
33.69
150.05
245.72
96.47
101.25
269.88
15.28
205.96
134.15
228.16
113.33
202.40
157.98
64.37
48.16
292.06
227.16
196.49
106.23
195.99
87.11
245.80
203.43
96.35
81.18
92.00
260.06
13.14
93.59
78.84
222.12
127.28
228.88
167.84
223.75
30.12
137.72
239.02
236.08
271.86
167.18
49.40
174.25
25.15
113.77
222.40
17.21
40.93
118.89
123.43
236.91
206.00
69.23
140.33
2.34
150.41
232.32
262.40
163.55
25.91
41.23
85.66
153.19
270.10
253.49
76.93
0.22
91.20
15.95
236.30
63.06
183.12
285.70
237.31
208.26
99.46
159.70
225.47
140.38
278.59
48.89
77.28
184.58
118.12
217.61
186.91
268.52
149.93
149.30
132.06
175.83
190.53
217.71
29.01
160.63
171.20
105.93
160.85
262.40
121.88
97.14
25.46
4.99
82.84
262.76
213.25
182.29
122.46
138.71
22.67
101.04
187.60
99.95
285.61
5.71
17.55
172.52
274.22
167.47
21.82
106.27
43.30
212.34
23.98
72.30
72.97
195.18
178.23
233.81
157.57
0.10
30.94
183.02
5.09
113.77
145.78
218.33
296.06
268.23
57.03
18.73
69.27
244.62
118.67
54.87
250.33
136.22
227.39
224.54
3.69
249.20
30.80
46.98
161.54
54.78
119.28
234.50
249.95
297.50
168.30
107.51
297.60
199.23
290.53
2.68
13.00
136.30
221.01
9.06
104.53
278.04
27.78
173.79
222.66
146.45
228.66
172.98
282.66
156.04
97.51
286.34
105.23
128.31
33.32
266.76
183.08
152.59
201.25
133.02
150.09
69.54
240.53
147.69
268.77
231.06
150.37
281.77
67.36
71.37
290.83
171.88
49.40
18.61
45.67
272.06
165.05
274.32
145.03
147.71
130.35
242.53
134.05
235.58
70.84
167.37
202.33
253.91
19.95
103.58
86.93
170.04
173.12
27.46
17.72
141.89
258.52
168.08
123.65
25.87
239.44
114.48
197.74
288.84
133.08
243.40
260.89
298.13
217.72
105.92
145.84
48.06
48.44
279.88
283.63
119.28
147.24
185.96
73.19
167.19
289.54
160.12
37.22
162.65
187.57
54.94
4.53
146.08
223.01
128.18
171.94
162.45
242.65
69.68
151.29
75.73
13.08
112.17
73.85
230.79
218.08
219.69
278.85
266.52
199.57
262.48
85.80
46.81
148.43
158.98
213.99
137.96
19.09
251.21
0.61
206.65
6.14
5.13
52.73
229.15
133.30
224.67
91.59
75.95
294.34
242.87
151.67
7.42
55.04
225.52
238.21
273.12
145.20
217.05
239.63
44.76
179.53
25.42
91.56
27.95
184.40
5.54
165.91
203.48
256.75
166.51
110.13
262.89
171.64
162.85
192.03
4.93
87.52
283.61
80.87
81.86
226.48
232.54
89.27
281.51
158.05
27.47
254.63
3.24
244.52
194.26
47.99
124.04
219.68
139.54
151.99
104.07
145.08
17.90
7.54
101.83
184.41
117.66
64.71
56.04
280.51
256.73
60.97
68.02
240.34
141.84
149.87
166.81
74.37
239.14
148.32
232.41
266.61
102.94
235.65
211.13
297.19
283.63
35.17
216.86
123.17
187.15
20.93
268.25
205.04
28.46
70.07
89.45
146.12
134.78
145.48
126.63
91.50
206.45
194.65
31.84
48.28
44.52
198.65
122.64
283.65
46.97
55.05
250.26
149.90
290.69
161.38
147.09
274.32
196.54
63.95
97.48
83.69
84.87
65.73
288.73
113.33
135.80
78.17
259.45
270.57
223.64
86.07
62.07
130.09
280.72
93.90
178.36
25.23
292.54
1.00
8.88
39.50
56.05
259.13
189.40
46.73
120.50
36.49
21.05
17.04
100.44
118.53
100.72
185.31
184.25
89.44
298.63
20.04
167.60
258.08
290.61
91.24
44.15
52.67
221.32
24.86
146.57
99.68
50.08
139.11
100.67
58.95
178.61
156.72
18.08
68.00
203.45
138.57
104.49
224.49
155.61
204.93
43.01
256.32
90.23
227.26
45.76
88.86
247.30
213.36
46.93
237.90
4.59
91.07
290.57
225.91
115.92
137.13
25.59
166.00
276.23
126.26
224.95
154.83
282.97
243.02
222.83
186.41
81.59
27.31
110.89
237.19
232.23
153.90
193.50
22.46
81.15
239.25
111.31
28.44
152.60
158.23
266.34
157.19
249.30
256.90
83.10
65.22
94.02
108.68
231.22
70.24
234.94
156.16
225.07
217.90
99.17
147.89
104.30
180.75
175.20
215.19
117.94
107.43
69.08
11.44
129.88
150.23
250.68
241.18
178.67
103.28
99.41
145.00
260.47
48.71
101.89
43.57
113.92
195.91
152.25
45.13
266.14
87.18
201.29
191.21
5.08
0.46
39.09
109.38
181.21
214.28
24.56
299.14
21.70
93.64
10.57
151.58
243.87
261.25
92.76
122.53
64.53
192.17
267.52
25.00
240.87
69.41
68.56
54.79
265.31
220.80
99.92
231.45
7.98
1.21
122.65
13.05
1.66
161.73
122.42
182.86
76.01
146.98
181.99
97.71
240.62
192.56
249.29
184.48
153.80
42.04
7.01
218.32
234.20
274.52
243.32
175.07
43.93
11.87
229.86
9.23
232.67
29.78
240.68
240.65
30.98
63.33
253.69
32.63
225.06
76.11
215.48
1.06
223.09
97.47
98.77
163.70
290.02
48.05
48.18
143.82
90.08
55.18
62.14
24.28
29.70
5.45
199.35
73.62
17.32
129.20
82.85
249.98
158.98
23.53
190.62
189.95
86.85
144.31
222.57
11.90
220.41
138.05
12.95
143.50
235.52
111.72
7.19
225.53
159.76
55.36
69.35
249.84
110.54
131.48
274.12
140.23
136.92
173.46
213.85
154.23
2.66
296.69
104.21
161.63
20.22
294.82
51.58
107.06
139.13
274.14
118.95
59.54
112.19
131.90
203.03
47.70
243.61
210.21
273.23
103.37
265.57
42.57
53.21
76.10
174.04
27.32
216.33
10.96
200.78
130.17
165.19
203.43
126.86
269.39
65.06
147.07
264.21
116.63
254.13
103.33
90.77
73.08
162.86
202.95
204.97
65.88
250.64
148.58
276.09
223.87
251.95
241.66
266.43
5.15
17.76
140.47
32.46
234.08
151.42
233.23
64.25
16.60
136.66
191.11
285.99
201.72
38.18
250.19
18.34
292.30
53.52
109.11
65.37
216.38
12.05
270.34
282.25
262.69
118.92
258.34
186.55
70.86
199.99
152.98
76.00
217.74
293.44
108.46
151.82
144.85
41.69
216.07
161.45
178.35
107.17
147.43
80.06
145.35
97.61
98.40
137.64
151.13
207.50
203.01
67.50
219.54
173.35
49.75
182.23
292.26
8.08
68.78
63.12
208.07
221.75
139.11
125.81
215.18
247.57
277.62
60.03
289.25
193.69
221.47
167.60
0.85
68.89
247.65
146.20
166.50
46.04
283.84
17.62
253.54
186.84
85.11
173.07
60.19
134.85
55.30
52.44
142.93
124.07
115.55
50.99
45.82
254.66
176.79
260.99
202.22
154.41
21.02
191.47
48.09
242.48
59.06
48.94
11.36
6.71
195.13
177.86
52.75
178.96
195.47
6.28
65.80
280.58
179.35
125.98
115.43
234.64
178.42
258.35
58.71
293.97
9.33
104.52
248.62
186.12
65.51
150.84
40.52
86.52
42.31
88.61
29.00
101.37
137.55
40.36
108.07
32.68
218.21
160.81
211.63
113.68
167.08
277.43
94.25
46.42
103.41
209.68
281.06
281.82
168.02
39.77
275.78
177.35
144.28
224.40
63.47
209.79
75.24
103.99
296.31
117.54
192.59
25.30
218.90
30.14
65.65
26.97
62.81
283.85
187.78
274.44
97.53
54.86
251.86
191.78
101.28
55.26
101.45
82.33
37.08
269.47
122.09
12.86
146.81
266.37
237.25
210.28
176.16
12.49
14.26
172.47
130.02
206.85
197.76
48.92
236.98
263.41
75.89
299.78
247.25
263.66
274.21
44.78
18.52
226.07
236.55
119.79
281.33
37.99
202.12
18.41
7.45
24.21
31.26
154.26
290.58
268.51
64.53
166.73
280.99
78.79
39.19
111.01
285.63
236.95
159.92
222.60
200.35
235.81
222.38
147.60
199.46
196.58
192.37
217.98
122.65
128.91
37.76
103.97
166.90
239.87
122.37
174.35
264.07
153.63
28.60
254.64
122.13
93.13
121.37
103.12
171.91
160.56
214.12
157.53
97.50
74.04
80.13
297.84
9.84
2.50
145.43
209.30
199.08
37.80
127.27
21.72
166.70
165.03
125.69
33.60
104.89
248.05
207.94
68.96
101.68
236.53
23.60
223.80
29.66
144.96
26.92
201.56
5.51
241.03
59.09
103.01
15.07
139.21
100.85
24.91
141.71
246.28
234.20
40.78
284.07
61.47
62.49
150.77
226.49
188.17
184.36
31.38
136.22
92.29
100.33
237.89
28.82
123.92
161.69
58.47
268.88
188.60
260.03
274.39
129.63
19.12
77.39
144.69
158.32
178.23
169.59
0.03
124.50
103.79
40.80
108.56
165.25
103.29
259.32
91.74
291.45
143.68
123.11
127.67
235.96
223.43
65.56
264.77
47.35
227.24
23.24
16.22
115.84
283.26
290.60
245.46
2.37
67.98
90.14
160.69
246.21
259.73
160.71
70.70
63.51
201.51
179.26
228.76
4.79
138.58
20.49
296.24
282.25
143.59
123.90
218.21
67.02
189.46
182.97
114.36
116.69
206.20
130.58
232.52
189.46
121.17
177.97
191.82
189.15
268.11
52.51
135.35
227.83
213.21
206.05
291.34
114.71
85.31
220.09
119.50
223.88
240.58
115.73
206.13
84.17
239.63
124.33
151.18
129.08
7.30
265.54
245.76
213.50
96.12
178.28
102.95
217.29
56.25
294.77
106.43
24.36
47.27
241.78
252.19
260.47
147.82
243.52
75.18
233.13
163.61
194.68
157.01
104.18
10.40
63.13
188.34
250.03
187.46
39.52
79.10
194.76
5.06
24.86
108.25
101.18
203.14
211.20
18.46
259.38
205.96
124.88
283.73
253.22
66.65
235.91
213.69
214.47
179.43
288.87
147.60
43.03
183.54
4.60
147.21
193.93
67.72
35.55
143.95
255.18
75.07
223.05
149.93
80.13
247.90
258.18
181.30
151.03
169.37
199.75
110.41
75.32
24.63
94.14
28.54
91.28
30.05
242.22
5.75
209.47
231.08
153.34
252.50
114.61
157.93
99.70
8.54
225.65
135.25
152.49
180.82
210.31
75.54
30.75
290.43
23.43
288.93
171.73
174.46
158.30
71.47
284.87
233.61
96.10
79.00
262.15
187.37
109.04
204.36
193.11
18.50
135.44
46.44
271.00
250.05
204.37
70.69
258.58
130.01
205.94
111.07
10.83
116.24
186.60
41.58
106.67
210.03
30.50
278.39
84.49
188.79
49.86
69.35
122.40
145.95
148.35
84.54
33.32
257.38
288.90
226.42
275.88
124.33
272.86
246.87
74.37
177.22
17.56
32.95
7.23
223.49
144.01
18.05
39.72
30.61
59.62
146.39
240.63
90.12
124.77
25.12
278.91
174.63
94.47
101.30
20.57
242.81
185.84
53.89
200.18
174.73
280.31
176.05
299.06
253.16
122.92
73.42
130.38
140.47
106.36
137.61
63.95
250.37
155.65
103.67
280.97
215.27
250.05
221.60
5.39
74.82
246.72
284.29
249.44
41.18
85.59
270.01
283.98
271.42
23.89
184.15
146.15
4.19
60.20
145.20
257.35
183.11
218.61
87.73
23.57
24.97
225.33
87.52
275.33
80.98
191.18
256.30
296.25
141.23
177.90
1.63
216.04
124.61
285.91
165.47
165.78
71.49
135.48
149.75
42.91
159.36
33.90
189.06
163.55
94.09
34.25
120.89
277.19
252.86
208.62
0.76
277.82
133.94
88.28
253.15
214.92
279.45
209.44
211.16
120.68
87.34
212.79
36.71
211.94
198.70
202.18
77.71
270.19
37.65
227.45
13.09
197.00
261.34
202.14
60.54
55.43
236.39
181.43
32.62
189.24
90.04
33.37
167.06
223.98
121.64
120.21
138.89
101.09
29.65
50.05
221.77
116.98
262.83
258.47
28.91
161.52
160.64
106.61
131.70
198.29
34.06
144.79
95.29
295.40
46.93
155.82
50.82
283.31
37.25
83.43
172.55
127.28
116.80
39.61
51.25
238.44
159.81
190.14
39.53
189.45
240.18
261.29
6.43
203.01
219.76
35.33
64.53
80.40
141.94
196.22
278.68
176.00
41.01
73.96
171.39
87.93
229.78
222.21
71.24
267.02
5.63
243.79
94.30
122.43
283.39
145.54
60.87
143.19
35.68
100.40
32.64
275.86
61.68
39.06
178.86
281.43
74.39
243.38
61.82
216.32
139.60
40.50
92.31
180.61
114.45
263.70
268.53
44.22
185.90
39.77
11.23
191.53
283.55
105.53
13.96
266.93
251.07
74.82
110.12
286.74
175.21
142.76
262.59
236.89
181.81
141.45
218.31
256.20
84.83
280.13
172.51
224.43
20.63
264.82
105.03
135.07
228.51
73.56
179.29
114.41
113.32
190.51
5.93
96.87
296.04
19.88
63.80
247.10
94.70
173.91
233.83
269.90
16.66
196.42
206.78
198.47
37.87
125.09
154.66
122.69
105.22
27.17
47.11
125.84
291.98
152.14
260.91
220.49
225.69
140.19
34.89
39.01
30.70
40.82
135.87
26.73
60.70
199.66
273.82
155.39
73.57
207.64
125.29
90.23
104.06
32.06
288.69
141.92
157.15
143.35
264.60
262.37
170.51
11.71
88.21
162.49
163.84
49.11
82.98
89.53
189.29
117.87
128.54
219.98
158.68
264.41
246.70
219.37
164.07
220.51
74.76
237.63
128.15
200.04
27.85
232.21
232.10
16.54
74.12
89.24
159.88
38.72
51.61
30.38
50.42
139.81
192.86
214.26
188.91
275.83
3.79
78.19
93.69
132.32
298.17
252.37
96.72
244.86
171.74
260.78
165.37
246.49
198.41
293.52
146.52
226.25
225.72
78.61
242.79
299.83
167.85
102.66
38.54
219.45
133.03
88.96
59.25
25.89
3.22
248.15
1.72
7.00
26.34
95.41
139.32
24.50
47.78
236.04
269.36
219.51
196.81
134.73
165.99
95.22
128.24
12.51
21.46
53.96
91.11
264.25
53.79
258.96
66.90
92.33
178.40
199.93
181.28
237.65
225.81
184.50
185.80
227.53
191.49
212.13
22.93
30.81
236.63
70.71
266.84
205.98
290.21
163.64
40.71
156.19
258.85
168.95
168.70
280.31
222.90
259.80
244.55
276.68
218.76
11.45
69.00
97.15
211.37
250.28
34.80
137.17
134.77
220.59
64.70
26.26
132.72
87.63
57.06
69.34
158.33
23.89
275.32
148.53
187.53
16.02
4.72
146.38
184.96
173.41
126.69
107.86
133.21
71.24
84.54
51.96
82.68
153.54
149.11
294.04
103.82
183.90
131.21
238.58
104.48
195.91
264.84
237.19
283.53
21.90
6.53
141.85
45.78
281.85
290.38
233.31
297.86
295.09
79.69
182.82
168.50
206.37
290.68
1.70
277.61
75.21
53.66
60.28
228.74
202.77
54.32
32.55
86.66
185.53
271.13
191.14
81.43
235.97
128.33
64.96
257.86
134.85
206.80
3.64
116.69
197.17
236.95
114.55
192.26
16.63
297.37
60.75
222.99
288.04
62.45
200.60
63.25
116.11
260.87
291.99
18.87
15.19
24.53
105.53
200.72
295.66
296.66
282.15
231.62
124.98
47.10
189.48
259.83
253.90
193.11
76.52
151.06
130.06
191.07
43.32
146.68
188.43
104.07
69.67
176.47
166.52
270.26
239.71
282.62
231.13
231.69
1.49
246.31
256.22
107.01
147.03
251.88
103.66
129.17
183.50
228.64
176.27
72.97
188.47
130.16
266.08
264.98
281.22
96.13
156.04
24.53
242.80
44.46
128.59
12.46
220.93
295.11
282.72
160.63
277.72
213.84
92.32
279.21
160.15
48.53
86.21
7.17
0.41
189.87
136.34
183.90
118.50
12.60
256.87
6.97
142.75
222.94
271.94
123.96
19.07
127.97
148.49
261.87
172.43
277.08
274.33
93.35
272.18
257.04
253.98
249.90
170.87
46.29
229.10
31.01
94.82
15.30
38.18
95.22
205.17
174.51
279.12
23.67
187.11
235.98
30.63
29.85
158.91
2.56
153.81
177.98
130.53
2.29
139.84
2.95
279.37
114.16
96.30
251.54
71.19
50.27
201.44
242.06
96.56
130.53
273.07
191.38
145.83
11.25
286.59
50.99
185.75
265.70
74.65
72.86
201.68
105.28
102.70
60.58
107.83
256.51
238.56
238.36
258.80
78.39
241.31
238.16
192.55
37.60
189.70
263.74
87.87
91.13
205.79
184.43
221.66
178.86
75.80
67.48
190.10
62.39
118.47
75.85
28.09
193.12
148.70
229.76
298.39
251.40
290.34
106.22
207.90
228.89
44.57
166.70
7.28
285.87
104.85
199.82
23.47
294.55
163.55
111.34
85.67
69.34
295.77
7.32
248.19
71.56
74.80
138.28
133.95
193.26
214.13
162.03
86.37
62.82
91.79
84.76
14.21
82.12
190.97
222.11
11.01
235.54
88.80
18.28
221.40
193.65
218.10
244.87
188.19
81.64
56.21
273.86
150.98
51.97
281.18
99.16
123.53
55.97
237.44
257.47
249.23
151.56
119.50
35.59
214.38
211.28
120.34
228.58
293.40
11.31
150.68
4.40
246.84
239.47
22.68
168.24
133.11
240.77
113.10
21.30
22.41
169.31
295.15
173.39
221.27
276.32
272.55
44.79
32.29
209.98
2.25
281.51
61.54
121.74
17.10
275.91
33.02
137.44
204.49
26.41
148.74
55.16
30.81
95.57
294.63
53.48
263.80
127.74
294.25
76.90
149.03
16.66
246.20
144.17
190.04
167.47
120.49
162.59
212.25
152.77
72.56
214.50
134.28
134.10
36.24
151.37
110.01
69.25
288.80
14.49
95.65
137.54
69.65
126.45
233.10
64.28
179.93
196.90
192.01
174.18
273.79
41.03
190.84
219.99
185.20
80.88
87.45
5.68
243.46
299.69
158.45
16.02
214.19
292.73
150.11
250.42
144.09
260.12
19.66
132.89
274.61
115.31
270.42
44.25
241.76
203.52
108.52
121.68
100.41
0.53
295.86
74.20
41.55
186.69
294.19
226.74
267.56
81.63
232.42
211.01
81.32
90.87
227.02
295.51
83.59
77.13
245.92
227.67
37.25
265.57
60.56
11.85
80.88
30.98
56.10
22.63
234.49
164.62
144.30
34.90
165.14
140.16
109.10
206.69
26.84
103.28
133.42
294.40
184.91
65.84
205.40
266.23
156.70
132.42
261.73
240.29
209.54
207.64
167.96
246.79
173.21
228.51
258.63
254.08
259.48
14.72
276.70
193.97
179.33
121.00
228.87
44.47
261.15
37.97
251.15
287.99
141.25
84.57
282.38
26.15
150.40
187.78
292.38
7.10
20.19
254.10
247.38
229.73
161.74
115.33
176.51
34.95
43.84
135.13
289.03
3.32
149.85
265.73
197.29
29.18
86.73
126.15
73.65
47.88
164.12
24.79
35.86
5.36
109.35
18.24
31.51
259.75
206.01
23.88
266.85
226.19
277.98
214.23
155.92
139.72
29.56
32.42
174.67
73.39
167.55
163.69
76.70
17.40
129.41
273.99
46.58
216.13
100.14
120.22
264.00
264.25
145.00
299.86
269.60
254.35
18.09
1.10
214.10
224.09
24.98
180.94
150.28
2.96
95.17
6.19
142.68
124.72
38.61
17.34
198.10
206.15
181.02
274.80
223.55
10.43
248.79
270.12
226.56
48.92
90.33
190.56
13.16
235.33
190.41
282.76
189.67
208.49
283.86
103.77
132.58
8.83
284.70
282.85
11.79
79.86
289.03
154.46
204.58
27.64
171.79
102.68
233.79
52.81
77.48
157.33
63.23
26.26
127.45
289.78
75.17
217.77
180.34
88.32
153.10
70.74
71.07
42.76
279.23
54.92
146.53
111.80
63.75
131.22
94.64
75.53
211.08
83.67
229.99
115.66
111.30
101.77
218.33
45.08
154.57
295.80
202.41
217.80
22.05
29.85
207.58
97.21
247.62
87.91
185.53
100.71
158.65
256.60
143.47
137.87
11.52
289.99
249.67
75.27
121.21
44.31
150.80
32.29
127.97
80.78
147.94
239.27
182.55
66.26
284.35
37.12
62.05
186.76
254.91
84.09
216.60
162.49
181.30
164.21
250.40
66.82
264.92
109.04
23.42
108.38
246.90
34.93
98.37
196.56
110.19
219.57
240.86
260.98
251.85
68.83
41.76
99.78
8.10
224.30
166.03
292.45
261.41
228.08
179.20
216.32
12.17
95.79
78.80
193.46
260.00
29.19
260.28
224.91
138.22
283.69
33.29
85.12
18.62
131.65
281.68
128.80
51.22
222.54
89.78
3.06
291.37
131.53
102.84
299.46
55.82
268.87
291.90
17.23
196.94
171.09
233.54
209.10
266.88
12.33
102.56
226.87
41.52
62.83
151.78
179.74
46.52
185.06
264.86
65.13
16.71
246.53
193.92
67.92
169.07
283.70
70.98
160.43
115.22
173.81
159.89
171.04
142.67
151.78
188.26
39.61
22.87
121.80
248.71
289.74
134.12
51.26
216.60
175.64
114.09
68.38
55.37
160.60
253.43
20.22
225.72
270.14
266.75
119.64
38.05
135.81
103.34
109.02
296.24
218.56
282.83
156.12
89.59
125.50
7.89
277.85
165.11
30.76
99.65
113.81
20.49
233.77
165.07
237.09
109.40
279.15
5.46
164.77
139.75
258.89
184.99
65.47
229.02
151.73
185.11
267.07
287.54
288.44
76.09
283.78
206.99
58.91
139.89
296.58
184.41
147.78
274.43
49.51
178.53
74.07
163.31
199.02
7.83
28.38
136.11
117.22
7.53
141.56
281.99
147.27
100.45
166.97
212.74
29.47
18.69
97.84
296.54
6.23
86.28
72.62
290.00
293.26
131.53
129.89
289.84
15.93
277.66
264.26
65.44
156.19
38.33
228.74
55.20
46.15
257.12
191.30
163.37
264.64
32.86
145.35
111.90
133.30
12.32
24.64
162.77
31.01
122.47
159.30
37.23
208.74
231.92
27.23
202.00
63.44
157.11
191.83
79.37
134.76
156.09
144.80
290.95
194.42
73.54
46.14
240.56
30.65
237.43
103.93
295.29
270.29
249.28
107.19
103.59
261.59
131.82
266.35
292.59
254.28
125.65
29.82
163.02
57.56
57.04
65.01
121.00
214.15
256.84
200.36
48.91
112.93
45.16
39.85
7.34
118.69
85.98
247.90
149.34
23.41
51.82
144.62
293.69
1.10
251.80
97.27
262.69
83.61
63.62
255.27
37.89
189.26
285.09
200.90
246.82
42.13
265.91
67.81
256.27
222.75
268.16
5.17
35.67
13.32
45.02
43.00
132.00
130.99
290.90
281.34
154.40
42.71
125.95
148.08
43.81
77.75
245.35
6.49
161.35
8.96
261.76
199.24
198.22
246.84
100.13
145.03
288.96
66.04
212.83
245.23
288.78
180.99
250.39
24.44
194.30
295.40
67.44
26.30
126.39
58.33
7.63
280.78
101.04
133.58
128.86
144.84
211.32
74.21
151.33
72.67
83.16
113.08
271.90
281.37
59.92
72.03
126.40
48.87
138.06
39.22
294.09
126.84
220.21
244.48
151.27
114.50
239.88
218.71
140.80
66.27
277.03
148.43
47.04
78.06
282.00
175.90
222.90
193.32
250.10
74.22
265.99
33.26
187.30
237.89
14.63
247.21
9.91
141.02
296.08
147.97
180.24
290.17
274.80
100.44
234.64
126.07
214.94
174.52
44.77
55.73
240.78
21.80
204.15
287.82
99.85
186.14
163.71
22.75
79.46
113.81
96.97
