118.76
267.22
279.09
187.42
258.86
219.01
134.44
236.86
124.14
266.94
113.98
151.83
212.77
21.41
55.00
54.51
298.76
78.32
185.78
262.79
201.97
193.03
175.44
7.80
2.86
298.73
261.13
118.10
83.38
206.11
284.72
202.13
173.33
263.80
89.55
132.18
182.81
223.98
69.04
6.94
190.92
183.01
158.77
103.68
204.42
213.77
158.18
203.17
292.09
43.96
165.95
194.05
236.98
41.39
201.85
239.84
40.12
162.97
57.93
123.49
69.08
42.64
25.62
242.40
6.44
115.16
74.58
189.24
39.14
143.61
196.18
230.06
26.61
54.94
33.73
231.02
268.71
191.90
134.19
260.79
235.86
0.14
154.84
172.83
41.52
56.68
112.67
81.63
219.65
170.59
205.12
288.72
213.23
230.73
231.12
219.66
45.89
5.69
108.90
85.03
149.29
5.07
15.08
175.90
60.01
48.80
106.91
28.71
240.70
241.10
289.49
176.55
241.23
144.33
49.38
282.75
201.00
162.04
64.38
120.65
32.62
269.49
109.37
245.84
200.21
40.48
165.50
246.09
46.16
274.39
31.11
195.45
279.46
46.19
71.34
39.46
94.98
178.25
68.17
35.68
119.34
57.66
212.22
60.57
201.98
261.59
43.31
102.98
123.62
107.68
223.62
156.24
77.17
32.98
102.08
277.37
73.45
267.57
223.46
119.61
241.96
254.57
15.06
221.42
0.75
86.39
260.88
95.73
264.64
29.04
131.40
83.97
86.69
43.61
144.53
288.67
5.20
187.84
91.64
128.82
295.51
15.25
285.05
72.68
48.23
87.13
50.04
121.68
54.69
273.50
241.29
296.65
228.06
256.34
218.06
228.81
42.73
178.93
24.53
7.36
207.97
155.92
91.32
294.66
199.53
235.85
283.32
204.72
123.68
74.96
33.54
119.19
90.21
18.58
191.86
138.43
105.70
241.90
260.11
160.39
215.39
201.39
157.04
143.45
157.72
75.09
72.25
200.44
254.02
96.78
207.80
161.98
252.70
299.11
156.64
152.22
234.96
139.95
56.94
58.64
214.90
90.47
177.83
5.11
109.05
69.68
143.53
214.75
11.58
103.63
75.14
226.97
5.02
232.17
70.41
162.73
7.26
142.66
63.17
261.28
239.44
270.96
123.26
192.13
270.07
279.89
44.34
205.03
119.84
101.28
263.66
34.74
191.74
141.48
39.84
0.79
211.16
183.37
215.53
222.74
286.99
290.67
149.70
292.01
222.83
220.11
154.73
230.09
62.77
217.90
191.36
2.20
188.86
14.62
194.32
158.93
294.50
238.66
63.95
114.33
39.93
27.60
149.06
231.67
169.08
188.90
232.45
80.23
72.26
147.98
2.96
59.25
138.64
152.66
51.25
61.47
72.76
205.98
291.55
135.52
123.87
182.91
137.72
12.73
197.52
32.04
171.65
192.02
270.69
235.59
6.34
10.62
263.19
155.40
242.29
132.26
44.30
174.73
212.48
116.55
22.71
215.44
175.79
161.35
68.09
227.04
222.81
140.85
133.01
214.36
276.37
256.88
97.27
114.08
269.60
294.78
146.11
141.25
186.80
116.80
76.84
193.13
127.41
40.02
48.53
69.69
172.27
92.82
244.42
84.75
209.37
267.13
0.19
85.15
128.47
68.28
12.18
51.28
209.12
145.19
265.63
185.48
102.06
62.89
299.56
71.66
57.67
145.67
212.90
244.46
262.46
289.73
137.59
89.87
29.75
186.12
159.56
202.02
278.94
103.98
286.77
188.30
71.10
286.95
273.45
199.56
55.22
285.62
250.84
264.34
130.81
216.46
149.82
232.86
279.35
149.37
4.52
37.02
295.03
217.41
281.48
257.49
207.14
119.07
47.35
236.89
5.18
206.91
138.90
284.11
10.88
125.66
172.40
81.97
112.60
145.85
281.53
167.82
131.46
232.36
132.15
262.27
148.82
281.96
195.12
128.17
131.33
199.63
165.18
126.36
117.04
146.66
83.84
24.18
265.72
131.19
261.06
270.89
38.09
99.95
255.00
48.96
225.61
127.40
130.93
38.21
273.24
112.45
206.02
104.70
44.81
38.17
66.96
193.63
20.13
262.07
21.79
151.45
161.70
186.97
277.81
278.74
33.62
61.64
2.91
299.33
192.82
263.97
270.22
230.91
63.92
225.21
279.86
289.52
52.60
110.79
27.72
25.83
223.24
233.74
130.52
268.04
271.90
197.48
161.66
292.03
159.55
183.45
143.47
21.24
70.41
121.28
299.98
104.02
182.91
2.89
103.35
75.73
266.85
73.56
6.63
30.76
298.76
286.49
20.27
51.36
97.27
47.98
77.18
20.50
281.72
207.70
288.54
253.61
105.18
150.20
245.63
264.72
33.64
89.10
285.96
104.05
210.37
285.93
208.07
93.28
288.81
11.41
169.00
255.66
84.96
175.63
286.41
83.72
162.12
6.68
135.07
259.39
54.66
212.25
279.89
36.37
119.95
268.42
289.97
225.12
118.61
235.60
189.83
152.25
24.70
175.79
256.29
235.06
161.71
164.35
28.34
150.52
175.76
197.34
106.17
260.71
72.96
92.58
44.43
235.07
99.25
179.49
194.46
153.90
91.73
174.34
190.27
211.68
142.75
180.23
136.79
261.36
115.83
26.62
113.61
140.52
202.41
69.89
75.58
64.12
234.24
103.91
214.63
109.99
1.24
20.80
70.70
74.20
113.38
115.12
9.27
212.63
294.61
203.72
66.53
86.34
78.05
256.79
298.01
220.80
137.01
134.80
182.15
252.84
161.42
295.75
93.35
63.82
65.64
168.93
127.93
299.88
272.84
42.56
109.87
274.08
63.36
180.57
48.27
176.73
295.69
57.53
89.36
290.29
261.25
155.88
76.63
39.29
112.66
74.63
260.08
249.66
209.43
142.23
202.50
70.84
137.98
295.85
134.66
203.61
164.77
262.59
203.49
137.60
5.14
13.35
111.68
68.50
193.91
159.94
245.23
189.59
217.47
34.58
179.88
178.71
190.45
256.50
218.00
3.10
31.13
178.08
252.76
240.55
20.30
155.25
11.39
158.27
151.09
146.04
61.88
15.86
108.62
265.36
153.46
113.76
278.70
265.13
182.25
172.61
125.06
127.47
62.19
42.53
162.04
242.07
221.24
52.49
198.56
139.23
55.58
229.68
17.31
8.34
170.23
37.60
163.58
181.62
195.87
14.67
27.66
257.75
30.53
136.28
223.10
183.98
250.03
201.80
149.10
132.28
74.40
274.16
259.75
136.59
16.69
121.79
78.65
237.92
174.27
277.21
77.15
229.85
206.89
94.45
238.18
77.12
132.05
101.76
258.73
27.92
116.43
286.38
285.66
146.95
122.65
208.76
30.93
72.68
110.55
180.03
204.95
184.95
154.18
164.69
21.54
170.87
286.47
100.18
108.79
160.74
77.39
185.93
90.58
284.28
280.38
28.75
61.39
112.42
130.51
20.11
140.33
246.93
6.48
125.99
93.88
129.13
34.74
124.80
201.80
145.28
4.82
106.74
30.23
159.00
271.43
51.76
29.86
257.90
151.94
138.64
118.63
229.32
24.57
209.20
213.59
4.94
237.95
274.98
117.36
68.46
295.08
257.69
15.38
1.56
83.67
109.26
130.68
118.41
234.05
32.47
263.68
238.86
139.21
293.91
97.86
110.63
45.66
127.72
68.52
197.59
266.36
187.15
126.91
290.92
96.35
40.50
295.86
34.30
15.47
113.21
102.75
10.55
70.89
118.13
12.10
154.56
227.38
142.77
272.96
161.42
175.23
236.64
100.28
14.44
230.54
198.13
125.06
276.20
25.85
193.58
173.79
292.20
80.73
0.70
283.11
177.07
41.19
278.96
211.36
56.66
92.17
14.11
67.20
163.06
132.23
79.29
17.61
59.60
222.06
290.57
221.02
97.29
227.21
21.30
111.72
157.75
219.43
236.77
133.94
245.27
130.35
7.73
237.46
211.07
8.42
220.56
88.14
49.61
199.52
299.50
106.26
291.68
13.60
173.46
154.74
145.82
252.75
172.35
205.42
174.80
162.91
126.44
272.08
90.12
147.73
83.79
247.86
67.16
20.56
81.80
12.42
150.91
89.52
249.87
61.98
97.93
170.43
150.11
147.53
69.95
149.60
253.78
61.63
163.19
127.24
216.36
9.01
79.98
88.71
214.43
254.77
251.61
40.86
226.85
41.72
188.59
10.63
289.58
255.74
31.19
71.37
268.16
182.09
160.88
218.03
244.06
258.80
88.46
94.17
106.32
158.41
243.76
60.10
220.03
106.95
187.33
136.39
115.95
267.31
225.09
30.38
222.08
176.70
71.24
148.92
218.42
259.82
159.54
207.99
215.56
190.73
279.36
183.72
72.81
140.23
101.74
16.87
99.03
190.19
111.03
205.35
48.59
54.79
265.44
268.62
161.73
152.77
105.01
277.68
120.08
30.09
8.05
42.15
206.79
79.29
191.06
125.21
39.10
50.60
33.20
254.66
241.32
12.55
138.37
14.13
152.77
240.10
31.00
251.80
130.29
142.02
157.14
178.88
196.81
122.58
147.49
58.53
275.34
252.50
36.21
95.42
282.58
44.26
137.56
189.37
123.54
28.61
14.57
162.64
79.21
47.76
117.29
20.52
60.30
255.65
34.65
213.07
195.75
65.64
164.86
26.04
207.66
21.99
204.91
104.46
144.56
52.40
162.99
119.90
4.89
199.20
215.32
287.47
243.45
52.87
176.84
66.98
81.48
191.40
229.61
160.68
239.16
46.89
181.19
299.45
2.54
215.84
212.52
198.29
281.48
77.38
224.33
189.13
99.37
129.24
293.59
243.93
181.63
156.58
63.83
186.52
55.77
279.14
173.99
299.21
32.00
50.82
66.19
113.47
242.21
295.79
274.14
181.36
42.68
155.33
180.81
45.22
71.17
93.33
243.51
52.64
170.70
167.83
241.77
270.06
297.06
235.36
213.99
178.69
91.94
277.81
65.20
147.70
256.94
239.19
146.91
288.94
290.00
213.10
102.40
232.20
208.88
76.54
113.56
251.56
231.87
294.37
296.77
3.04
87.69
240.27
55.67
258.39
108.10
297.44
228.45
105.15
232.79
142.43
283.83
24.73
120.23
49.03
172.42
77.16
288.21
19.33
66.09
278.20
232.42
168.49
210.40
141.30
245.03
23.96
92.85
176.90
18.32
89.62
179.93
106.01
29.89
235.60
64.39
137.98
233.03
292.83
243.12
165.82
135.26
226.95
190.54
255.48
275.98
62.96
32.64
264.18
82.29
98.73
242.38
14.71
267.22
152.78
156.00
212.24
176.73
248.85
89.14
195.05
38.46
269.06
1.05
68.35
204.66
65.44
206.32
137.69
58.27
149.44
3.50
193.52
76.38
194.04
149.00
52.35
257.00
181.63
16.53
39.28
280.36
258.91
53.98
247.57
111.68
209.98
159.81
288.40
158.83
248.95
183.45
197.28
218.01
184.49
265.62
122.66
249.93
171.94
260.34
8.19
21.37
263.83
201.71
97.75
157.87
50.70
150.09
114.86
232.33
166.62
154.14
212.69
125.52
208.11
160.26
237.20
118.09
20.07
225.59
276.91
269.01
109.04
174.19
187.01
293.52
139.81
9.66
243.45
11.74
269.99
251.64
33.10
233.82
153.34
130.84
91.69
204.04
280.93
206.54
136.37
147.55
60.67
49.06
273.07
268.78
209.31
210.26
86.87
229.37
135.85
63.77
198.37
244.88
237.96
85.38
238.40
77.76
95.03
181.84
89.49
65.02
133.47
122.59
298.84
286.81
253.43
90.53
190.85
234.36
297.07
27.21
81.90
57.74
76.26
54.96
26.51
285.57
265.21
113.38
214.93
101.05
177.15
113.30
45.92
115.10
198.67
284.31
192.85
293.70
166.15
282.34
58.72
299.61
104.93
57.56
286.42
58.35
148.08
177.26
292.70
145.15
204.47
74.59
202.88
280.72
129.55
229.39
266.29
94.76
42.76
181.21
195.80
219.90
294.51
241.72
34.99
193.18
226.03
227.84
186.87
92.18
210.18
245.59
91.79
15.10
3.15
78.20
73.44
151.23
255.46
66.14
296.37
159.92
140.72
199.24
140.64
270.27
128.62
106.92
65.02
171.37
288.12
260.82
91.27
282.63
202.54
126.26
175.80
128.57
54.10
62.66
220.74
264.27
8.25
12.52
279.37
11.39
90.72
52.80
162.61
46.17
118.94
158.98
206.09
259.66
58.21
46.72
229.92
186.82
153.63
294.93
58.19
141.75
255.75
149.46
124.37
158.28
275.71
0.16
286.85
29.80
62.82
207.58
294.07
71.06
220.10
273.43
82.45
10.82
26.23
245.06
56.99
145.16
104.03
263.07
104.81
162.24
9.78
34.73
49.06
163.40
29.66
107.25
5.14
285.40
256.70
129.51
143.68
232.40
129.66
130.52
262.20
192.47
38.10
256.27
263.53
258.20
229.69
45.98
269.01
255.92
291.03
25.99
101.07
95.06
289.06
205.88
257.29
298.83
240.60
6.34
162.23
270.25
113.58
167.37
255.65
70.28
296.87
99.32
2.68
126.52
229.84
264.87
18.99
267.93
221.14
282.52
226.12
150.82
28.49
195.13
106.74
19.52
221.12
207.80
114.57
210.17
113.68
71.85
209.00
54.27
78.19
71.22
24.52
191.77
238.58
280.16
262.04
235.44
79.48
264.71
61.96
9.31
229.58
80.95
277.24
150.71
63.46
203.36
1.53
91.94
98.48
108.26
111.45
19.60
16.06
226.02
229.77
129.74
297.87
138.76
184.01
76.05
209.98
208.52
267.82
148.55
188.68
229.86
83.99
268.15
194.56
145.95
277.45
124.14
226.90
254.69
274.85
290.35
158.04
276.37
82.29
256.51
84.63
193.74
276.11
100.69
119.75
205.87
230.42
117.62
44.63
114.42
193.67
254.60
22.94
161.48
103.15
211.61
91.33
187.14
179.76
285.89
33.09
157.21
110.02
259.98
111.89
84.87
250.32
269.92
61.24
32.61
226.43
145.86
226.35
202.53
246.55
46.10
108.40
176.96
163.71
153.03
291.38
57.37
107.63
14.32
218.84
210.78
225.92
10.17
97.91
105.67
296.05
130.99
262.88
106.07
90.97
74.76
190.93
41.29
44.67
252.16
73.89
271.10
98.02
0.23
173.63
44.56
46.32
282.02
221.52
210.02
135.05
212.90
267.39
242.67
227.21
186.22
153.44
153.13
196.38
251.35
258.80
192.43
82.34
221.67
298.50
173.30
296.42
189.42
214.58
41.09
141.58
288.47
12.19
239.59
288.70
185.81
284.15
35.01
167.83
205.67
245.03
2.87
118.56
212.42
245.53
45.77
98.63
98.97
198.89
295.01
50.31
157.69
187.44
132.64
79.35
185.93
5.94
75.77
75.34
220.52
116.86
216.92
208.98
129.04
156.51
197.67
14.84
140.65
232.68
182.66
46.32
177.71
185.53
164.88
90.12
131.06
210.64
188.75
230.02
109.53
183.76
280.33
267.22
71.19
112.97
46.57
257.11
118.90
122.33
32.45
39.41
239.19
249.36
248.39
68.23
105.86
146.05
83.07
246.51
78.73
265.73
292.83
256.43
151.25
157.70
46.55
282.30
68.34
235.29
212.31
177.87
119.04
192.64
145.08
190.22
5.60
191.64
147.33
124.49
13.97
179.77
163.90
253.16
129.13
112.28
21.38
234.99
258.33
104.45
181.50
37.05
70.17
174.32
293.48
221.41
32.01
40.02
203.70
100.35
275.31
116.01
278.21
94.34
8.64
123.29
284.56
14.23
14.93
131.88
138.72
28.89
11.64
2.62
282.05
140.77
114.90
3.42
75.75
73.22
107.86
257.24
110.27
178.03
131.55
103.75
99.43
163.56
143.76
3.12
263.91
119.06
119.12
242.12
213.40
127.76
65.40
197.95
141.98
80.32
29.82
280.70
109.21
41.46
283.31
91.25
182.22
98.20
94.67
257.97
171.42
202.53
215.20
281.68
80.55
46.75
85.43
179.97
210.31
229.18
183.09
174.22
48.24
2.21
116.33
261.64
129.96
181.72
159.58
271.94
262.04
189.40
252.63
71.25
230.86
235.94
162.49
113.08
34.13
257.16
71.04
205.54
159.69
286.24
187.22
240.23
32.99
272.64
120.20
243.30
201.82
3.29
117.51
250.06
5.49
233.83
211.69
135.45
115.55
71.27
107.38
77.59
260.66
60.01
148.83
191.52
295.94
11.32
4.60
30.07
268.47
75.63
235.60
128.15
61.87
122.82
68.38
94.86
95.46
188.57
38.15
297.28
191.86
155.65
247.33
197.34
89.48
159.02
32.79
205.03
230.28
140.16
282.61
190.94
200.17
131.44
82.46
196.10
142.75
87.05
226.16
111.22
162.68
161.76
239.37
224.54
284.58
7.75
19.40
80.04
196.31
57.54
77.31
88.16
213.19
24.64
285.50
2.67
183.66
18.28
207.69
113.94
158.44
190.29
4.88
58.60
21.72
87.33
254.70
164.47
174.37
180.86
275.69
37.05
42.62
215.05
261.59
27.20
222.79
280.98
107.23
119.10
38.51
184.54
207.26
251.70
209.18
192.76
254.36
92.84
211.03
162.04
206.77
69.47
52.33
211.65
128.06
74.05
298.97
82.76
238.51
173.34
263.62
214.19
210.38
6.24
129.24
171.97
33.43
52.02
152.94
140.66
171.12
191.45
25.20
78.37
143.14
234.38
271.12
97.50
27.21
182.15
259.53
233.98
251.61
11.86
145.62
79.67
85.90
144.59
162.43
24.41
17.93
126.04
238.60
228.31
132.27
67.84
100.27
165.70
119.86
253.20
6.36
290.97
144.64
31.55
69.34
287.78
265.92
40.46
85.27
293.13
222.60
44.80
227.10
174.21
56.65
72.72
253.88
142.55
217.31
116.30
166.96
235.23
242.34
105.56
163.53
74.61
173.39
263.79
240.30
293.24
216.98
246.65
284.21
61.62
278.19
53.55
49.39
244.11
94.00
134.66
237.23
16.60
179.45
164.33
190.80
236.10
237.05
144.67
78.64
154.35
260.97
245.60
89.57
203.30
51.15
253.09
277.90
224.54
216.88
218.19
217.78
133.86
164.84
201.99
195.47
143.03
255.53
244.86
87.14
49.52
79.51
24.37
66.11
258.96
188.69
256.91
195.05
125.74
101.58
273.69
280.09
62.54
219.29
69.65
265.83
270.44
22.74
243.73
194.97
239.62
161.92
112.75
73.47
26.75
14.73
268.94
169.78
270.25
213.79
256.91
19.77
293.30
281.27
85.87
252.26
169.96
42.78
147.31
295.69
144.35
121.00
275.77
206.89
40.28
45.42
172.72
10.71
68.16
116.44
205.68
7.77
278.35
18.42
81.24
5.10
33.15
50.17
174.87
3.39
263.96
131.77
23.15
257.26
113.03
109.02
209.51
282.98
151.79
56.81
278.67
296.14
177.81
254.44
203.03
218.08
299.85
75.74
228.79
68.01
192.17
134.46
75.77
170.52
152.88
157.00
175.61
186.02
207.17
50.47
189.41
171.12
182.24
212.55
128.37
295.26
21.57
37.88
278.24
173.35
94.69
256.90
169.49
272.49
211.34
72.51
190.56
211.18
148.25
119.35
279.19
40.41
253.81
54.96
210.93
106.68
211.96
86.54
292.70
119.12
137.00
182.10
290.24
19.24
94.65
118.60
14.49
116.21
156.47
292.73
289.56
251.15
249.62
159.04
223.63
160.96
231.55
114.19
72.13
79.79
233.54
51.32
120.20
187.34
106.27
31.12
294.02
18.22
117.65
286.71
137.33
254.65
168.81
127.57
273.88
263.45
246.16
288.37
79.65
102.63
281.09
69.20
53.78
230.71
228.24
277.41
91.66
159.78
91.60
163.79
239.57
25.13
215.10
59.76
212.46
21.37
90.88
206.47
39.58
208.53
193.17
176.91
163.18
61.98
4.47
137.06
25.42
250.63
125.43
105.07
53.25
106.51
174.27
107.03
37.22
102.50
84.43
128.87
262.28
176.03
292.66
201.85
201.15
207.75
261.61
113.60
229.12
52.48
20.07
268.69
261.01
213.24
145.60
124.19
275.21
150.06
261.24
0.62
100.69
86.66
105.69
153.94
193.17
279.95
260.96
230.38
82.45
45.39
59.25
44.73
221.41
51.90
246.57
122.55
259.65
208.17
236.15
188.76
260.65
256.21
157.44
221.66
169.44
3.04
45.84
144.65
153.10
7.08
145.26
253.78
93.74
250.95
107.71
286.90
230.89
68.67
217.28
13.34
114.05
276.52
58.06
35.45
28.41
4.62
158.00
288.06
212.79
94.14
176.81
173.44
50.35
34.25
95.09
219.78
37.28
140.93
64.42
190.37
148.00
209.68
144.14
241.74
160.63
251.85
228.63
91.51
20.51
145.91
104.85
134.55
122.42
162.90
170.00
150.83
167.52
27.99
138.88
80.31
122.13
15.69
253.74
172.47
49.93
48.82
92.25
87.21
189.75
156.67
277.57
37.74
66.35
121.71
279.47
226.97
73.55
208.10
18.48
94.05
54.01
123.32
228.60
176.42
286.22
98.59
27.25
153.74
126.58
166.13
234.04
248.70
181.82
187.77
121.17
231.74
236.59
213.42
18.94
126.33
70.08
296.51
164.07
136.43
118.21
143.54
63.39
191.75
51.64
81.87
285.80
105.64
205.19
214.39
282.05
191.40
12.97
9.30
45.13
139.54
175.43
279.17
88.24
57.24
166.93
209.41
288.97
103.52
122.82
7.91
229.85
192.90
4.41
93.91
29.32
122.61
237.45
92.71
14.36
289.08
174.57
0.15
94.71
79.76
214.53
76.76
271.16
227.50
86.05
16.28
67.04
261.48
295.45
155.28
18.71
162.37
64.68
7.68
265.89
187.49
15.59
195.73
80.38
19.99
289.64
109.70
142.60
227.08
202.40
156.96
216.15
76.97
157.11
10.85
156.72
71.63
87.61
127.87
299.13
173.66
144.15
66.17
135.13
139.59
221.44
153.83
1.96
286.11
161.51
267.85
173.60
177.09
163.57
253.98
197.08
153.21
63.67
39.68
80.28
266.06
196.64
296.43
43.03
53.74
7.27
199.74
125.37
94.88
27.61
124.49
268.53
171.76
190.65
103.65
11.35
112.09
257.48
13.30
98.19
118.99
281.15
271.79
296.07
144.71
225.76
193.15
297.91
289.42
232.83
78.19
255.48
129.46
74.61
298.50
183.19
81.88
198.24
8.55
176.75
225.85
133.04
145.27
97.60
23.69
248.92
108.94
135.77
206.39
122.24
233.96
25.37
103.38
205.74
21.44
248.09
131.49
214.59
246.00
120.91
147.41
24.18
76.38
276.86
98.79
74.88
160.05
180.66
273.12
168.60
57.41
198.96
1.64
202.68
296.55
25.32
151.59
105.49
161.08
57.98
227.72
95.04
83.35
31.10
0.77
104.78
279.18
132.25
19.37
225.18
253.15
166.77
249.35
29.53
143.63
48.14
104.41
3.67
228.80
77.52
172.26
286.20
276.47
173.90
188.88
273.02
199.21
40.46
78.51
60.29
98.44
6.23
155.32
181.78
37.32
156.08
286.56
16.50
288.33
5.92
241.67
241.48
172.69
191.02
271.01
16.31
239.15
75.41
19.97
167.94
152.92
192.23
154.14
129.39
66.12
43.01
102.41
265.33
83.47
180.91
25.61
181.90
187.13
180.93
63.67
224.44
37.01
50.23
240.94
25.34
56.14
182.60
266.81
228.82
73.61
237.82
245.13
12.76
13.22
265.09
180.69
166.14
157.32
34.83
295.52
223.44
77.83
97.93
188.77
161.29
278.83
214.37
43.19
165.95
95.30
106.86
90.39
132.30
157.08
31.32
157.63
213.22
213.92
124.44
142.04
287.52
62.25
87.16
0.27
75.47
52.25
180.96
241.60
209.57
215.78
237.12
133.01
293.61
35.04
21.77
154.90
13.87
236.14
198.08
179.81
31.43
4.93
270.20
163.73
162.01
1.52
21.36
75.23
215.43
145.79
217.26
202.95
208.04
4.42
203.21
283.50
56.67
84.17
225.10
266.24
299.95
162.21
99.24
293.55
197.25
121.00
148.44
211.11
57.13
46.52
90.92
88.56
51.44
61.12
252.28
213.45
62.63
273.64
288.67
278.06
119.43
205.93
181.00
27.46
210.35
84.21
10.96
267.01
168.37
236.05
233.25
168.31
98.26
32.48
161.86
295.50
153.47
10.29
206.61
210.60
56.80
297.53
299.16
108.24
58.64
251.44
21.69
121.27
