228.21
225.06
230.43
262.09
18.70
122.56
187.63
33.90
18.32
155.11
248.80
108.78
197.61
258.10
140.90
55.60
23.42
221.25
241.13
245.57
284.89
10.32
180.15
273.90
195.88
197.57
122.82
213.74
296.66
89.37
166.19
224.86
14.43
96.61
186.95
33.13
219.16
74.58
67.03
237.48
229.68
15.82
46.25
127.28
273.91
187.15
182.88
297.33
108.39
124.01
242.90
93.28
134.33
123.05
67.17
30.20
20.61
189.99
243.94
17.27
279.36
110.12
242.13
293.78
206.72
129.08
26.91
125.88
203.65
93.93
63.36
133.32
109.75
109.61
260.60
83.66
296.75
143.47
80.98
105.14
267.48
23.87
198.41
101.80
146.92
265.58
132.00
167.52
155.57
75.93
184.79
134.92
186.04
126.91
128.70
92.76
255.98
155.60
218.64
159.62
249.53
282.00
292.94
59.27
91.60
253.53
142.92
88.35
97.00
223.89
193.49
64.47
247.76
91.90
166.27
94.67
57.47
298.26
262.19
213.04
74.19
146.98
47.95
260.22
273.88
176.64
52.98
229.86
32.24
271.62
89.48
281.76
253.61
82.41
41.02
45.21
35.93
183.94
133.55
132.92
107.83
27.04
197.39
55.58
118.93
63.65
150.25
176.40
61.91
112.44
89.43
136.09
259.41
137.38
96.31
233.28
14.01
149.29
163.14
46.25
120.90
252.61
28.00
74.50
35.01
69.02
119.70
70.93
252.95
253.25
203.85
60.77
280.28
101.24
116.35
99.21
164.88
266.60
275.60
226.79
79.03
65.03
62.87
38.43
202.40
159.18
271.71
216.41
8.46
134.84
262.65
129.35
87.44
290.64
203.85
122.45
59.66
23.54
193.37
12.61
276.79
97.22
73.38
257.07
198.45
189.72
56.27
63.33
156.31
31.87
290.11
235.34
96.90
52.98
273.76
299.29
212.15
245.47
215.69
220.60
80.30
178.34
49.94
167.74
168.98
253.78
290.18
228.63
277.32
183.55
241.23
254.11
280.76
14.61
211.17
179.21
204.32
267.44
242.53
60.63
299.31
232.64
295.97
96.20
285.61
269.72
95.49
197.76
215.18
11.18
118.35
295.48
189.51
168.29
163.21
58.48
122.07
153.38
287.11
99.39
36.92
228.34
53.49
17.68
242.94
264.66
196.88
147.26
232.09
139.41
207.89
231.40
72.04
203.85
27.59
57.65
173.57
123.08
255.40
88.75
134.25
73.75
84.22
23.76
242.03
247.43
82.24
64.09
100.81
69.35
163.48
137.72
297.68
216.96
155.40
240.62
181.61
52.28
87.88
113.70
191.68
295.76
45.09
263.72
199.61
72.68
21.37
73.17
195.75
276.76
161.92
30.00
50.50
246.14
53.75
292.53
193.56
135.99
56.62
294.36
205.33
220.09
132.08
203.01
137.04
287.47
143.62
18.65
39.74
231.49
132.34
231.42
227.25
177.42
195.13
126.85
250.10
216.49
200.02
145.84
193.25
61.93
175.84
243.75
8.06
229.59
236.28
201.62
65.57
292.89
195.97
270.90
212.98
28.04
173.90
50.02
15.51
17.52
68.66
55.25
249.01
201.00
286.66
176.25
78.42
181.78
3.09
28.51
98.27
203.11
174.34
291.51
265.03
50.18
235.26
273.09
279.76
171.53
174.70
45.33
164.41
70.67
16.22
77.39
98.71
190.11
127.40
114.21
207.63
196.06
169.45
156.63
97.05
156.10
32.87
175.46
37.88
35.96
203.96
136.15
239.06
78.30
127.66
204.09
128.47
62.91
177.17
108.22
234.44
51.86
153.54
98.85
122.52
169.76
176.23
221.22
59.87
3.62
35.43
267.49
199.67
204.88
124.11
296.72
60.98
156.97
172.17
98.85
192.93
76.12
235.00
131.98
154.42
62.65
36.07
282.88
125.56
213.23
91.10
59.99
265.09
244.64
158.83
87.61
114.40
35.05
8.83
174.26
38.67
44.25
141.74
238.34
249.12
265.84
235.05
10.09
122.80
107.21
108.94
15.73
183.33
43.93
147.70
37.75
106.58
183.77
20.62
232.13
96.99
111.72
292.12
62.07
56.36
150.94
149.68
170.75
185.98
158.50
45.00
224.65
202.74
186.73
162.98
151.86
152.56
98.02
161.95
275.36
205.23
270.89
291.09
88.55
14.82
138.79
126.29
121.39
22.55
146.91
53.52
119.53
258.63
45.63
181.60
14.99
196.56
31.27
185.73
82.54
189.77
230.73
7.18
92.51
117.46
170.15
244.36
270.01
268.17
106.31
245.37
173.39
77.19
236.45
261.94
92.00
75.23
88.23
213.39
97.77
235.14
266.90
217.30
193.76
12.52
98.90
208.75
209.08
130.17
94.47
291.62
19.93
25.20
298.79
112.43
142.65
168.94
56.79
112.66
137.10
163.09
58.03
10.48
240.27
294.47
272.41
32.27
69.70
60.63
245.65
167.47
295.76
212.54
84.77
189.52
225.06
183.66
98.26
134.14
13.82
192.73
125.75
33.75
217.92
124.53
146.18
60.56
293.47
202.96
173.22
130.56
66.04
231.24
141.03
6.31
225.71
113.44
38.57
295.40
174.07
284.22
162.87
169.83
196.75
247.63
59.34
121.81
131.29
157.60
255.94
145.11
50.32
81.68
178.85
268.24
206.21
25.02
28.80
199.67
227.97
202.01
30.22
294.01
133.25
171.25
0.32
58.95
284.69
38.89
54.35
158.75
23.10
217.21
28.57
219.85
164.84
87.91
41.65
296.12
245.50
297.59
141.23
295.82
79.27
20.07
264.06
285.47
45.09
292.85
185.14
273.06
194.86
215.36
267.06
28.10
86.61
267.38
87.04
71.29
6.27
141.38
230.04
29.37
58.59
258.61
249.21
223.43
46.51
290.86
219.54
292.01
288.45
60.76
287.83
67.71
80.83
251.88
53.18
125.91
244.72
238.32
98.96
139.58
153.67
66.02
167.67
240.28
33.40
254.71
11.56
39.66
96.09
241.60
69.02
154.67
200.20
18.23
78.09
246.70
9.09
297.63
238.71
297.54
58.39
226.53
65.24
139.22
178.40
118.42
265.12
123.12
56.73
64.08
262.69
210.40
130.10
130.36
150.67
163.49
85.06
162.22
203.15
181.14
103.81
272.17
35.81
4.01
290.39
113.90
250.71
299.48
111.53
189.41
297.01
169.91
115.93
62.25
9.13
294.33
180.66
274.25
117.45
237.39
38.32
80.14
147.78
168.41
210.49
298.44
31.90
295.55
160.66
235.04
176.69
264.47
207.20
212.50
268.47
197.59
26.39
219.17
197.07
137.91
108.57
194.08
7.82
224.50
256.32
16.94
218.83
136.98
291.19
36.27
74.36
29.50
116.41
222.13
197.91
26.90
220.57
229.81
22.44
81.22
164.84
199.13
45.68
72.04
111.62
14.14
269.63
138.01
233.31
166.70
275.91
41.87
60.77
283.73
266.37
17.09
0.67
185.19
154.06
291.85
221.46
228.42
21.35
37.86
150.55
219.26
64.75
71.11
149.06
87.19
152.33
13.90
286.32
198.00
85.94
97.93
212.14
55.56
235.93
145.44
222.26
211.84
187.30
283.02
195.56
153.67
0.10
196.23
38.86
154.16
188.07
260.31
82.57
209.42
298.17
233.12
128.67
62.92
4.22
277.73
150.11
156.54
291.63
136.42
54.54
77.56
234.35
266.67
133.12
170.27
112.10
55.37
82.11
299.40
38.39
277.67
153.06
38.48
173.89
191.91
192.64
61.96
152.22
275.20
271.37
150.38
208.31
100.04
213.30
212.53
77.77
63.40
69.07
69.39
199.81
123.61
146.94
134.15
90.27
280.06
4.42
202.37
35.43
86.52
201.76
73.81
64.18
54.82
112.28
238.07
246.73
4.91
0.02
98.94
280.11
271.38
249.32
188.42
71.42
162.61
100.95
149.18
226.00
170.02
218.56
125.81
293.62
65.50
259.96
83.89
45.55
264.38
286.25
80.97
50.89
188.00
154.78
115.07
242.82
267.06
53.13
189.54
271.97
53.14
288.47
252.07
24.52
237.79
140.49
95.94
100.39
241.44
245.11
26.39
111.45
163.67
152.20
105.06
229.16
112.15
188.94
274.71
76.52
175.19
55.68
127.41
63.19
210.45
242.48
6.00
177.50
295.61
195.53
149.46
48.74
184.00
101.53
73.26
121.78
242.01
169.20
222.17
183.45
114.30
248.55
294.89
277.96
100.75
99.95
207.12
212.89
288.89
181.82
289.41
164.07
237.49
116.82
227.25
147.94
59.29
233.25
25.44
54.89
128.78
174.89
103.63
12.78
276.42
176.89
134.56
218.43
46.08
56.72
101.87
160.38
5.27
96.75
138.33
106.01
196.70
45.45
18.90
185.58
227.26
8.31
49.65
164.75
125.12
276.89
12.69
184.41
210.14
38.12
239.30
38.91
213.01
42.92
51.68
189.42
219.81
186.23
107.84
265.88
242.95
209.71
126.25
248.21
6.45
264.58
54.22
203.14
10.02
73.11
88.72
237.28
81.41
138.36
102.03
206.53
115.25
114.71
90.93
25.38
152.82
30.22
64.28
65.82
73.14
115.96
255.24
292.94
2.19
63.08
258.82
245.13
272.78
85.07
193.33
279.23
49.65
247.54
182.37
59.67
20.65
271.08
296.94
102.05
109.43
98.96
8.58
224.68
213.67
99.50
250.05
66.48
129.72
14.33
132.30
202.85
130.29
87.54
195.79
132.47
150.61
154.60
77.59
123.39
239.67
270.92
102.61
289.31
218.46
284.97
48.97
239.10
256.05
45.90
41.15
65.48
144.86
49.72
290.15
58.52
149.22
240.19
125.00
278.93
254.52
257.30
181.77
84.80
44.83
77.55
217.26
195.44
232.15
294.85
18.82
171.81
265.76
121.43
161.11
184.21
106.39
210.07
123.31
62.43
255.97
164.46
127.91
100.83
214.17
118.05
159.35
63.38
58.24
284.34
42.30
12.75
241.64
224.07
97.55
286.46
1.62
14.80
181.90
233.76
9.64
200.72
105.56
275.40
22.14
266.67
159.61
128.52
176.73
282.91
190.95
132.70
147.36
18.85
233.53
61.53
136.90
92.87
124.91
195.13
77.21
167.21
207.88
18.84
91.27
5.42
5.30
92.88
20.22
187.19
26.63
29.86
87.90
132.19
5.25
110.03
98.85
164.86
238.55
275.58
147.76
129.50
108.28
295.12
148.35
41.80
56.65
285.24
134.66
181.55
180.37
211.87
48.75
88.24
230.70
140.01
93.66
235.99
232.89
113.87
123.18
259.52
143.72
211.08
91.70
148.97
21.10
190.55
13.82
259.65
166.12
161.58
89.14
274.40
156.70
237.49
16.19
213.34
222.72
150.85
94.88
103.08
62.71
143.62
191.32
293.40
283.63
284.97
229.39
216.52
98.83
52.56
176.03
242.55
263.63
267.73
91.52
284.73
158.27
105.33
244.38
24.39
266.91
33.52
298.78
123.60
271.00
14.97
36.93
193.71
165.81
131.81
296.79
228.52
275.43
188.11
221.92
259.05
173.07
151.30
175.56
271.90
203.86
51.59
214.45
167.49
19.31
5.96
152.22
177.58
111.29
96.60
201.96
78.19
130.11
200.74
201.79
101.10
215.70
238.72
294.81
81.51
70.52
291.59
10.03
45.94
179.69
231.94
4.99
52.76
83.24
180.54
24.66
287.10
232.12
239.10
154.59
251.43
245.05
6.81
129.00
56.34
103.40
30.95
134.52
233.50
231.69
36.31
34.59
147.38
275.02
29.40
228.89
45.54
20.99
238.91
91.47
200.68
170.85
96.46
253.43
254.08
277.00
278.08
241.18
209.11
217.18
95.76
160.53
162.22
102.57
289.53
218.56
205.96
20.47
53.08
139.45
252.15
89.38
174.04
99.53
64.40
203.44
28.42
109.93
224.42
267.32
201.40
125.09
138.17
297.85
78.52
92.25
274.84
56.59
33.42
183.95
273.76
129.18
44.48
135.98
231.74
34.00
54.53
137.70
54.47
107.61
277.14
6.62
196.98
151.18
106.15
261.37
54.62
134.56
71.30
279.03
101.88
272.69
104.11
240.04
270.54
182.62
32.28
245.38
239.21
65.70
129.33
212.97
194.87
173.80
48.95
126.61
207.80
103.48
264.30
262.27
211.08
241.44
268.88
108.05
92.62
75.02
69.42
147.23
209.58
140.71
126.25
11.46
113.40
230.36
251.49
83.94
112.98
283.77
29.31
52.19
49.47
158.63
265.15
244.33
32.43
14.09
70.94
240.22
117.57
35.23
202.48
28.64
276.67
171.36
136.69
69.28
246.38
206.10
216.51
155.95
46.81
42.76
167.41
160.21
273.11
118.89
244.14
86.09
102.66
273.45
138.27
152.12
132.07
103.42
96.45
164.50
117.51
167.39
104.71
235.07
202.61
7.19
263.70
179.28
178.54
100.39
248.56
124.92
6.48
165.06
280.87
53.29
207.81
148.27
213.49
180.92
267.16
157.63
267.01
69.81
131.07
105.27
221.93
263.14
208.68
18.37
127.63
26.18
185.75
232.34
261.24
88.36
239.53
224.94
267.64
118.07
25.32
216.19
242.98
31.80
81.25
223.84
85.08
289.05
72.11
298.57
169.97
39.26
156.20
136.97
109.06
287.26
242.24
30.99
250.40
150.91
49.35
78.03
177.09
235.10
10.36
138.33
23.45
249.88
63.27
291.09
67.94
88.58
207.27
10.92
120.38
288.51
234.76
205.46
277.56
6.86
204.02
147.53
46.11
60.22
284.49
155.17
47.47
226.73
186.15
297.87
77.63
235.50
75.89
254.72
170.59
86.24
93.04
194.04
36.12
156.31
185.12
104.06
244.88
92.39
114.97
65.25
80.89
49.73
270.70
58.45
56.58
174.72
205.97
102.69
234.93
190.45
257.85
282.40
117.17
144.00
280.26
194.80
79.49
56.15
149.52
250.08
142.38
242.56
144.12
178.50
98.86
29.24
282.56
43.74
121.62
97.52
108.98
202.51
147.24
79.68
260.95
203.82
254.40
166.91
6.50
189.33
57.36
264.35
171.72
174.53
108.34
151.98
69.33
187.83
208.12
218.84
137.91
50.50
161.40
282.02
229.00
260.25
11.25
211.55
3.98
132.86
9.07
112.96
35.36
156.30
192.64
296.31
60.12
147.03
163.21
66.61
36.35
220.57
30.96
208.07
95.09
139.29
60.04
164.41
27.12
268.16
83.25
165.02
18.66
244.64
147.04
247.65
204.89
158.28
159.19
208.86
291.14
168.25
21.82
26.50
24.55
214.45
22.80
84.66
61.48
186.01
151.27
97.83
106.57
182.22
5.89
201.65
21.51
65.93
66.06
48.62
34.08
149.31
213.64
52.73
93.94
60.67
0.38
298.82
218.95
159.56
207.68
210.09
27.80
229.50
236.58
52.34
143.95
259.38
137.00
205.42
145.38
288.26
3.24
251.94
170.48
9.13
153.59
191.98
75.05
219.64
240.60
109.13
68.94
154.23
161.86
162.88
214.90
162.23
161.70
133.85
21.78
69.38
43.93
49.58
298.88
280.51
101.92
142.82
239.88
238.91
48.24
85.26
227.17
51.47
37.19
97.64
60.59
190.78
289.61
135.64
110.42
230.20
244.76
179.36
84.43
106.61
42.23
299.33
268.83
203.93
133.17
290.61
273.30
177.09
40.18
272.18
157.60
142.09
114.99
97.47
80.99
163.22
182.72
8.16
214.69
219.91
105.79
275.28
110.69
95.40
110.91
221.10
25.60
55.66
100.45
110.02
162.27
142.68
109.34
131.10
46.60
242.51
121.70
19.90
119.60
161.87
292.07
277.19
3.95
107.06
74.66
84.94
270.27
257.37
93.09
184.95
177.28
198.88
160.22
287.97
294.27
271.13
209.06
19.87
26.79
9.50
129.88
189.05
152.18
239.22
20.14
198.77
181.72
141.83
218.67
1.32
3.70
210.74
278.50
7.65
17.79
53.15
92.58
288.05
10.52
185.67
173.00
187.80
84.55
33.22
175.76
78.82
4.34
84.81
98.68
31.12
94.31
228.56
220.16
246.48
167.77
240.30
145.25
49.49
82.13
63.91
50.80
85.82
274.64
29.30
93.47
292.43
82.44
186.04
280.47
92.95
71.71
153.46
280.74
156.25
186.67
156.50
235.06
191.01
241.30
33.73
222.12
35.61
262.28
142.28
282.08
130.05
82.57
127.33
179.54
164.70
191.24
230.34
250.52
165.87
259.63
43.98
158.29
42.07
230.02
138.76
135.02
1.72
292.22
115.76
157.96
178.89
272.25
93.02
69.89
213.54
126.74
292.00
249.14
89.02
134.28
231.22
219.06
216.85
58.54
98.60
81.54
249.78
28.93
32.06
115.64
288.56
76.03
273.93
30.62
6.05
112.69
165.64
7.76
104.91
281.39
165.72
283.79
253.63
258.73
53.68
167.17
85.47
45.68
116.31
174.48
179.95
47.52
93.54
96.79
106.06
192.13
178.33
55.83
221.06
210.38
171.47
209.62
286.41
145.40
240.24
292.45
258.09
105.87
0.21
62.99
87.25
165.93
46.77
40.87
124.65
100.44
208.04
210.12
146.11
24.34
84.59
26.06
71.85
178.12
122.84
177.91
70.25
1.17
233.74
291.31
211.54
105.20
200.92
197.95
250.60
141.16
190.40
208.68
247.02
190.61
271.67
34.27
56.53
18.43
75.14
181.18
118.87
283.17
91.29
264.98
7.50
175.87
291.03
79.35
53.99
113.87
257.25
124.24
115.03
190.98
115.54
26.57
296.18
16.46
224.52
246.78
157.61
114.91
155.45
104.63
5.52
127.11
138.89
62.04
145.54
214.02
243.22
264.41
197.18
34.50
229.39
204.67
210.37
220.41
284.01
264.35
34.28
241.26
88.59
149.30
132.24
204.12
175.86
128.41
220.58
100.37
75.18
78.18
215.28
230.63
182.80
220.79
57.74
21.68
282.83
203.28
235.70
226.04
167.69
132.87
260.53
97.07
37.54
170.89
17.47
21.55
135.24
51.74
262.80
223.83
201.04
95.03
127.94
76.90
223.44
48.52
177.27
298.62
126.69
92.54
229.25
9.49
13.33
286.99
31.17
296.15
190.26
266.86
222.18
57.94
99.72
182.71
155.00
137.26
53.60
172.47
158.80
188.84
224.21
121.59
112.66
125.24
216.62
240.60
202.13
140.05
289.11
79.39
138.67
115.79
171.93
67.91
125.28
185.25
54.89
156.44
181.40
245.15
123.29
103.57
3.08
223.01
286.27
158.08
60.26
39.87
30.55
219.06
228.70
254.75
40.64
41.35
79.99
257.26
281.94
282.12
97.31
271.04
61.51
235.97
86.83
233.43
3.87
212.10
118.68
58.76
68.54
0.07
3.90
191.82
103.64
6.98
114.83
89.91
165.06
175.08
129.77
195.60
94.14
58.46
150.35
134.78
99.80
230.34
92.03
81.73
212.46
189.33
52.77
273.96
125.29
139.59
207.39
129.16
51.69
26.07
187.91
120.22
26.13
191.81
12.03
129.76
198.78
126.85
219.66
63.84
1.93
49.43
259.43
96.07
107.88
109.78
230.84
207.67
40.12
22.86
289.40
252.57
212.19
42.16
226.52
37.48
181.74
133.90
166.64
233.42
159.97
54.54
53.63
186.09
246.35
65.66
15.85
145.13
192.51
235.51
208.96
194.44
284.93
168.39
290.50
92.80
278.16
221.33
0.47
18.27
244.19
289.86
270.83
156.37
32.01
197.35
193.85
213.74
31.25
60.48
147.16
191.21
115.02
200.78
77.29
61.36
266.44
93.14
206.48
158.94
28.64
115.43
53.38
13.57
283.81
43.87
106.37
261.97
265.20
106.83
280.24
209.38
96.68
251.06
65.75
128.69
148.40
259.59
42.42
179.64
20.06
189.58
70.85
135.07
90.36
148.13
196.43
56.79
241.27
102.90
215.73
269.91
218.33
269.10
283.47
202.14
12.96
89.83
164.11
278.15
196.66
144.34
187.53
293.34
95.39
253.27
122.02
243.79
212.86
164.43
123.43
232.91
54.01
194.27
67.98
144.36
42.40
264.40
201.14
283.66
67.30
116.87
253.56
285.63
85.96
237.03
187.77
98.92
26.85
51.87
77.07
223.51
196.20
264.59
216.84
291.59
217.86
38.85
235.37
130.71
203.28
58.80
63.62
257.28
253.07
131.59
101.63
295.46
95.99
2.77
279.11
163.29
119.63
232.67
148.92
205.58
169.69
36.68
4.50
196.54
88.55
81.56
120.04
284.74
46.14
36.87
276.32
263.99
75.71
211.69
94.70
278.99
270.49
158.31
236.26
223.55
289.90
37.89
219.00
85.89
40.65
198.11
249.17
160.28
130.78
98.09
65.86
0.46
134.76
70.35
197.00
223.30
151.90
17.03
208.04
198.04
53.90
184.36
162.03
129.61
96.05
256.72
108.59
66.53
115.02
44.85
290.08
104.92
82.73
209.08
190.80
123.38
107.18
139.97
283.65
237.96
238.05
49.50
238.41
72.80
119.85
135.41
296.10
271.74
152.43
204.13
169.77
206.33
88.49
31.79
35.93
184.53
288.51
144.51
251.06
103.53
189.35
241.13
208.44
272.08
150.20
99.23
95.45
257.38
239.20
79.10
195.33
177.24
128.59
133.74
250.04
248.44
269.14
246.13
220.18
121.57
150.26
89.94
27.89
238.74
121.73
63.82
123.27
110.24
208.32
74.32
213.76
97.67
15.44
122.19
69.75
165.64
221.42
165.19
123.01
160.61
244.28
18.34
37.84
72.87
152.07
287.88
21.30
121.21
234.00
241.47
242.77
84.26
31.41
270.66
22.99
153.14
34.47
146.25
263.37
242.79
220.57
177.13
40.46
236.00
299.31
110.20
101.64
220.73
275.38
224.65
81.34
219.66
242.98
119.18
292.52
95.05
107.05
13.82
216.25
41.05
255.29
159.02
125.30
286.70
129.67
148.28
139.84
164.14
294.53
103.20
106.92
215.09
280.33
147.37
151.09
279.64
257.57
252.73
200.36
232.94
177.37
281.69
152.60
120.34
100.87
145.11
215.38
207.91
158.93
131.63
248.95
114.22
290.64
74.24
100.91
120.31
222.52
240.74
284.45
217.05
43.94
91.36
132.14
24.26
238.73
283.23
3.89
196.29
235.95
204.25
129.23
113.31
185.94
281.82
233.64
286.80
126.93
149.02
194.71
285.86
280.64
143.65
100.07
271.28
217.89
200.98
91.59
140.40
141.71
76.03
57.45
185.65
167.38
189.58
209.91
106.11
172.80
213.79
2.40
108.74
118.04
131.63
222.05
3.97
113.44
155.68
290.77
240.37
4.70
185.47
226.23
285.34
29.11
26.29
256.61
246.99
227.26
48.19
87.39
68.97
124.21
144.83
254.61
291.59
34.41
164.52
97.70
207.20
78.30
100.09
15.94
196.34
231.71
237.98
200.30
45.15
93.66
191.07
285.52
98.35
76.53
211.74
83.68
105.63
238.03
40.28
52.62
165.29
88.47
140.01
234.26
212.68
284.84
188.87
204.27
19.24
53.38
1.96
226.43
131.68
102.05
242.36
28.01
33.76
180.34
228.31
78.91
273.99
119.37
64.42
72.33
195.89
276.16
156.01
1.52
214.19
196.28
54.14
79.47
284.75
194.14
13.73
197.43
178.97
202.59
101.69
198.21
255.96
103.64
124.63
87.63
205.69
66.99
115.63
239.44
247.33
43.93
18.34
221.31
163.29
82.76
293.63
59.18
58.91
149.63
60.69
273.10
45.91
114.83
52.56
30.66
8.96
66.29
228.08
187.93
268.87
29.76
86.14
224.82
133.40
210.77
12.44
39.08
277.76
128.07
278.52
225.08
172.00
296.85
146.38
35.29
79.60
140.01
94.46
138.51
289.64
155.15
111.60
35.55
269.97
164.16
66.20
278.93
230.44
294.28
166.86
199.30
24.03
252.99
124.12
157.43
163.75
136.56
196.51
141.50
264.63
175.02
66.58
136.62
171.86
212.95
171.90
251.46
52.95
266.35
89.97
42.59
121.50
201.56
78.13
91.46
65.72
144.32
70.39
296.15
138.60
237.24
195.45
162.62
190.23
19.57
20.05
53.98
156.12
216.55
195.48
120.74
91.56
262.05
257.36
263.42
174.99
129.25
214.88
227.94
95.60
4.84
270.52
217.09
206.39
48.64
8.55
272.11
192.96
78.93
268.25
31.55
16.17
163.70
194.17
206.40
183.26
214.22
260.38
39.38
130.76
155.85
160.12
222.32
117.89
117.47
185.74
292.88
246.71
100.61
220.82
42.31
105.45
191.34
259.39
11.83
239.97
267.94
283.94
132.93
46.87
252.18
164.47
63.04
115.88
58.64
269.43
299.14
272.85
229.80
38.52
103.61
85.65
198.63
25.92
203.54
16.10
211.66
196.42
262.81
12.27
117.23
5.11
117.71
8.56
264.50
129.54
248.53
232.43
113.47
81.45
279.30
65.65
245.92
42.33
181.52
4.56
11.76
180.66
277.40
241.56
219.17
81.01
27.21
117.80
106.93
230.74
133.90
18.58
127.15
96.70
30.84
244.38
101.80
148.55
252.94
66.30
278.08
201.46
298.73
91.54
282.91
278.02
157.18
228.83
20.35
38.70
233.39
32.11
219.36
210.79
273.66
138.53
291.79
0.86
256.32
98.71
231.60
90.21
117.29
58.75
186.91
148.13
3.12
288.70
296.67
256.06
55.00
274.75
157.51
53.72
66.28
140.42
31.74
223.46
69.25
52.08
262.16
2.63
84.19
181.51
213.41
57.84
20.04
205.19
58.70
276.35
3.90
290.29
66.56
121.18
49.03
253.46
269.31
52.15
242.16
265.97
8.20
297.15
240.71
165.71
50.87
6.99
6.12
82.60
230.45
75.37
134.68
192.61
77.99
218.86
74.12
291.39
276.70
94.15
196.58
35.40
70.49
200.47
25.68
137.05
21.65
74.71
90.50
290.95
126.86
32.66
256.92
135.05
29.81
197.63
0.75
80.67
204.61
6.87
163.27
135.06
82.24
297.95
27.66
160.22
216.81
101.77
151.61
193.50
195.91
48.19
228.89
266.40
248.66
254.57
103.44
270.30
29.28
193.94
261.25
156.13
226.60
218.16
291.17
256.40
115.78
291.92
37.06
20.39
298.79
200.33
155.45
81.02
198.27
183.10
241.24
115.07
284.87
92.85
8.57
180.77
141.03
237.46
147.17
89.68
192.03
250.61
59.98
221.30
144.55
21.22
77.43
71.14
239.38
68.59
27.53
55.16
60.51
64.59
75.55
59.30
264.91
230.99
140.32
163.18
114.08
81.55
278.24
98.95
174.39
286.81
279.72
15.41
224.27
126.88
105.09
116.29
77.49
165.06
37.59
222.03
186.27
115.01
293.16
125.64
183.60
20.69
180.80
244.11
85.27
256.34
3.40
50.17
187.32
143.71
213.35
1.40
225.25
191.58
100.34
99.64
178.39
80.05
115.05
102.65
206.93
220.13
218.94
284.41
85.18
256.53
206.43
271.45
71.53
199.58
97.09
255.12
220.27
277.88
199.23
5.53
234.21
202.62
55.70
121.53
46.32
269.04
122.92
271.57
160.62
223.25
71.20
39.01
3.30
186.24
141.65
210.22
106.37
60.59
194.62
191.54
17.11
101.05
162.99
88.64
0.63
260.07
43.76
220.89
237.95
242.98
226.41
172.15
145.59
282.11
293.67
191.90
251.14
116.59
163.47
111.76
39.84
234.66
150.76
43.13
120.90
292.41
253.35
227.26
52.99
147.96
118.80
70.10
249.01
281.78
158.73
249.63
241.85
202.48
170.51
179.79
145.45
96.92
51.94
291.03
79.02
45.61
182.93
30.16
162.19
46.40
141.91
202.02
281.05
292.67
245.15
101.95
285.07
198.49
29.21
38.06
46.45
148.01
108.15
295.45
129.79
266.87
245.08
71.63
169.35
115.58
251.42
14.79
212.50
3.36
5.82
291.52
48.96
188.75
21.67
211.15
235.14
163.58
113.16
216.19
156.25
58.30
18.14
141.31
256.79
47.34
179.36
3.23
195.34
287.51
298.67
25.13
254.37
243.74
96.75
123.72
59.32
48.17
138.50
271.81
51.52
144.32
263.33
100.47
33.07
285.00
11.61
268.20
148.57
124.77
184.39
4.81
183.07
202.52
146.12
139.85
249.86
25.48
143.07
145.20
12.98
141.74
170.32
267.35
85.48
267.07
91.06
144.80
15.23
229.56
116.61
66.75
73.88
79.93
167.21
106.94
64.92
178.82
75.14
213.49
3.59
259.52
218.30
186.65
162.04
64.41
26.50
111.89
89.89
169.57
257.09
102.86
11.30
127.40
70.20
96.78
94.46
161.26
241.57
109.69
90.81
58.17
176.43
164.68
138.09
43.64
271.62
203.00
222.46
46.75
116.49
226.04
6.26
34.78
112.69
168.29
99.18
139.18
280.18
189.07
8.75
237.26
291.92
20.04
64.65
62.12
116.82
159.11
223.37
58.38
268.79
14.18
116.54
145.22
178.86
254.63
188.85
150.47
157.63
111.30
197.21
274.11
37.34
203.47
8.88
150.03
71.76
108.06
289.20
51.93
297.12
297.95
289.19
289.04
17.98
53.84
51.15
134.80
212.94
274.52
193.17
181.73
288.70
9.71
26.95
167.55
264.33
215.79
18.02
121.96
27.09
215.22
96.07
64.42
118.69
104.95
214.44
190.44
213.00
203.64
242.37
210.12
201.59
231.55
199.16
219.57
285.38
250.31
54.36
198.32
224.82
247.52
80.05
213.51
257.23
106.99
81.06
221.56
22.78
99.08
43.51
49.86
14.29
139.57
114.28
132.98
244.51
28.72
23.41
157.51
232.36
265.77
67.63
133.94
197.31
266.78
53.50
182.69
217.08
107.86
81.01
141.90
55.37
161.05
55.41
12.59
268.04
136.47
234.15
290.81
235.54
277.65
40.67
249.83
117.22
154.95
82.80
61.72
183.67
106.20
219.23
116.02
71.97
286.86
249.96
269.28
253.63
3.46
151.97
170.71
111.31
232.97
12.61
166.68
94.02
68.02
179.27
62.05
204.48
113.41
52.86
140.02
91.05
93.53
89.84
208.27
248.47
172.64
269.99
132.14
278.84
189.21
248.15
50.80
176.06
198.11
20.08
129.69
201.57
172.04
0.40
12.87
105.00
13.01
179.54
199.02
81.02
58.81
261.07
285.50
172.21
13.92
125.51
263.26
107.45
215.34
171.52
55.91
87.97
141.50
188.04
66.80
30.71
136.19
117.60
206.77
34.30
137.67
36.46
235.86
9.71
36.86
248.73
114.70
49.86
128.27
13.72
130.88
187.07
274.78
116.37
59.27
288.70
241.87
22.53
96.14
157.21
194.04
152.05
245.18
35.54
40.08
11.98
66.25
176.27
129.58
273.02
210.57
267.24
9.47
146.42
276.94
46.33
95.15
91.64
96.18
223.41
105.35
227.05
110.47
80.13
43.42
169.74
68.82
285.28
192.26
164.95
142.49
86.30
16.99
87.67
121.83
57.07
99.64
188.08
233.34
229.21
161.09
143.90
196.45
170.56
290.32
173.39
216.89
85.46
265.02
13.06
8.87
70.37
240.11
119.33
150.50
283.52
289.07
219.31
268.80
181.32
84.25
111.29
267.61
101.24
198.95
89.44
158.30
298.59
277.52
91.64
227.80
138.61
235.53
124.24
9.16
225.85
297.62
226.04
11.31
262.64
239.10
20.17
33.01
179.21
139.50
183.50
162.73
128.56
102.81
131.53
9.87
187.05
242.81
277.48
288.29
141.75
66.92
146.58
140.34
44.43
238.21
68.13
183.03
173.74
192.36
192.19
99.58
189.98
118.23
110.89
152.62
57.33
131.05
185.63
236.53
270.54
69.13
99.25
99.09
171.93
230.77
108.96
58.98
173.58
86.43
47.26
15.33
153.34
193.84
155.66
197.77
132.05
223.78
80.79
5.78
116.14
272.97
105.36
6.12
91.20
216.24
158.74
148.52
47.29
44.36
85.04
17.82
113.48
184.29
116.91
285.40
115.06
225.86
44.37
288.63
12.29
91.63
3.95
165.63
285.46
159.61
63.39
117.50
83.38
144.17
123.28
199.52
117.14
228.64
205.64
208.33
144.88
64.37
56.85
192.16
108.72
141.88
209.98
222.19
26.17
26.88
207.59
141.22
252.74
251.96
129.85
265.02
43.58
133.80
130.64
29.03
293.40
194.03
146.53
76.78
38.19
269.81
276.29
155.33
198.45
181.92
63.66
43.33
246.28
120.50
235.49
55.00
262.38
145.46
277.18
288.54
172.34
184.77
129.76
125.07
136.72
259.60
90.09
180.29
93.40
220.73
209.32
86.79
114.75
55.85
163.56
152.94
25.66
139.84
8.26
224.10
21.76
71.91
267.42
268.04
192.41
202.90
23.03
154.78
48.36
0.21
143.31
220.69
184.97
273.07
45.76
21.68
232.67
135.85
201.97
26.06
56.58
111.28
112.84
171.32
167.13
276.39
24.26
192.78
116.23
32.52
116.87
137.98
104.43
84.29
106.02
296.83
287.19
129.04
151.60
35.54
129.24
294.91
256.23
14.21
267.97
1.99
35.89
200.63
137.84
237.85
226.68
194.41
49.13
39.51
65.73
216.25
15.89
89.98
109.02
132.12
122.50
225.89
270.09
226.92
10.17
76.10
223.74
297.36
205.14
75.34
32.90
34.38
70.24
289.12
48.58
38.20
291.11
84.47
238.82
128.94
22.32
165.50
23.34
71.44
205.00
89.07
287.69
220.89
179.04
96.71
53.00
1.53
22.60
23.09
228.45
32.77
99.19
152.18
30.12
4.33
227.52
63.01
38.70
297.75
52.13
87.28
35.94
43.23
171.74
274.76
172.16
194.06
140.25
195.50
265.50
45.25
284.56
253.18
266.13
163.60
49.89
19.13
165.13
72.48
42.22
93.57
105.24
141.40
245.75
135.35
145.72
173.26
198.36
184.42
171.01
250.48
271.69
206.95
293.70
143.43
181.70
165.86
37.48
21.95
61.36
2.98
67.19
45.91
256.15
33.32
209.51
6.04
52.44
74.64
78.51
94.66
168.20
183.75
236.05
113.95
19.10
81.77
287.21
217.45
266.19
158.22
167.92
237.87
65.16
161.62
81.30
246.86
27.47
118.78
268.80
88.83
121.75
35.99
134.74
77.90
69.30
44.24
83.93
121.74
118.87
162.44
216.39
287.07
46.19
152.44
101.02
65.28
234.21
88.23
282.72
200.39
246.44
150.64
138.26
11.59
12.25
219.55
258.44
39.72
38.33
227.24
128.54
160.08
263.22
263.27
237.98
32.52
7.51
21.91
154.25
126.38
184.34
70.64
113.45
230.52
223.08
214.46
295.80
157.28
2.69
278.51
57.67
249.12
129.15
195.92
260.71
141.40
115.47
219.14
181.11
153.80
146.37
9.65
13.87
109.59
272.92
251.84
142.10
280.43
273.74
296.35
106.80
158.08
66.99
220.24
88.60
290.06
134.70
84.39
147.34
137.39
62.90
205.00
86.50
192.04
100.92
47.20
33.43
216.39
266.34
214.54
70.18
112.71
224.18
84.04
222.29
197.10
35.88
64.39
177.52
9.62
60.73
284.31
167.69
127.71
204.55
256.28
117.77
39.25
40.66
265.10
176.64
103.56
170.10
263.13
295.59
271.01
10.33
29.01
187.39
276.67
243.55
257.57
89.37
167.72
41.61
11.66
64.81
77.48
76.04
242.33
87.09
136.76
226.64
254.78
264.46
131.19
211.05
82.23
170.44
251.71
47.32
47.07
55.26
217.41
10.20
50.85
188.42
20.52
79.86
75.81
297.18
23.40
33.37
86.54
191.11
74.97
98.20
255.92
152.45
174.23
198.25
239.53
10.98
124.88
194.31
275.44
256.06
105.35
57.66
126.49
57.06
104.98
173.56
112.32
22.39
183.75
163.17
210.80
204.26
243.02
286.61
201.44
266.41
19.97
287.98
157.52
94.94
86.17
113.44
247.38
260.39
11.68
186.91
271.37
136.55
81.21
246.80
92.61
186.56
4.46
219.10
243.62
109.43
92.65
55.94
131.81
276.39
219.10
42.61
180.65
162.11
29.21
82.08
128.51
49.17
70.05
286.03
144.11
156.22
99.46
91.48
116.60
111.14
278.39
87.96
247.69
59.59
34.76
40.29
246.15
39.21
259.39
189.76
148.63
52.04
245.69
280.44
28.42
164.79
23.04
209.07
26.89
52.24
291.15
155.40
101.41
61.19
141.43
245.51
217.41
240.88
36.99
34.00
52.02
15.37
121.96
299.70
74.96
156.71
39.99
21.10
195.92
299.37
210.86
44.55
51.40
156.55
24.98
79.82
21.33
48.01
288.89
48.22
100.25
280.03
203.61
201.65
41.22
45.03
147.16
258.62
285.91
184.14
292.62
37.92
199.51
114.57
37.62
274.46
271.28
77.60
295.55
167.19
76.97
206.41
211.73
128.37
62.96
236.71
208.19
84.28
284.72
197.07
132.49
84.96
177.09
36.10
286.61
218.30
81.13
133.77
176.91
67.03
17.90
169.52
104.95
217.40
284.09
