76.37
262.22
190.99
171.08
0.02
264.54
13.14
251.21
262.96
131.19
167.88
107.45
295.95
218.25
128.92
134.53
251.32
145.29
233.09
150.87
234.86
140.48
35.20
272.00
284.23
293.05
275.09
206.99
160.68
14.88
134.62
237.05
277.10
25.61
108.12
277.11
290.15
121.25
228.32
253.11
252.44
96.19
60.55
248.38
14.44
189.47
82.91
265.75
34.76
15.99
116.61
269.61
156.47
151.81
241.60
140.70
144.86
216.69
47.69
5.54
231.57
182.30
242.58
208.66
207.91
50.70
185.77
198.06
171.95
114.08
151.16
124.38
210.26
211.71
72.76
224.69
101.18
155.66
190.44
135.93
171.65
7.05
105.54
28.11
158.85
47.14
168.80
3.70
263.82
216.48
9.23
195.39
98.78
251.81
104.04
6.69
2.50
289.80
204.74
174.44
103.88
55.90
298.82
14.14
267.60
71.57
238.83
68.77
227.23
129.26
204.70
98.87
136.31
10.24
126.98
295.15
57.37
295.77
298.85
21.18
212.25
8.07
216.57
11.03
259.88
20.61
17.71
262.37
10.41
222.45
136.81
114.28
278.34
135.62
128.41
245.94
207.18
67.23
14.70
134.40
196.49
219.40
233.27
32.79
229.63
60.24
27.94
286.99
56.01
26.78
8.17
268.26
34.85
224.73
279.28
294.72
245.33
296.99
257.09
255.73
219.44
93.89
70.01
197.77
229.51
198.41
143.70
136.68
265.64
158.40
271.08
162.13
77.80
204.35
194.91
7.42
264.58
222.85
294.41
20.59
249.62
2.58
288.84
284.47
227.30
268.12
279.18
172.63
265.10
236.26
128.36
184.53
30.15
198.36
82.30
259.65
96.77
226.00
96.33
62.41
84.39
67.41
224.53
162.18
271.75
119.44
169.60
236.33
42.28
164.00
256.91
291.90
166.57
245.74
276.37
93.87
213.85
255.55
266.50
178.95
191.81
94.86
63.47
221.95
293.22
145.77
181.60
89.99
71.76
277.92
152.39
156.15
45.33
76.92
18.32
17.07
196.35
187.92
253.39
238.63
51.92
210.30
230.53
218.49
156.03
206.90
12.36
69.88
162.44
278.85
248.82
54.24
73.71
12.29
276.19
66.92
158.05
157.78
156.91
229.80
135.70
9.29
85.94
181.02
86.21
104.26
198.09
282.56
292.18
151.48
221.19
44.09
61.77
151.71
262.57
217.80
58.61
274.93
287.67
221.04
253.78
236.48
275.27
27.48
248.76
251.46
94.40
106.81
109.23
251.30
36.61
244.92
260.58
122.55
125.94
46.78
226.80
24.03
29.34
218.98
175.50
250.52
263.06
237.27
102.22
225.63
155.06
160.83
200.55
142.73
81.86
154.32
79.20
57.13
181.80
27.96
8.58
276.19
134.76
117.81
227.48
171.36
62.73
188.06
293.90
188.66
234.84
220.70
212.69
264.17
139.67
88.18
214.68
102.73
25.45
16.90
28.36
180.50
177.72
228.90
23.22
259.58
83.22
102.42
16.70
265.01
130.38
25.28
241.19
265.13
143.09
168.67
136.49
205.81
56.72
130.39
94.47
291.56
51.09
7.15
255.72
190.76
95.32
170.40
293.49
120.76
187.29
21.84
1.26
65.01
250.74
24.48
24.58
33.95
126.89
41.28
298.95
257.27
66.56
240.14
222.39
209.64
108.80
58.88
115.44
165.51
189.27
209.90
157.06
240.36
217.05
112.78
131.11
12.36
283.17
124.60
133.12
170.46
146.43
134.38
235.47
97.16
158.85
260.05
131.10
285.74
1.33
130.05
243.00
67.88
70.18
165.39
277.52
178.97
224.27
92.96
44.48
113.53
2.85
201.54
53.89
219.89
14.31
184.99
232.25
297.48
9.59
65.37
167.94
156.01
199.74
103.40
253.17
58.59
63.44
84.26
44.32
64.76
214.31
287.32
132.64
284.48
152.71
110.15
163.45
76.97
203.10
207.92
190.50
205.95
109.45
244.38
125.84
123.76
129.36
58.09
121.23
138.95
123.45
289.16
294.95
23.19
92.56
248.11
81.77
155.99
32.37
126.09
220.75
246.67
113.41
53.38
231.15
266.11
163.53
94.59
43.07
66.63
2.51
233.56
272.57
111.95
177.94
98.41
235.70
7.30
156.49
56.93
146.24
279.94
46.08
141.18
3.13
138.64
89.29
84.90
294.63
121.66
210.99
215.37
68.33
24.39
268.75
299.47
290.50
132.27
94.06
33.57
198.90
96.56
267.13
171.46
208.51
145.06
269.86
144.20
152.35
126.35
201.13
298.58
106.29
247.20
139.76
109.41
85.84
229.04
194.30
80.46
50.69
105.28
295.82
119.01
129.67
264.57
118.48
120.16
96.84
212.54
153.72
295.73
9.09
120.84
167.18
217.60
265.89
137.04
61.79
118.23
263.39
262.91
116.81
69.67
210.11
256.56
179.07
295.94
185.59
73.37
76.40
236.28
178.64
72.21
55.29
8.30
36.78
173.76
128.46
133.61
86.29
282.17
129.33
95.38
103.01
296.51
12.97
68.89
133.55
74.76
187.12
96.93
37.67
3.93
166.60
247.78
260.48
45.67
243.72
146.07
119.03
20.11
82.34
297.67
92.31
137.63
5.97
129.09
11.38
134.42
262.69
97.67
116.59
92.01
193.04
219.59
88.52
206.01
288.48
222.06
280.76
175.59
18.99
18.42
179.51
185.58
266.20
139.99
231.24
209.91
286.05
50.27
230.01
68.39
47.93
22.32
206.01
53.90
151.40
217.39
188.31
114.08
15.05
4.90
206.09
208.09
224.48
294.60
114.09
212.95
216.65
94.84
88.54
235.63
113.26
268.04
121.21
79.45
108.03
52.45
289.35
94.07
102.71
219.36
162.46
150.64
241.67
68.46
204.53
93.06
285.84
92.84
207.14
0.89
97.73
113.22
208.97
22.21
107.82
23.05
235.15
24.46
117.89
23.68
260.09
231.15
291.72
81.29
10.60
99.75
133.73
299.95
193.81
236.44
219.30
56.27
87.07
160.97
124.72
291.60
254.03
110.56
84.44
161.16
111.45
182.17
274.38
20.41
204.37
82.19
43.46
139.52
106.65
161.35
163.20
66.73
92.50
154.92
148.02
103.09
254.66
281.74
103.04
148.47
218.18
22.33
204.73
5.24
183.30
29.45
296.84
137.32
140.01
81.28
298.48
251.45
263.44
272.85
271.86
167.81
55.04
15.31
7.32
161.68
176.66
170.52
228.41
269.15
25.43
76.42
72.23
280.08
58.16
175.26
128.54
276.33
197.59
33.27
281.57
80.88
62.71
278.41
218.20
202.71
59.68
216.67
154.16
23.12
189.52
126.01
190.92
244.56
141.31
198.24
106.23
17.96
68.75
34.64
287.11
94.17
111.05
59.33
74.25
169.21
234.59
202.78
145.53
132.18
236.05
127.10
213.06
298.75
105.50
131.25
201.46
165.18
47.92
55.61
188.29
237.43
181.61
79.20
181.98
22.92
277.44
288.21
40.88
46.18
22.84
27.98
140.35
133.89
87.30
214.59
3.09
21.89
117.37
148.62
154.06
53.41
275.72
67.11
52.15
81.21
198.36
253.61
246.39
246.27
9.21
134.67
183.69
190.82
213.87
65.67
213.73
191.30
53.87
254.60
237.47
76.71
282.57
77.81
210.59
69.87
292.40
213.68
91.76
109.76
62.29
245.82
163.16
38.00
12.92
215.31
119.21
211.28
168.91
65.60
157.54
178.12
200.26
41.23
68.93
114.13
106.89
282.65
5.42
160.76
237.25
242.89
237.46
219.81
20.69
148.05
289.68
13.09
61.72
81.43
122.84
124.01
27.24
285.99
162.01
40.16
201.30
281.22
251.43
70.20
46.81
108.97
248.31
247.07
150.19
17.24
61.19
257.08
299.88
66.61
117.83
237.12
9.49
55.29
156.93
30.18
203.34
146.60
43.26
265.06
228.03
166.09
89.06
255.27
152.08
251.07
295.42
53.37
232.29
246.85
123.57
279.10
55.82
71.88
226.16
206.00
89.11
287.35
163.07
88.99
53.95
280.90
26.11
63.43
36.19
183.03
93.60
239.52
29.63
136.85
204.57
257.66
2.94
293.63
212.92
155.02
244.70
208.34
208.39
176.98
155.19
31.95
156.07
211.00
103.83
82.23
116.99
192.93
69.57
280.06
281.92
123.51
260.96
8.02
186.94
297.14
191.04
280.53
236.66
220.67
117.38
141.22
178.32
120.32
134.85
91.24
275.33
79.54
299.57
183.71
256.51
154.75
215.66
112.58
65.75
19.48
194.80
182.74
212.41
264.36
162.79
194.32
87.87
123.75
202.34
274.80
120.88
93.38
255.33
57.53
14.04
72.71
198.75
192.36
193.02
33.59
283.59
168.35
113.13
283.15
52.06
69.64
137.90
267.71
182.21
203.65
287.19
77.00
86.38
199.59
41.35
249.17
93.91
129.21
72.91
296.24
104.01
193.78
89.61
59.33
251.31
103.65
132.03
150.06
296.00
25.05
183.65
279.58
193.39
296.77
262.73
245.44
66.40
100.63
213.14
248.61
4.27
200.33
25.60
90.65
99.92
66.95
39.81
193.82
196.15
112.71
190.06
0.16
6.49
279.67
59.48
257.79
83.32
191.50
107.84
79.31
216.55
291.48
58.89
109.93
288.25
21.62
55.36
54.65
122.25
268.50
3.25
126.52
168.82
28.84
217.16
268.74
95.78
256.96
162.56
291.93
69.66
52.61
292.08
76.14
32.28
51.55
33.93
115.59
243.05
141.76
194.90
159.59
133.24
253.78
269.52
121.48
275.40
24.88
176.12
97.64
293.37
179.37
224.16
162.19
208.20
141.31
130.92
3.97
98.26
293.48
295.90
167.92
46.08
287.97
244.06
78.36
39.52
277.98
193.94
282.57
119.74
88.83
142.16
252.97
42.61
111.68
74.45
18.01
136.55
250.57
115.64
129.92
129.93
39.80
292.10
38.13
181.10
123.02
42.10
279.36
116.49
37.99
147.27
162.57
25.96
91.32
240.92
65.48
69.30
134.86
48.05
189.03
223.69
190.20
142.00
266.30
1.87
216.44
284.30
138.42
167.01
99.94
268.33
296.94
139.73
260.42
35.06
20.83
83.44
77.15
0.18
199.93
115.14
147.45
62.49
141.09
238.77
3.41
206.56
8.06
138.27
254.60
197.09
61.96
144.80
39.08
28.26
146.67
255.51
12.55
285.08
122.52
112.49
253.41
119.45
252.22
213.83
154.50
273.04
297.26
231.65
273.22
197.19
46.78
120.66
259.68
187.86
59.42
263.09
94.42
67.48
101.35
49.02
264.56
163.31
193.82
3.63
191.56
40.48
259.14
204.11
25.56
81.66
16.59
278.97
201.10
268.80
192.79
55.60
241.84
190.05
287.24
215.05
87.23
34.01
35.70
46.90
221.87
95.12
9.98
16.29
162.60
111.33
65.30
127.15
274.63
259.11
130.78
166.18
299.59
89.92
70.29
25.15
171.57
86.87
4.11
72.66
55.67
196.89
128.26
297.50
86.93
115.49
212.55
174.16
149.50
248.25
221.05
71.37
43.36
231.03
87.65
205.96
42.35
152.95
33.10
16.98
112.06
163.88
183.15
111.64
253.79
253.44
136.79
125.35
40.30
140.90
198.01
95.97
37.78
26.26
93.46
124.71
141.75
6.01
298.87
291.25
254.25
219.91
62.61
297.61
150.93
150.26
203.56
193.28
3.20
236.66
210.25
115.25
100.53
93.40
226.89
54.32
46.83
63.67
179.67
87.12
204.56
77.67
183.08
242.34
103.93
276.54
67.05
245.67
282.54
65.91
236.91
236.78
285.82
299.52
234.38
136.74
149.77
137.94
30.01
152.96
74.59
240.25
268.21
175.12
33.64
195.09
229.43
80.47
258.76
109.09
167.58
163.31
186.75
50.66
105.65
290.68
27.20
172.69
236.34
9.74
238.59
173.25
246.52
224.40
172.76
180.89
61.14
22.53
18.83
91.15
175.49
93.41
31.40
143.69
268.52
65.04
38.77
197.94
145.50
297.52
7.03
13.08
160.83
193.78
63.73
266.47
184.45
90.93
139.16
120.79
100.66
77.74
294.03
47.17
2.14
166.79
228.06
63.28
189.31
246.88
154.42
64.79
40.28
185.82
208.48
8.80
250.85
247.25
206.74
96.34
244.77
213.76
109.42
105.59
107.53
173.14
72.06
291.97
264.07
211.21
112.76
64.72
288.95
106.78
111.89
291.09
273.57
39.94
54.36
162.87
286.82
208.78
227.66
27.09
94.60
136.14
35.89
45.44
83.38
242.62
141.78
28.14
156.38
251.19
133.73
263.90
124.33
205.78
255.87
88.39
116.99
68.62
153.11
105.93
175.40
264.99
97.02
148.96
4.92
151.38
11.83
291.73
60.15
239.49
18.82
154.74
75.62
54.71
200.18
159.00
297.32
41.95
187.14
153.70
293.14
20.86
117.59
117.46
226.64
73.46
205.85
43.62
142.08
58.95
149.55
17.48
23.94
246.56
166.43
28.85
97.93
178.26
20.58
158.08
117.75
39.40
12.82
193.37
94.10
213.00
52.36
91.42
254.95
239.49
245.11
248.08
260.35
62.70
65.54
186.98
136.16
271.38
230.60
278.23
30.33
80.15
295.70
54.26
26.70
162.13
83.11
124.63
40.39
103.69
282.71
158.13
143.08
295.53
51.50
237.18
208.52
103.86
28.60
163.46
43.35
273.71
111.53
3.69
36.40
177.06
190.67
172.55
148.44
121.26
150.78
178.76
201.40
146.47
233.01
228.10
8.60
16.12
52.73
48.98
119.80
35.44
207.11
262.87
30.96
258.60
200.05
239.47
62.45
228.64
102.93
105.79
202.34
214.46
109.48
238.74
91.52
0.14
111.29
239.95
121.40
262.06
118.71
22.80
108.53
51.72
250.89
117.12
67.83
3.62
166.09
187.62
39.05
73.20
150.49
70.00
31.79
50.53
9.47
94.24
279.17
112.40
200.03
181.50
26.85
9.50
120.24
118.36
9.64
231.52
58.31
131.04
193.58
177.01
153.83
2.10
228.72
104.72
119.22
296.54
108.33
285.30
184.16
147.38
58.50
34.64
217.37
90.28
85.16
226.84
184.52
64.33
39.23
84.55
245.82
66.08
94.05
66.06
184.43
103.68
297.58
242.73
234.71
191.15
119.74
88.54
193.25
48.46
193.25
12.46
45.00
1.58
297.76
229.15
148.95
56.25
263.78
66.31
146.53
48.94
293.15
31.05
113.26
32.38
115.59
59.08
98.45
209.63
125.14
282.87
13.31
122.71
225.60
248.02
13.86
45.34
36.56
207.10
93.79
229.80
219.56
138.78
231.37
217.32
67.92
80.31
273.57
31.70
146.62
120.09
80.64
139.76
151.14
193.90
172.14
266.73
252.97
270.58
176.36
78.10
253.45
189.66
200.81
179.04
137.68
214.67
224.38
174.23
121.77
18.16
104.03
41.32
156.93
35.39
258.63
224.85
115.70
232.20
256.55
262.31
52.28
37.18
102.07
203.42
231.07
274.20
170.14
184.04
244.78
46.49
262.14
198.22
236.15
162.94
77.26
73.83
77.60
1.63
248.05
199.36
19.78
52.08
240.68
176.71
87.46
199.31
101.56
203.16
131.50
58.10
165.47
183.78
95.28
267.53
87.20
26.34
241.73
257.33
210.38
186.50
3.82
172.51
84.72
239.96
35.45
161.97
13.78
113.05
163.60
261.83
12.41
183.37
13.90
253.09
60.08
101.36
152.39
161.64
4.51
283.89
219.73
169.97
167.67
15.01
137.50
254.86
41.35
79.23
212.18
251.72
265.73
215.99
124.23
50.44
155.95
159.67
212.41
169.72
272.72
76.00
131.55
285.12
259.37
145.44
238.21
19.44
246.80
90.59
181.08
251.30
74.48
100.81
121.27
242.14
115.81
258.76
197.00
157.15
37.99
109.17
108.87
3.71
25.16
233.09
54.14
181.11
92.76
266.55
50.83
65.47
42.54
182.37
50.59
1.90
27.81
288.79
21.34
274.60
79.38
202.41
225.90
153.85
3.21
47.16
95.99
119.01
5.92
292.98
276.16
43.90
102.15
85.02
47.61
127.31
18.10
101.74
8.41
110.85
68.28
59.23
176.32
110.82
241.60
226.91
112.71
269.40
215.69
134.04
243.99
295.07
36.45
169.89
148.92
39.65
217.05
244.90
158.66
222.96
237.88
134.82
266.86
40.03
219.83
14.46
167.33
237.93
116.20
175.74
48.78
184.48
234.96
225.09
295.29
176.56
151.99
108.00
145.95
67.68
242.04
89.94
62.74
278.48
259.82
211.65
18.13
176.86
156.55
176.79
99.82
94.43
11.60
66.68
134.45
231.42
81.13
1.78
169.34
197.33
177.51
218.11
81.80
112.47
143.20
77.09
289.02
295.19
185.08
134.97
62.86
127.11
224.90
125.60
105.58
184.72
37.25
123.71
61.57
193.80
0.49
161.39
288.22
12.08
228.06
122.67
243.50
9.19
124.45
112.84
206.52
1.96
30.95
288.32
114.42
174.14
65.40
103.44
169.32
250.48
238.41
232.17
77.58
163.30
57.77
183.16
48.01
95.01
6.87
109.58
288.80
7.35
270.97
277.01
19.43
199.03
99.68
262.92
208.22
224.12
75.76
114.73
226.07
106.70
103.04
40.49
280.84
168.44
143.93
150.15
118.91
82.33
82.32
196.49
245.63
140.08
79.64
293.64
235.08
86.50
103.22
223.88
93.85
74.18
200.89
113.28
273.21
0.56
76.20
181.42
224.67
151.95
296.14
150.74
258.64
99.18
191.22
239.47
267.61
35.14
89.62
86.52
117.47
171.94
283.00
63.09
12.01
62.64
56.72
247.09
149.14
159.93
170.97
242.99
234.11
71.85
56.26
207.31
72.40
132.45
88.73
297.07
284.39
84.86
147.80
243.03
184.04
39.02
182.50
151.65
74.15
272.12
238.16
191.62
144.05
221.16
254.70
156.06
283.80
11.42
103.15
132.94
171.35
274.11
75.92
105.46
45.95
132.17
12.76
118.34
264.61
101.49
115.40
249.00
186.35
263.20
192.03
70.38
2.21
74.53
222.03
76.36
46.64
160.19
267.97
190.68
81.34
222.67
46.73
65.14
234.09
149.87
198.07
105.43
123.97
273.98
210.88
169.91
106.15
223.64
288.25
70.76
25.12
103.65
19.75
211.46
66.85
211.78
281.84
69.05
286.30
203.86
145.41
32.93
64.04
113.38
223.61
145.38
36.04
270.33
210.51
270.12
120.20
108.57
75.55
244.17
82.55
286.43
114.08
188.69
210.07
102.33
259.44
235.19
205.97
279.19
146.65
272.81
190.96
128.48
41.86
177.26
32.34
187.26
210.18
96.37
0.63
133.78
241.75
36.67
104.11
152.25
6.79
224.31
260.82
82.33
168.47
43.36
68.76
282.55
232.05
278.82
84.87
191.49
214.00
290.83
170.67
60.64
263.64
61.63
189.11
5.49
238.89
221.45
192.75
149.06
17.81
193.37
282.84
259.56
230.03
86.95
111.80
236.82
11.25
72.62
19.14
179.72
115.98
87.89
162.26
48.03
66.71
247.12
239.51
280.70
237.95
110.17
41.33
201.58
171.80
230.44
207.07
110.68
151.88
99.81
259.74
169.69
293.18
242.58
129.24
223.21
29.53
241.04
160.02
40.78
13.66
179.16
220.49
129.63
267.04
82.75
177.65
33.74
29.87
117.16
14.44
267.81
227.33
55.76
169.39
99.12
286.20
76.45
209.80
138.08
176.26
169.54
7.77
169.43
112.11
137.01
92.63
141.63
78.04
252.64
182.40
91.70
131.79
102.89
221.33
98.83
185.63
98.98
132.57
215.50
216.13
147.00
183.30
143.45
202.76
52.69
242.56
188.96
129.13
152.36
27.03
5.39
21.89
34.80
174.81
134.00
171.80
267.43
275.63
249.84
220.07
158.03
41.53
51.86
260.91
262.85
150.69
146.54
61.82
283.25
62.03
277.94
130.25
245.33
121.39
33.01
298.01
63.95
221.96
127.14
216.30
248.99
132.52
238.19
283.78
7.32
72.18
155.58
274.75
47.80
105.41
194.82
205.82
146.93
246.67
166.73
109.78
97.36
13.27
171.60
80.60
75.29
149.54
210.85
20.62
270.92
243.86
18.62
34.86
165.82
145.75
251.15
114.81
278.27
189.33
98.59
285.58
261.51
254.16
260.33
9.31
59.56
155.14
215.12
206.49
101.81
81.85
16.27
199.16
95.11
187.86
279.76
170.40
37.39
190.61
191.01
8.30
134.46
209.63
43.15
0.27
55.38
294.30
115.08
33.64
183.63
213.66
19.22
145.14
167.81
279.55
154.44
227.37
134.68
69.56
133.85
236.49
151.40
150.11
135.65
246.51
37.96
115.41
116.90
75.35
6.01
7.91
83.65
140.47
217.53
126.79
140.74
272.91
121.09
255.81
6.54
4.72
169.46
25.76
149.85
37.27
5.30
4.28
264.63
139.98
73.83
98.47
76.46
225.23
248.58
212.11
171.73
286.54
27.51
288.63
61.88
33.52
296.54
145.52
173.98
214.07
272.31
14.71
186.97
93.40
270.52
193.50
98.11
139.98
219.25
247.96
177.24
224.55
252.23
141.86
64.52
26.06
240.33
140.97
251.28
188.91
53.08
123.01
175.44
80.58
111.64
237.32
114.09
108.17
82.84
288.07
22.24
55.15
2.78
209.20
148.55
273.29
102.70
246.65
113.26
21.95
194.61
290.49
246.49
146.83
132.35
11.00
172.89
72.67
151.97
124.17
261.58
205.04
247.18
137.01
285.62
58.81
74.33
99.70
166.98
157.17
87.76
189.22
212.31
90.53
98.41
60.85
63.82
201.10
7.50
177.08
223.04
202.11
167.57
169.52
48.94
299.91
180.52
221.82
72.58
32.48
45.99
34.15
237.52
293.16
171.16
223.13
51.97
245.49
22.82
218.95
102.65
110.58
108.16
14.96
201.11
206.56
75.81
264.93
107.66
83.31
142.00
30.69
285.41
9.56
200.21
34.34
9.46
80.73
256.16
82.04
113.20
2.14
116.18
50.71
295.29
287.34
273.84
47.25
232.82
296.66
266.19
35.46
107.23
74.35
50.42
8.34
280.90
126.22
273.26
88.55
209.52
115.25
119.24
194.92
124.80
19.45
229.26
134.26
100.17
185.41
216.29
213.37
187.54
32.47
264.08
182.82
19.81
237.91
230.07
252.62
234.56
196.26
288.08
41.79
270.60
38.50
50.12
251.50
164.71
23.38
40.05
74.23
138.62
159.28
269.14
263.42
178.73
198.40
97.68
278.89
83.80
13.97
192.25
271.34
46.43
156.33
154.16
66.24
94.23
84.23
18.85
28.79
280.48
6.93
70.57
251.08
45.42
120.69
202.57
210.13
144.06
242.61
284.35
282.68
101.89
253.49
246.10
280.61
151.88
43.77
259.49
235.68
57.73
151.74
207.02
104.16
8.07
61.17
170.39
102.29
145.39
189.24
131.07
125.87
196.16
201.64
76.94
241.58
22.32
279.50
151.70
166.38
222.11
136.05
149.05
23.99
89.53
95.14
4.59
241.41
138.90
264.08
177.08
196.63
115.82
84.09
0.78
123.88
145.26
171.16
226.16
290.65
60.39
57.23
116.51
256.55
258.86
193.44
198.13
281.18
172.94
49.83
147.55
95.04
185.87
296.60
119.02
275.39
91.73
123.61
216.79
230.63
87.68
93.87
127.25
203.49
177.95
128.03
27.36
23.21
299.18
253.52
13.85
59.57
10.75
130.35
16.11
269.61
23.79
214.24
250.78
196.73
264.06
98.33
291.76
149.92
94.92
110.78
125.30
186.65
234.38
42.09
117.28
22.05
135.95
244.53
225.54
13.90
72.55
252.90
37.10
71.73
206.41
50.95
131.29
217.16
181.30
147.40
186.76
205.08
61.63
137.53
101.80
25.68
235.86
93.56
175.60
30.78
204.33
0.90
217.43
138.71
42.98
34.70
160.76
178.93
279.23
86.29
192.82
51.77
39.18
229.92
123.50
245.59
280.87
254.78
162.74
162.16
102.18
49.49
67.23
163.80
187.02
169.03
189.48
122.88
262.58
65.07
153.65
166.91
65.96
71.08
5.61
108.94
105.78
166.36
287.86
85.00
252.65
180.68
136.77
291.83
110.60
260.26
237.42
91.46
215.04
100.16
253.61
17.21
149.65
20.84
181.01
36.67
189.87
70.48
159.54
152.45
135.55
13.19
19.35
201.50
84.26
24.96
10.43
190.03
191.32
298.29
275.02
143.97
178.96
111.79
135.79
289.56
72.04
73.20
81.01
287.08
173.36
34.62
4.28
23.00
55.46
185.28
59.66
245.32
255.75
219.19
97.76
91.30
232.38
117.11
292.79
16.63
142.06
3.22
206.66
33.38
1.51
181.68
177.34
180.47
293.46
13.12
170.02
65.50
86.32
251.03
52.57
259.68
285.64
56.84
282.67
41.09
242.12
42.32
286.41
197.87
261.51
84.16
289.16
193.88
201.26
281.95
210.51
43.32
285.16
117.16
76.69
286.66
298.83
254.03
167.12
292.29
267.15
37.14
57.79
53.47
288.16
110.35
13.14
273.79
167.19
295.80
14.88
109.31
38.12
1.28
7.17
299.62
85.44
296.33
193.50
286.69
278.27
104.00
30.01
263.43
221.15
106.69
250.09
219.98
60.72
117.21
212.27
27.86
154.34
270.05
81.32
142.49
80.40
94.45
116.28
247.59
90.24
131.15
56.89
128.35
132.43
64.05
127.97
217.86
60.37
21.46
204.55
38.64
125.45
234.55
2.06
46.60
41.24
252.14
266.58
101.95
69.34
178.84
129.80
223.68
148.89
211.11
66.16
229.29
5.55
182.44
176.87
95.79
13.59
233.75
224.14
146.01
297.80
52.10
63.87
58.16
73.55
268.41
96.80
198.99
202.96
98.85
245.59
244.19
50.99
212.16
46.14
120.33
91.00
175.93
44.00
239.89
87.04
110.15
169.17
92.59
292.58
46.03
188.38
6.17
279.77
112.51
152.17
277.57
164.60
216.03
35.73
238.15
184.44
132.52
137.14
87.39
231.36
82.72
31.58
282.35
294.88
77.71
102.67
85.87
253.64
146.66
25.76
40.68
256.81
194.92
133.26
249.39
240.95
21.64
255.55
220.72
134.14
107.71
198.28
298.74
23.74
234.00
236.88
208.17
66.51
74.01
295.56
297.87
156.73
27.13
280.21
151.60
104.83
82.88
237.46
58.47
229.53
263.21
99.14
186.33
158.13
232.40
135.71
99.07
254.03
91.25
19.79
88.16
198.96
218.06
86.90
222.70
152.05
23.77
130.87
218.56
97.78
126.42
216.42
254.50
153.54
196.63
106.09
258.37
279.50
43.55
16.83
209.03
6.76
115.97
95.35
164.88
48.36
231.06
263.95
2.38
22.31
283.73
90.54
221.27
201.78
177.43
143.96
53.83
201.19
274.82
272.38
298.96
101.23
188.80
253.46
254.77
85.42
59.54
213.13
64.92
103.08
229.96
273.94
109.83
45.92
69.29
274.71
94.27
0.35
238.65
96.65
22.66
222.38
187.18
243.92
124.16
64.60
87.87
177.99
265.79
62.69
150.36
264.75
163.91
39.16
218.20
118.68
124.58
277.73
31.81
189.49
80.81
261.77
163.43
190.63
7.68
232.72
165.33
101.95
233.07
103.98
198.60
255.72
26.36
85.77
199.63
150.51
150.37
287.50
28.49
116.15
50.18
178.85
80.89
214.09
218.00
299.08
32.77
42.57
276.81
64.57
232.06
57.61
26.33
95.49
248.24
34.01
28.20
113.57
135.95
261.26
217.55
34.55
216.98
243.90
120.31
116.60
94.41
270.67
104.10
122.89
86.82
154.28
1.74
167.70
68.36
219.74
166.78
101.12
262.30
143.58
165.69
194.36
201.19
192.01
289.84
149.42
226.01
18.04
262.99
61.96
279.29
180.53
96.50
196.26
124.42
216.81
12.86
218.82
187.47
116.96
41.71
274.28
271.23
43.44
141.98
39.58
263.18
8.75
140.70
225.47
152.33
6.38
119.83
53.52
198.39
109.67
202.93
124.40
127.70
165.91
186.35
106.99
46.44
282.85
3.25
170.85
199.66
16.10
89.67
87.13
133.05
131.37
61.41
104.27
174.81
203.38
143.85
137.98
212.13
284.55
63.45
64.46
290.93
183.28
117.97
189.31
292.94
20.90
13.70
120.63
186.81
200.05
227.61
233.24
182.90
230.85
104.09
82.55
246.95
193.75
169.67
80.00
25.12
231.07
184.27
199.93
134.45
28.12
37.91
46.57
12.66
101.35
111.02
3.58
284.63
228.99
192.89
277.56
249.88
206.59
98.19
136.68
106.63
25.80
69.92
289.53
256.64
174.00
72.07
203.59
67.74
241.74
283.58
92.86
172.80
167.85
292.78
7.24
195.96
30.68
53.81
208.61
132.03
164.83
212.19
116.65
93.81
105.07
94.20
43.68
11.65
192.39
180.36
118.28
218.18
250.27
107.80
174.82
124.27
179.87
78.40
192.00
121.60
61.98
284.85
294.40
229.82
277.63
1.64
125.78
8.30
55.44
34.38
140.32
220.26
246.57
256.97
14.07
51.64
51.16
57.74
63.28
243.55
238.10
181.56
161.72
188.37
289.36
36.53
12.63
169.23
114.93
204.62
290.83
176.90
189.47
285.22
106.72
167.10
286.86
232.49
175.39
42.29
266.87
15.71
262.55
213.43
272.67
276.61
265.06
23.83
34.35
28.34
267.37
272.45
209.90
129.08
160.81
199.25
165.61
173.43
68.48
280.53
78.05
59.30
157.43
267.52
44.51
264.14
134.61
31.37
196.63
9.99
73.65
163.49
25.70
36.20
76.92
298.36
12.81
41.97
22.19
47.16
70.31
289.55
19.60
280.20
118.63
180.40
179.45
284.23
53.82
247.92
264.76
131.86
7.21
122.18
99.37
51.72
86.32
233.98
83.08
282.94
243.97
156.73
146.42
269.66
192.93
223.34
268.02
205.73
265.30
290.20
252.88
35.61
279.74
272.47
15.80
98.37
152.87
195.24
82.59
206.68
143.16
47.34
38.54
150.36
169.52
137.91
202.08
255.83
71.88
285.15
238.76
15.84
141.88
85.18
285.49
34.80
8.51
253.50
240.53
273.81
243.70
193.40
9.41
223.43
165.87
25.21
21.79
18.74
220.45
104.38
225.41
63.60
151.72
263.95
213.96
21.23
101.85
116.03
277.05
173.73
101.18
215.81
189.56
243.05
0.98
175.05
277.85
9.49
128.55
218.37
283.30
72.24
111.77
292.71
295.67
277.63
17.91
17.46
296.36
238.35
121.84
221.77
1.95
273.55
185.72
215.91
294.78
287.56
31.94
271.83
161.29
133.11
187.64
50.85
76.16
188.61
225.89
54.00
198.10
54.44
272.37
181.39
126.68
84.13
174.09
122.34
61.76
192.00
139.80
58.12
130.35
261.63
279.88
132.30
235.18
165.60
48.20
229.96
153.15
80.13
201.79
14.44
213.24
89.42
65.28
289.39
278.03
291.17
43.39
176.12
45.60
15.75
57.51
172.28
99.87
231.60
294.62
161.62
123.59
134.41
219.74
253.94
96.04
199.62
86.23
31.22
65.21
134.42
261.17
218.35
214.54
162.95
232.79
127.77
252.37
298.06
117.16
230.39
289.22
160.54
106.50
34.82
176.29
164.01
207.09
276.15
95.60
201.70
137.77
219.18
36.10
57.50
173.12
132.14
257.12
259.34
163.35
22.32
93.75
124.52
240.67
8.29
287.47
173.45
136.06
239.83
171.50
253.22
170.21
160.72
113.75
276.71
195.53
290.03
140.71
102.61
266.18
236.30
4.31
103.95
155.48
40.40
161.45
28.59
172.54
118.56
287.92
35.89
140.87
81.67
160.40
81.53
89.96
147.87
254.97
226.01
87.69
126.47
179.22
257.90
287.18
292.97
234.60
182.70
283.00
75.31
285.31
249.18
11.60
289.61
53.12
167.08
30.01
214.57
195.66
202.54
33.12
183.58
238.43
173.99
265.25
98.82
255.52
55.20
246.69
210.48
281.21
34.38
36.95
160.43
292.27
24.12
153.39
226.87
206.82
136.39
2.17
192.12
85.56
13.76
181.72
138.68
180.84
211.73
53.24
76.50
114.27
86.36
260.07
52.69
260.34
225.32
151.51
215.85
280.51
98.19
126.33
261.72
132.56
163.27
122.14
124.82
187.39
275.53
51.68
94.20
111.92
53.85
286.32
197.47
67.60
168.04
36.14
248.44
79.76
89.38
24.93
194.02
175.73
285.00
246.70
136.07
210.31
98.20
51.92
190.82
196.38
178.24
152.53
28.94
41.51
274.67
153.75
228.89
250.20
205.43
23.09
62.11
259.27
9.40
259.58
26.87
177.43
295.72
275.30
257.18
85.09
0.23
151.19
260.81
285.22
97.89
96.88
195.52
196.08
148.79
86.33
92.46
27.02
238.86
121.39
68.53
213.53
275.14
297.41
163.72
180.57
20.49
225.83
139.84
29.88
185.40
166.71
207.30
181.11
142.01
164.48
266.19
142.23
15.67
227.00
127.44
113.55
23.88
22.96
9.63
172.66
109.29
102.09
199.68
48.14
223.48
268.20
261.67
198.62
265.61
125.39
79.18
286.09
51.21
219.02
15.97
236.61
85.73
223.27
117.71
227.73
87.75
83.90
69.96
103.41
10.90
