Input24
499 474
627 426 986 495 322 598 744 441 98 431 356 839 573 952 462 85 942 256 991 829 613 368 45 164 437 58 339 829 403 497 624 30 924 610 526 246 207 269 687 306 701 43 144 274 995 607 360 936 863 350 765 475 718 810 640 154 868 980 983 271 476 607 301 400 216 827 646 424 96 333 731 797 376 875 71 371 481 431 307 344 781 71 820 498 882 459 653 749 438 635 20 915 242 321 315 459 148 961 883 244 294 613 41 671 488 112 41 970 543 349 314 324 420 133 823 301 593 475 50 30 110 70 946 352 392 260 811 540 221 694 785 515 307 826 185 796 939 227 765 482 576 79 806 997 212 628 298 805 103 348 836 213 418 782 566 811 41 377 350 263 70 134 778 378 0 0
Input24
509 507
964 173 900 191 939 381 768 17 187 764 230 816 62 35 919 410 872 132 829 653 698 639 695 74 990 958 145 124 736 523 85 700 696 985 891 635 366 659 652 553 423 882 369 485 918 288 896 789 420 725 441 118 363 135 193 353 93 338 477 829 862 562 529 557 547 420 192 913 78 844 466 501 726 835 987 643 123 882 431 544 606 873 662 970 8 856 323 101 193 800 931 54 362 460 612 909 880 804 821 958 648 287 459 373 121 446 16 245 328 448 789 935 320 451 905 329 306 227 431 500 27 362 555 390 822 166 298 701 971 119 659 619 406 118 993 528 564 8 773 893 457 562 827 778 12 731 106 318 959 538 818 986 900 372 375 721 539 674 422 510 794 80 128 199 199 121 728 764 130 500 656 587 61 482 365 74 213 472 392 172 9 210 157 909 582 533 630 121 206 52 631 1000 132 760 0 0
Input24
555 448
332 881 927 95 11 427 751 599 489 233 964 564 447 435 956 619 444 165 777 353 748 309 984 869 516 35 500 516 168 260 715 500 141 642 595 152 69 346 751 559 579 714 122 26 148 78 645 593 244 421 947 992 730 930 861 246 0 0
Input24
509 470
360 762 133 620 477 634 761 118 228 914 188 575 664 748 154 378 871 180 527 949 825 119 192 246 66 184 977 997 44 222 962 404 984 95 24 460 729 786 579 958 699 768 533 362 515 687 740 385 867 267 334 692 386 526 938 453 711 914 449 755 135 411 159 119 507 183 579 236 970 158 194 668 926 727 30 440 413 771 826 280 37 159 972 424 686 910 877 396 823 326 150 959 738 309 77 244 493 657 480 463 815 674 130 740 400 161 180 814 933 5 93 970 164 65 394 850 975 271 245 797 598 395 756 335 705 834 579 198 490 58 661 304 733 792 44 133 953 224 947 885 229 40 855 393 105 249 243 80 520 488 878 117 884 633 453 589 466 31 787 957 90 448 261 823 239 305 956 192 530 903 77 760 944 933 153 49 181 396 129 702 885 6 819 768 640 271 356 105 303 143 62 393 591 323 0 0
Input24
326 357
830 629 171 21 158 74 99 918 17 31 70 66 212 467 195 914 351 202 733 118 842 4 475 948 307 618 9 701 208 333 917 38 962 88 60 120 162 159 37 180 190 108 246 403 576 442 317 927 645 49 45 486 54 520 434 362 138 443 0 0
Input24
597 390
346 776 980 384 738 67 444 858 230 604 895 411 795 3 658 197 580 99 514 506 745 564 552 230 618 71 664 981 210 107 0 0
Input24
448 540
557 884 22 941 621 89 385 478 320 990 373 731 784 377 388 981 957 488 495 462 232 59 14 463 677 86 0 0
Input24
546 579
658 296 234 700 853 118 722 794 739 812 179 217 132 168 590 863 953 967 251 933 924 740 428 386 973 487 400 436 164 486 563 822 782 798 522 634 916 244 428 655 56 607 0 0
Input24
486 503
188 776 461 51 728 428 302 661 351 42 88 737 15 575 136 451 740 622 13 561 404 812 83 37 727 327 466 381 383 72 252 571 848 714 622 575 141 925 235 493 968 324 229 983 900 366 433 639 988 447 200 392 258 283 429 986 611 896 367 994 968 620 565 816 333 187 391 475 112 627 969 79 951 197 61 850 564 495 489 552 942 689 944 200 973 372 185 583 267 553 577 235 172 141 51 506 328 442 981 441 68 950 520 19 146 582 870 711 77 358 262 19 47 205 219 20 578 405 603 846 958 179 80 130 321 131 636 650 574 617 90 642 566 611 662 713 192 531 423 270 890 685 289 938 890 509 958 467 915 560 312 873 740 393 2 60 525 639 710 98 255 801 741 822 411 402 534 603 934 958 874 823 643 162 760 533 672 717 0 0
Input24
508 489
586 277 312 458 16 706 461 76 230 99 787 329 355 587 69 176 998 472 711 601 405 668 474 228 311 637 988 844 308 705 844 894 982 156 352 998 862 813 74 92 912 862 421 266 448 491 443 446 963 153 47 368 822 522 596 132 158 583 977 467 288 820 361 269 976 713 267 838 526 342 931 438 203 352 705 652 843 147 98 806 301 145 173 122 668 769 255 827 352 231 293 640 51 654 910 27 367 176 866 893 519 796 331 722 147 35 374 991 182 473 796 483 619 969 606 286 738 861 112 90 92 406 730 144 59 639 171 427 816 37 320 334 833 651 56 981 686 431 971 869 904 767 351 523 735 957 809 473 818 922 563 911 327 293 54 387 933 226 814 748 263 134 82 95 785 139 76 471 571 46 339 474 813 691 998 548 648 806 21 466 727 584 376 53 877 430 440 810 656 254 557 920 388 640 15 173 780 91 645 350 0 0
Input24
566 487
985 825 952 676 822 499 323 627 521 789 354 104 165 408 982 596 848 791 252 102 348 171 491 989 186 664 768 278 309 117 416 293 943 367 969 764 867 292 391 387 81 745 492 246 0 0
Input24
454 428
474 842 0 264 93 103 613 265 594 602 451 258 369 729 567 487 145 860 429 512 829 193 378 120 584 766 201 329 257 448 482 731 290 483 996 384 586 609 649 179 210 100 438 579 830 4 0 0
Input24
537 549
975 864 495 487 692 689 866 813 273 631 14 602 889 462 84 619 753 568 615 136 153 223 786 333 433 887 771 12 717 775 78 692 0 0
Input24
438 465
574 178 331 262 44 144 535 676 158 137 564 621 222 183 373 790 798 510 944 20 296 277 454 182 48 466 900 824 544 591 462 117 769 794 380 813 938 916 489 96 53 52 717 275 235 90 65 33 601 9 54 897 286 508 79 334 974 979 157 518 569 620 635 338 414 15 151 352 931 640 448 985 693 165 260 928 255 325 962 857 335 15 754 621 523 834 956 497 812 113 14 381 734 650 720 147 665 871 499 596 511 948 580 203 112 841 131 368 165 92 224 500 107 979 121 631 812 76 127 624 189 141 4 923 791 725 70 456 596 570 51 106 517 632 310 629 0 0
Input24
453 503
441 998 638 534 222 138 642 200 260 272 12 336 400 636 526 541 640 449 332 365 520 788 961 89 840 66 606 472 376 235 944 818 233 582 352 455 721 994 656 981 266 668 316 666 303 843 207 944 292 539 308 812 326 268 901 166 335 507 638 712 742 582 530 976 164 882 430 885 876 86 865 141 754 181 807 57 24 13 1 316 553 309 127 880 578 28 45 914 536 684 625 277 265 154 253 430 36 683 314 912 770 178 52 524 0 0
Input24
486 513
860 581 384 874 582 700 426 892 828 305 470 857 351 383 392 34 7 670 300 162 923 730 198 606 43 110 375 222 162 899 583 22 480 967 896 62 667 322 955 495 627 424 351 979 808 743 12 816 413 313 978 335 42 176 942 86 286 316 309 449 215 892 471 696 859 367 759 525 689 713 19 316 136 371 294 945 114 306 760 527 619 737 863 662 0 0
Input24
478 461
804 749 199 120 57 648 336 950 118 31 808 485 790 333 174 502 352 490 639 723 784 583 837 89 342 364 709 79 226 371 993 29 119 192 149 177 840 485 126 959 517 934 444 306 266 618 809 619 107 448 342 891 31 179 981 374 543 689 453 769 60 446 798 179 638 948 356 478 432 483 436 949 417 880 255 684 497 64 302 605 512 645 495 543 824 475 918 366 164 370 134 224 817 933 404 454 880 761 933 312 243 368 261 661 247 517 344 745 581 647 349 93 291 845 636 114 319 554 481 484 924 616 709 741 548 112 195 428 874 127 741 117 495 1 778 743 518 121 488 99 768 838 192 58 682 829 173 1 382 654 485 306 270 194 46 819 307 241 246 180 369 988 297 864 990 74 607 507 196 95 607 964 933 799 22 614 627 195 616 8 850 101 314 119 295 361 0 0
Input24
525 515
602 603 184 783 972 172 79 836 161 154 442 669 350 537 275 314 469 73 336 83 700 532 700 709 381 801 23 501 96 384 439 698 987 624 480 959 796 560 794 957 715 235 625 64 773 901 378 242 974 715 325 674 246 25 383 628 826 406 129 922 791 568 620 778 192 100 736 988 661 529 945 375 765 570 440 537 470 819 779 444 533 104 117 780 129 501 407 955 907 536 877 698 104 497 475 296 597 210 284 258 740 229 633 504 800 73 41 270 892 820 714 424 924 832 203 52 333 611 7 239 147 885 937 251 382 412 548 980 623 833 237 363 62 871 867 862 944 908 132 835 728 847 259 651 679 462 704 11 73 712 250 220 597 187 472 979 600 20 958 222 853 194 585 916 64 452 777 7 360 909 843 87 756 101 739 434 564 442 445 637 153 695 858 751 883 330 729 482 350 686 0 0
Input24
504 536
203 880 290 118 945 743 896 953 102 805 795 189 560 896 928 994 460 370 438 97 524 133 955 274 16 284 2 498 635 688 203 838 568 494 956 512 236 851 464 338 655 258 528 214 154 456 208 614 826 646 711 349 780 666 624 796 951 626 293 585 314 497 423 882 991 379 393 227 230 857 566 886 115 93 100 270 549 308 884 375 955 595 725 734 261 348 529 211 974 823 797 287 319 220 168 310 599 562 538 829 419 103 714 534 196 814 805 746 122 688 120 76 283 845 810 544 192 338 756 166 160 552 454 480 772 623 790 371 184 327 200 604 430 914 138 627 728 943 372 851 631 493 927 914 337 736 457 530 0 0
Input24
409 630
213 697 234 765 150 714 537 773 504 909 958 831 108 562 261 22 700 889 751 642 260 601 272 753 527 185 90 263 643 621 336 857 0 0
Input24
530 492
571 622 468 284 158 241 788 67 198 619 175 760 881 197 460 769 949 101 28 549 374 782 75 560 873 338 203 493 675 59 810 245 681 277 530 840 518 317 907 717 936 81 477 816 279 937 585 227 38 613 777 412 395 852 972 267 190 174 760 866 233 570 110 915 848 641 754 366 958 660 83 894 742 561 710 21 0 0
Input24
486 580
294 249 536 908 25 949 302 878 920 570 67 94 330 933 328 900 43 242 748 684 996 114 642 656 197 536 397 759 245 419 256 540 668 792 447 694 740 750 571 660 319 639 754 649 572 81 549 616 324 296 300 319 411 942 975 608 477 372 366 723 791 623 262 459 414 709 152 154 458 724 814 777 362 568 426 934 649 975 549 973 271 849 292 682 791 267 290 267 640 657 990 431 279 252 890 693 961 42 848 419 766 661 196 128 228 622 61 878 597 611 0 0
Input24
485 485
868 460 143 550 251 410 840 518 49 497 508 480 776 760 370 469 721 413 316 139 178 978 336 307 205 958 369 83 554 980 934 422 440 76 972 691 487 812 209 536 308 718 16 83 478 387 553 199 800 869 338 979 846 674 285 51 632 654 134 186 634 67 609 73 144 581 765 631 392 974 167 701 692 183 785 169 570 337 368 370 206 707 348 52 381 633 103 13 286 238 199 920 306 809 994 450 389 758 81 782 732 248 482 423 431 266 593 1 604 962 371 810 668 720 863 49 352 966 62 639 203 262 558 510 70 552 960 460 309 40 241 41 288 723 464 720 990 56 722 593 17 93 403 686 813 265 736 164 231 798 804 435 60 362 945 131 914 904 591 223 945 832 264 233 555 728 954 545 785 675 137 803 769 541 0 0
Input24
467 495
581 806 224 746 37 22 549 472 82 911 416 214 824 320 805 46 264 637 311 498 192 39 451 737 824 126 875 627 895 415 115 475 221 340 220 259 362 770 731 445 680 147 659 504 467 464 551 732 101 862 230 293 901 681 30 725 807 905 351 702 320 467 176 542 808 397 801 169 166 532 615 847 679 273 351 146 738 902 879 839 763 108 132 664 789 163 388 596 68 740 297 388 206 474 931 14 872 732 184 38 263 799 885 942 71 235 88 810 0 0
#