Input29
480 565
116 871 724 889 520 659 500 624 546 697 612 930 926 528 708 888 833 560 93 715 326 713 226 686 706 296 165 404 257 380 548 373 250 272 262 770 932 763 393 477 460 5 407 385 533 114 0 0
Input29
535 451
365 675 366 80 0 78 306 687 785 603 852 188 860 232 737 233 482 9 495 252 941 258 646 417 718 651 824 103 183 938 376 549 612 743 630 613 822 936 299 606 538 151 795 398 383 531 631 866 540 126 117 480 384 763 898 102 414 721 205 598 658 582 146 270 324 776 883 145 0 0
Input29
510 485
181 752 250 333 546 648 716 76 279 581 617 405 699 97 789 462 995 892 876 715 97 474 373 679 620 644 3 396 526 149 108 708 901 358 40 446 6 757 523 285 337 140 691 36 237 479 498 232 371 374 948 468 848 320 146 468 964 150 865 490 299 973 197 200 331 238 646 338 995 169 623 332 309 313 368 546 793 867 779 164 241 726 632 88 45 779 557 9 929 421 499 228 394 697 429 726 935 74 63 930 244 687 261 553 0 629 99 794 496 878 958 737 603 590 826 649 368 382 658 297 804 157 526 198 855 955 925 790 29 988 719 273 675 980 826 676 609 925 469 104 803 427 842 405 16 667 53 385 0 0
Input29
531 459
712 683 854 870 208 51 724 162 976 513 192 964 231 465 639 211 291 314 820 216 783 925 18 210 766 423 227 432 0 0
Input29
487 520
612 481 188 294 335 57 503 386 782 666 362 294 858 325 526 323 964 737 614 278 557 830 60 481 849 271 246 271 498 679 749 110 160 938 405 495 996 908 882 777 574 243 70 431 569 597 755 533 333 368 811 891 198 872 371 46 142 618 318 641 297 66 751 457 3 156 953 1000 64 834 776 638 77 847 69 646 443 824 179 777 192 990 667 390 861 38 436 3 657 755 644 954 821 395 411 825 551 363 824 616 196 600 253 274 446 322 0 0
Input29
495 519
890 146 98 667 338 88 334 729 949 372 165 953 29 920 597 983 740 992 393 565 543 756 389 158 953 989 412 226 435 735 146 325 881 245 992 219 333 325 948 282 698 112 234 727 32 831 710 773 823 102 337 366 859 727 525 812 716 937 38 151 671 184 476 552 430 467 771 764 793 719 45 490 832 280 217 864 111 927 636 935 28 974 300 888 700 825 699 416 761 737 567 432 922 42 984 352 510 755 115 302 473 160 792 305 441 8 168 552 935 805 486 964 778 786 852 478 611 550 895 372 287 461 804 209 504 787 561 13 541 676 316 14 837 108 319 277 116 488 830 51 292 315 15 70 101 867 549 712 417 443 83 704 905 888 914 408 674 475 422 215 150 738 229 988 846 549 265 963 36 94 14 328 409 30 399 511 897 948 223 314 391 306 18 295 193 932 0 0
Input29
505 515
868 406 125 82 557 864 312 545 710 861 810 673 898 904 687 226 313 717 625 824 614 573 46 928 964 353 947 258 547 878 962 415 284 87 498 841 952 810 385 661 671 195 333 569 98 20 795 412 738 419 235 352 993 282 280 956 636 226 214 182 103 175 598 387 263 95 228 214 905 614 876 576 809 209 144 908 229 940 319 968 359 555 319 351 838 599 306 474 825 520 657 928 696 254 315 960 349 544 174 254 158 49 831 968 259 976 876 488 915 195 455 273 750 774 624 588 373 931 61 197 450 718 125 146 972 441 105 321 986 279 575 143 329 405 111 588 380 987 76 295 181 532 568 932 305 192 519 679 0 0
Input29
481 489
581 876 573 299 0 719 271 442 825 592 427 104 167 571 433 572 682 21 953 668 97 247 850 629 816 781 935 7 300 613 129 882 489 703 180 490 421 451 932 246 43 359 0 0
Input29
456 528
210 930 784 783 611 805 736 279 902 983 128 531 798 910 466 806 209 78 936 90 568 638 271 57 58 722 990 304 766 348 655 976 277 438 758 889 242 493 167 144 476 296 676 274 205 141 79 415 220 14 506 788 652 777 845 711 499 834 15 264 182 670 239 459 108 998 348 350 491 516 495 967 812 170 241 17 311 321 432 531 335 938 0 0
Input29
464 544
988 714 163 698 212 998 714 477 179 384 716 639 492 714 987 843 204 502 337 171 314 507 413 331 819 734 764 349 68 701 668 56 415 832 755 628 830 468 104 8 852 821 648 344 534 635 186 739 137 524 910 451 30 322 783 850 56 546 199 124 247 868 180 663 699 936 290 528 403 395 537 255 215 185 600 750 0 0
Input29
532 448
786 488 958 309 398 408 340 721 190 189 777 737 388 902 984 255 82 646 955 17 937 483 421 332 20 676 547 205 275 297 25 61 785 983 370 183 391 711 905 582 900 681 318 288 583 302 544 665 949 499 683 886 982 103 217 1 779 765 206 54 61 232 116 847 214 486 30 605 197 935 186 97 615 505 385 198 807 930 863 756 428 545 641 409 648 858 411 427 623 618 482 684 850 598 531 64 84 561 669 281 496 856 379 110 361 765 309 167 694 171 924 122 717 564 531 365 422 943 793 45 560 274 729 409 873 260 473 957 822 142 238 317 999 617 428 359 381 737 527 75 909 450 197 625 14 729 990 437 671 783 482 231 56 211 641 930 471 114 887 292 256 125 610 255 742 37 614 123 0 0
Input29
484 445
141 199 682 592 396 307 606 125 297 43 797 79 525 27 136 736 668 65 207 782 953 500 38 77 109 294 819 147 909 943 921 49 141 603 641 538 910 247 664 206 290 460 286 815 487 422 551 155 488 759 938 440 258 977 517 368 270 336 515 178 279 436 228 421 38 869 960 948 116 623 154 406 82 441 221 570 863 772 725 351 531 663 792 789 639 308 157 910 645 672 88 925 107 316 345 146 185 304 94 301 927 248 708 9 689 929 579 552 701 304 904 231 968 695 20 606 3 177 516 648 850 604 572 958 921 918 103 106 221 197 408 148 445 115 157 134 43 737 687 745 40 590 976 8 284 996 614 288 173 130 936 22 735 508 980 655 426 82 762 647 0 0
Input29
452 474
169 796 725 284 953 860 328 690 547 72 731 136 48 739 421 44 353 709 217 483 645 239 217 153 219 873 579 301 635 226 581 804 21 306 88 975 166 416 664 713 489 395 849 537 133 270 581 486 979 798 970 624 37 187 777 256 60 355 558 695 581 139 498 603 445 586 577 611 2 241 0 0
Input29
552 487
491 636 172 28 769 443 610 255 422 408 224 45 445 412 822 702 472 177 260 167 759 399 665 361 844 251 938 455 254 178 779 745 814 952 774 583 394 383 839 816 791 63 861 236 475 683 938 948 860 197 114 618 597 780 980 440 30 917 896 284 95 675 29 910 626 803 493 20 186 331 837 978 394 698 213 869 380 151 0 0
Input29
444 448
240 349 931 859 946 710 838 386 741 755 281 25 850 957 54 760 582 858 252 603 44 583 439 21 977 136 234 846 517 385 662 758 735 592 617 680 302 454 65 42 209 347 68 59 303 122 819 886 981 70 488 24 653 928 46 630 64 280 475 581 666 137 339 400 729 956 80 31 410 146 74 620 493 142 679 797 265 497 682 246 567 170 271 220 97 317 850 161 598 325 743 263 462 82 664 191 38 745 222 448 891 296 67 384 439 746 180 704 243 862 951 810 32 221 30 129 538 880 291 135 205 34 399 667 116 63 858 154 808 80 603 698 377 670 81 816 416 262 520 659 124 470 469 156 691 499 285 229 379 577 364 584 611 763 251 727 826 109 881 634 189 483 332 567 153 414 383 570 0 0
Input29
430 497
903 229 800 373 698 956 64 197 241 293 577 818 658 161 428 421 412 154 247 522 35 881 711 519 212 278 672 626 661 242 301 563 471 101 937 168 56 0 366 297 294 943 114 952 103 543 373 516 697 620 37 733 500 749 251 712 26 924 338 687 165 639 250 636 740 187 805 797 188 170 93 482 113 208 434 217 751 807 734 448 426 771 180 926 520 431 638 547 355 976 234 520 615 485 156 355 672 961 151 860 131 245 342 245 454 776 462 205 583 195 653 8 967 834 935 486 265 573 33 620 549 267 139 164 752 295 519 423 256 671 283 387 917 625 632 371 401 94 576 984 289 228 0 0
Input29
469 503
256 62 928 742 327 501 776 947 49 42 86 213 794 382 733 217 638 404 501 25 321 125 658 692 527 752 267 510 41 496 503 297 558 431 39 885 932 815 832 982 858 918 194 652 299 928 869 938 332 369 963 653 495 621 344 21 372 611 532 414 107 35 712 665 466 751 550 397 566 382 378 423 299 573 74 599 501 944 536 833 313 499 485 809 119 829 830 491 440 362 906 547 397 617 212 864 368 762 261 934 144 640 357 443 213 432 41 714 375 578 547 689 76 31 497 195 861 327 687 301 689 592 848 86 209 60 951 577 823 211 511 967 851 868 409 63 299 451 778 675 29 324 363 105 356 860 301 217 186 988 518 876 580 366 963 789 427 913 366 249 123 877 215 975 745 625 38 44 76 816 719 105 140 82 211 497 943 513 715 129 500 232 4 80 599 967 870 25 879 235 275 2 111 491 978 857 115 15 901 192 0 0
Input29
513 511
620 298 973 702 510 469 645 22 183 774 523 416 778 603 15 745 472 41 624 707 316 626 819 807 604 675 923 619 575 114 451 195 413 423 897 923 893 541 945 76 315 467 493 92 70 509 837 542 550 461 249 867 87 68 673 691 743 596 309 318 710 761 513 123 184 410 45 77 952 991 153 266 458 647 359 528 155 196 70 706 657 320 572 744 388 245 434 130 841 744 449 551 505 963 674 689 372 720 766 324 710 920 590 167 567 950 696 722 145 766 428 802 86 1000 546 474 244 981 605 85 724 53 636 228 15 309 918 388 29 683 712 739 603 302 907 169 251 602 892 397 368 319 199 454 318 745 929 563 725 533 649 449 586 284 678 602 594 595 991 623 277 702 362 880 4 268 48 256 871 940 0 0
Input29
520 489
239 259 853 693 578 597 621 140 322 154 789 771 740 73 449 342 667 43 332 290 320 34 652 200 39 921 249 295 791 189 949 29 448 801 723 25 398 344 166 721 498 956 492 238 29 941 581 696 984 913 987 304 948 639 504 987 559 754 282 350 943 230 380 391 31 102 417 429 447 584 150 946 539 642 184 568 582 765 264 565 678 251 870 625 890 374 612 448 127 894 798 70 124 177 462 155 280 879 585 727 462 735 673 1 377 857 570 959 621 834 524 298 84 393 924 975 767 535 422 895 429 220 965 553 397 426 709 678 305 293 405 767 28 77 768 405 934 338 0 0
Input29
526 528
554 172 888 853 256 281 777 231 47 311 653 942 741 873 907 293 270 332 2 948 637 295 352 404 324 429 172 729 363 510 92 918 682 981 770 939 261 547 169 308 859 822 250 599 695 156 893 965 489 895 913 126 190 265 530 514 694 702 243 57 211 336 975 894 316 745 832 577 291 1 886 149 823 136 749 518 292 641 483 782 535 395 908 725 660 437 0 0
Input29
493 508
354 138 482 411 350 818 386 244 133 130 76 711 421 77 596 571 901 732 319 418 24 960 902 806 495 296 713 220 957 150 460 311 289 942 723 640 760 108 884 893 238 960 604 660 36 200 231 937 933 550 355 957 510 256 763 5 553 476 225 510 626 685 0 0
Input29
503 508
915 627 544 554 386 652 438 279 891 397 883 551 434 82 782 371 15 332 726 972 842 982 735 847 535 210 72 44 837 758 866 751 385 409 305 771 61 743 50 952 140 933 502 574 15 284 945 31 616 671 2 457 653 738 304 187 948 377 231 785 135 97 535 520 506 841 291 567 583 341 519 724 274 21 298 290 305 243 321 921 914 324 378 566 61 682 754 9 59 986 794 194 82 329 714 589 169 4 155 753 346 675 476 620 696 774 910 0 16 230 922 931 554 299 496 616 982 250 625 41 235 419 235 317 748 950 906 917 955 61 670 300 736 145 920 432 920 829 433 937 59 354 867 614 654 363 229 636 613 854 677 848 272 913 165 20 863 70 937 817 132 606 117 869 752 36 300 672 0 0
Input29
507 548
733 608 925 87 474 538 741 838 768 377 450 621 54 298 894 968 463 914 830 534 851 647 667 457 764 535 209 800 835 881 666 568 489 591 655 964 129 396 801 897 774 251 518 828 549 412 796 12 326 625 546 176 271 213 634 35 748 844 835 583 724 501 151 212 91 807 175 220 202 977 116 977 227 635 805 776 46 600 789 372 224 335 549 496 548 182 531 295 26 366 879 750 867 29 963 959 836 138 178 38 115 295 14 342 930 819 118 977 419 907 348 644 241 897 139 789 79 671 84 106 37 963 856 905 993 819 863 829 958 40 867 72 336 882 414 266 701 532 242 119 439 591 763 680 488 903 468 568 574 552 674 611 515 530 516 508 348 378 336 306 419 203 379 755 85 794 21 786 325 263 906 765 855 669 444 342 0 0
Input29
495 521
912 910 145 464 583 757 980 113 272 488 462 651 824 768 69 27 146 825 112 940 846 898 265 109 804 29 964 472 474 305 43 385 215 188 850 799 946 830 912 217 317 373 868 141 141 938 168 288 762 281 227 608 179 493 717 983 523 680 454 997 986 497 382 201 686 232 1000 631 61 912 849 379 285 717 521 426 655 690 714 416 971 942 23 149 434 741 131 958 420 586 954 406 83 335 607 769 568 607 400 629 519 249 8 804 967 529 229 621 218 944 36 188 886 60 338 320 801 470 277 221 55 230 0 0
Input29
446 529
139 566 234 909 133 842 309 763 360 558 771 163 524 300 393 144 518 336 181 707 221 241 44 541 42 515 819 263 570 49 891 710 615 125 618 749 967 927 512 327 484 283 490 8 583 884 153 101 220 334 808 442 576 853 983 619 368 802 883 939 851 774 648 466 899 265 214 866 192 727 192 677 9 683 685 593 566 838 694 786 172 502 227 749 355 210 367 723 12 249 661 863 22 308 328 922 574 543 788 766 269 981 443 279 663 127 872 229 966 565 15 138 67 243 887 423 454 254 145 466 504 807 328 526 115 657 448 689 199 235 455 469 215 898 0 0
Input29
541 496
879 25 619 108 992 184 123 130 252 367 16 675 821 271 821 287 775 627 615 301 742 272 749 431 471 985 886 941 200 784 688 78 810 306 186 801 491 310 931 743 677 948 418 498 218 238 785 994 865 399 294 607 672 43 37 143 27 924 83 227 707 771 306 516 77 493 317 569 803 247 311 480 195 730 978 414 968 762 407 833 161 702 439 833 745 477 976 773 400 58 0 106 830 307 623 907 800 940 475 603 187 787 83 382 516 60 797 484 822 203 316 984 906 756 816 651 232 791 424 632 850 424 739 679 732 361 586 532 301 61 134 488 848 217 870 364 278 667 849 99 870 164 82 776 921 899 426 152 690 850 785 540 274 524 218 6 0 0
Input29
526 471
805 538 186 866 673 674 714 891 544 77 168 210 926 268 80 90 351 856 11 249 282 163 940 132 949 479 407 472 698 413 357 502 951 543 367 623 217 80 513 761 158 682 972 84 950 51 175 300 908 186 550 190 350 489 322 298 968 730 771 665 142 128 167 93 671 534 717 889 615 229 650 774 912 621 858 861 673 33 161 580 219 711 771 569 200 93 867 167 823 638 833 966 766 0 58 437 535 775 325 150 4 975 924 916 596 782 777 268 815 938 849 33 648 619 603 848 712 470 15 535 107 849 500 874 849 559 310 384 333 636 534 338 610 457 254 205 239 30 474 53 968 322 87 616 942 691 463 654 160 479 188 267 328 689 140 177 247 451 561 581 86 94 920 697 552 173 903 791 203 376 845 170 698 933 786 639 623 249 292 784 0 0
Input29
436 483
481 51 56 169 192 234 417 643 795 999 729 890 918 425 442 90 328 233 294 704 77 464 401 10 250 40 634 500 333 417 228 814 468 285 984 660 520 401 303 315 399 31 205 317 457 647 407 785 880 701 489 958 165 891 969 416 931 602 916 264 19 144 78 488 430 61 147 951 463 451 265 862 482 470 179 940 117 586 725 997 287 213 955 453 103 923 869 34 525 785 298 544 930 376 32 360 438 180 310 901 631 576 763 113 46 942 53 163 528 778 160 816 992 114 269 95 37 137 130 562 923 429 106 853 805 138 213 243 318 524 144 950 99 908 62 145 850 115 308 378 894 469 193 886 583 462 981 620 600 111 182 523 0 0
Input29
517 558
289 376 345 428 589 588 747 112 733 696 211 640 758 357 490 874 666 868 767 134 61 652 718 523 633 338 123 744 520 647 283 810 22 628 237 611 216 985 724 949 680 936 589 438 292 79 311 959 947 78 92 7 731 810 531 363 148 655 106 669 301 390 478 324 18 716 936 235 700 659 184 379 594 773 818 887 853 129 845 799 207 938 807 938 748 338 301 896 994 408 564 295 798 41 619 817 757 555 51 457 213 235 837 808 8 654 695 861 783 539 659 991 477 466 928 224 805 228 0 0
#