Input64
512 432
683 358 456 465 597 529 761 438 815 841 563 504 995 425 157 211 431 169 222 131 408 896 963 764 31 156 448 781 970 46 218 653 404 674 118 0 203 879 439 18 719 1 522 714 427 679 926 859 849 148 990 257 43 953 20 75 108 468 857 78 514 74 731 919 749 849 920 953 728 358 971 447 360 492 160 788 170 86 646 19 234 636 276 278 588 296 353 697 765 210 775 278 285 506 197 33 354 116 0 0
Input64
548 566
81 475 956 528 836 448 689 624 619 775 270 638 9 906 914 287 494 210 641 191 975 851 966 253 135 471 450 169 826 567 155 907 41 111 435 878 559 124 501 177 900 771 816 909 676 730 195 170 940 837 361 915 687 327 167 823 798 618 992 623 184 147 530 226 258 966 103 818 89 604 996 989 375 811 898 51 540 93 221 480 930 582 394 617 909 562 439 707 180 431 330 364 578 861 590 837 826 694 654 915 297 649 904 673 460 801 724 0 894 945 480 823 527 875 439 436 437 879 142 617 310 473 982 888 333 572 725 158 265 378 73 563 27 977 235 488 777 959 488 671 904 969 493 430 844 933 866 280 812 7 898 121 481 880 9 814 451 734 972 716 112 45 279 139 21 514 628 799 473 115 469 376 83 963 806 928 895 671 207 706 679 105 828 160 985 837 974 436 570 946 152 682 991 431 822 12 946 449 0 0
Input64
465 462
418 565 279 794 649 241 600 576 136 271 784 843 951 889 670 110 874 506 84 309 76 29 461 759 20 892 581 32 838 30 843 255 595 122 49 243 364 649 819 500 920 602 342 871 491 12 981 364 519 64 674 596 94 135 354 114 27 935 147 865 966 991 119 560 112 168 803 477 818 622 977 738 224 319 608 715 332 589 79 851 654 753 446 749 888 801 864 915 736 10 779 701 0 899 260 113 67 63 591 885 686 567 622 910 887 230 624 218 819 703 69 473 456 516 221 344 316 84 259 52 94 38 753 95 937 13 209 3 77 800 889 764 367 511 673 254 741 297 472 560 0 542 32 456 57 253 800 374 338 59 427 432 97 180 528 34 193 738 38 271 538 927 34 906 437 708 0 0
Input64
480 423
178 4 632 738 4 174 771 460 231 23 260 606 362 320 32 794 417 212 322 451 406 60 489 678 598 415 713 504 853 420 663 30 424 295 769 429 469 539 890 701 563 149 306 925 470 339 719 887 0 0
Input64
519 455
40 337 958 101 827 636 700 242 348 203 95 768 867 125 192 161 895 621 631 433 510 331 996 660 638 920 129 977 639 15 528 679 353 486 781 180 121 480 422 469 684 517 237 550 643 429 712 537 49 342 971 560 673 966 219 311 886 348 287 524 364 816 203 718 302 984 898 423 464 320 893 147 837 130 698 480 559 409 17 609 751 988 168 424 953 387 736 839 736 22 362 99 839 566 817 141 550 715 565 13 34 457 161 872 587 859 351 146 267 369 755 18 356 924 443 309 311 178 147 46 0 0
Input64
634 583
510 146 40 75 964 181 625 678 746 639 712 203 800 584 791 658 936 937 926 304 692 945 660 616 387 969 927 565 116 973 767 626 119 807 702 82 988 327 760 734 967 472 937 766 56 727 424 992 664 350 295 356 294 955 972 682 0 0
Input64
491 467
899 246 39 872 13 666 991 820 368 72 808 696 833 541 662 305 477 427 361 204 852 352 869 201 647 224 496 602 196 177 525 95 424 565 967 437 231 957 256 599 29 63 295 863 604 957 168 81 384 530 285 235 882 154 437 529 378 933 131 575 110 657 670 534 222 637 971 453 594 227 52 624 291 347 486 896 303 655 978 687 184 262 923 66 417 359 596 796 292 727 370 402 383 40 937 606 678 908 58 271 134 111 895 426 458 381 321 762 35 298 449 220 561 372 286 978 732 883 773 23 609 143 426 993 184 362 598 862 269 657 132 404 768 27 830 226 408 151 988 444 450 437 664 10 809 951 989 540 833 762 564 442 905 990 435 88 352 32 950 622 690 82 26 457 109 856 684 518 7 671 962 457 108 626 468 917 576 456 457 409 217 20 851 122 10 285 210 363 0 0
Input64
475 573
160 985 8 243 10 465 352 867 149 871 875 821 832 331 929 457 800 846 33 255 302 442 473 323 293 596 333 579 806 696 898 967 681 906 210 692 371 562 559 520 432 434 340 264 766 268 722 565 114 755 821 416 197 294 740 491 890 72 69 695 769 967 662 450 873 872 142 243 434 701 763 867 134 103 131 900 0 0
Input64
420 537
853 465 486 608 285 903 806 579 642 296 468 715 366 163 483 333 826 934 205 697 75 449 131 777 211 999 912 315 129 811 687 982 276 173 590 561 75 395 140 717 691 608 431 57 772 915 390 597 848 596 294 923 44 425 700 256 423 611 571 553 421 258 534 698 431 123 258 507 519 398 223 210 6 655 267 778 570 658 374 417 253 668 340 297 93 39 0 0
Input64
498 461
517 650 124 69 71 382 604 769 814 728 27 320 246 426 544 456 432 198 723 209 769 380 584 186 634 252 527 931 345 566 484 863 216 608 932 288 990 536 57 803 263 85 123 509 511 667 966 944 866 689 152 634 68 737 820 703 989 346 633 334 913 116 196 129 724 128 418 714 664 475 517 927 560 640 436 71 307 401 14 172 89 167 807 158 904 626 861 892 973 494 226 886 610 422 14 334 551 432 48 214 908 565 141 468 205 578 539 512 980 553 685 69 721 491 227 624 117 88 516 89 0 0
Input64
508 533
742 975 192 164 990 527 716 421 575 931 328 140 72 796 345 650 335 858 629 889 543 699 609 33 926 232 151 14 749 240 597 491 215 790 656 205 316 371 626 891 301 955 31 373 751 377 23 85 235 653 975 778 351 583 812 277 816 963 291 564 203 889 55 419 678 711 624 994 82 250 885 383 205 917 757 956 293 781 41 528 433 15 305 785 598 117 61 414 79 353 978 283 242 33 702 920 744 326 914 827 576 799 210 781 715 967 737 8 748 778 536 181 794 842 966 392 959 27 806 38 381 784 321 624 0 0
Input64
508 499
23 544 561 349 458 387 926 256 597 706 972 564 443 980 311 220 516 493 14 358 459 406 316 487 211 355 869 995 677 492 812 700 35 372 49 493 760 975 750 356 681 722 921 123 702 232 344 217 725 358 575 184 765 892 671 976 247 539 971 924 31 783 624 66 155 674 560 915 649 310 271 330 31 192 453 733 424 798 951 149 156 526 333 921 418 4 896 665 543 867 589 575 649 213 641 804 887 201 719 535 511 990 865 543 181 318 275 606 116 226 755 272 752 88 192 169 92 88 834 636 956 423 210 605 636 852 409 522 52 127 57 564 117 923 106 299 241 382 905 357 608 660 630 359 748 823 529 841 911 362 476 867 786 686 471 421 537 880 944 590 7 1 154 124 925 260 423 165 0 0
Input64
443 492
328 523 249 988 153 609 736 976 137 576 887 500 51 753 285 738 223 707 275 103 650 865 110 652 18 234 576 279 658 742 921 986 264 170 974 417 780 709 393 917 284 279 417 336 31 703 73 255 409 348 358 59 213 469 711 231 704 287 511 361 28 432 347 293 603 320 710 382 28 103 299 313 382 716 649 413 419 722 669 828 70 27 888 283 496 599 515 199 886 25 560 914 457 907 206 59 227 917 441 256 20 741 569 402 457 217 816 876 940 484 704 9 511 591 293 7 190 808 206 75 833 767 990 289 674 196 349 901 113 790 156 133 531 726 535 988 0 0
Input64
502 521
351 864 883 836 567 893 346 158 185 353 348 994 560 423 826 326 413 115 1000 609 464 901 722 254 56 856 785 783 391 773 726 742 636 609 577 202 502 924 361 687 277 709 681 837 132 506 163 545 621 162 153 85 62 876 339 119 732 123 902 122 897 627 865 532 235 441 735 737 365 95 424 642 805 104 479 937 611 642 482 232 805 636 317 867 511 656 987 243 780 888 365 677 515 229 208 751 671 944 488 35 39 913 678 844 16 156 781 628 799 262 860 603 898 177 470 409 834 457 652 614 345 16 290 860 246 499 611 917 442 98 953 481 10 630 325 27 787 105 655 586 367 515 189 264 693 659 673 526 116 324 139 461 341 430 320 587 929 931 504 371 29 457 852 39 86 177 66 874 282 722 459 650 237 648 914 930 307 587 455 423 912 595 884 252 24 204 840 953 135 344 0 0
Input64
477 576
164 801 175 204 888 352 271 761 635 993 220 284 229 868 198 158 175 786 614 599 697 208 483 950 232 688 790 185 823 133 509 988 935 684 191 822 36 462 583 671 455 803 956 685 671 154 844 847 940 457 445 637 666 928 587 898 615 376 83 438 510 592 426 444 275 617 266 312 79 849 984 535 652 939 219 323 93 63 0 0
Input64
361 462
32 520 615 670 185 542 256 83 157 632 166 595 142 758 21 586 33 638 853 346 718 702 329 253 353 268 473 676 361 536 846 394 56 460 63 241 2 320 324 159 952 491 755 94 249 776 680 283 414 533 0 0
Input64
539 482
132 234 958 386 587 225 859 263 586 395 109 981 451 569 44 692 572 364 16 732 316 508 487 410 757 262 90 39 677 623 668 810 857 625 195 444 851 54 708 437 449 817 417 900 386 461 592 959 826 609 690 141 116 176 551 874 439 641 913 116 264 581 926 121 206 121 566 56 176 273 493 626 90 911 525 477 372 117 435 197 726 125 338 843 302 890 716 741 531 629 857 795 209 783 917 415 905 482 472 80 755 965 706 846 876 231 322 247 349 758 445 75 884 784 918 185 673 634 926 203 262 783 999 471 566 915 887 470 396 358 551 151 323 257 0 0
Input64
461 465
198 489 319 446 839 77 891 914 961 675 832 145 347 465 71 551 727 854 550 198 420 464 84 890 861 442 441 11 765 699 8 964 187 328 410 25 405 301 940 365 976 771 511 322 235 582 874 963 435 423 160 856 888 244 745 749 687 186 761 452 885 769 415 72 96 825 98 502 125 37 867 101 808 377 424 43 960 297 5 395 721 165 250 609 410 996 357 97 181 118 549 66 887 965 138 984 790 236 485 916 274 352 16 81 730 440 124 689 738 130 83 458 296 334 66 707 329 424 804 510 542 353 576 429 317 715 413 106 951 899 21 225 251 38 306 981 478 431 670 215 561 754 673 858 87 740 564 416 164 367 927 707 720 502 135 37 217 549 143 168 447 165 393 698 203 699 679 682 130 349 897 692 103 570 549 190 310 112 607 475 480 533 181 200 35 317 237 252 866 381 420 313 547 813 11 750 512 690 432 643 0 0
Input64
515 582
328 334 142 899 884 333 208 997 940 683 476 473 864 676 508 181 914 761 46 294 180 359 842 994 371 591 0 0
Input64
421 502
60 23 148 100 351 483 242 249 366 575 458 362 514 140 839 987 4 515 495 186 428 255 232 723 436 592 564 429 963 155 936 23 178 83 123 530 566 366 780 933 941 237 295 455 378 133 442 383 648 938 569 76 192 801 800 629 393 364 58 356 520 994 380 698 76 503 228 643 870 7 576 811 244 871 266 622 3 709 5 652 646 574 729 839 374 528 467 768 893 525 123 412 519 503 110 596 6 338 238 877 345 814 687 590 685 953 212 688 661 217 340 307 0 0
Input64
508 441
68 145 165 597 613 934 489 138 56 901 657 560 10 252 567 348 491 443 694 305 129 284 991 82 496 678 743 714 18 50 505 86 195 670 683 809 603 172 947 660 72 604 219 83 857 787 432 348 229 126 654 359 410 644 441 907 322 184 620 340 234 124 426 429 795 109 238 397 281 185 57 354 789 277 437 646 63 870 994 293 996 648 652 405 291 92 312 613 276 932 954 511 56 379 941 851 489 178 248 771 363 305 125 152 583 563 798 646 432 792 939 427 439 591 833 731 683 144 344 960 76 297 470 133 677 410 984 165 589 232 937 952 538 61 103 120 624 902 767 56 693 706 484 132 296 317 864 980 461 207 940 538 504 409 671 181 820 655 346 408 888 283 0 0
Input64
434 476
425 345 464 546 970 365 313 25 58 18 509 191 315 826 54 294 287 261 233 826 766 643 497 947 463 151 293 872 38 577 231 464 922 696 10 891 60 324 916 119 342 425 310 658 251 365 952 539 627 185 364 392 829 861 339 291 12 633 162 51 209 394 516 130 89 527 20 150 851 937 270 192 362 581 850 613 946 802 152 572 988 517 965 816 0 0
Input64
460 493
303 106 390 936 269 441 144 664 958 275 754 484 296 905 334 232 174 526 595 756 376 208 701 178 360 273 165 877 237 982 254 541 88 644 476 358 85 621 21 42 896 776 526 192 680 860 424 855 386 18 610 763 226 311 942 587 585 107 463 822 88 717 362 176 361 839 535 446 460 556 488 356 332 14 548 11 875 973 867 260 992 477 23 217 789 965 805 373 0 0
Input64
561 458
267 194 160 985 557 337 345 396 872 792 856 428 280 212 760 294 760 772 168 732 638 429 724 115 453 941 904 417 746 276 489 12 0 0
Input64
432 510
650 998 28 987 342 424 858 134 280 285 414 492 45 709 252 817 878 985 454 307 708 569 760 649 472 177 394 749 667 407 219 316 404 247 303 747 672 160 881 952 446 294 444 491 2 697 307 881 681 762 187 389 330 947 38 803 124 432 552 791 840 772 106 243 19 409 990 691 570 870 643 16 164 87 508 167 784 815 47 465 577 235 855 908 181 893 711 305 325 262 96 164 33 202 407 52 612 397 744 182 267 386 198 431 0 0
Input64
517 565
706 599 258 521 647 723 98 882 578 5 63 470 716 369 796 978 465 960 11 668 367 64 279 764 808 462 30 194 661 462 668 367 60 927 888 707 649 986 589 227 992 652 698 707 20 493 685 485 452 696 152 819 760 432 583 568 895 613 762 555 75 430 922 135 356 810 843 5 796 431 232 787 83 930 494 103 423 178 589 875 874 742 694 634 173 276 201 68 890 964 623 965 393 544 100 750 354 943 756 149 374 988 937 458 918 430 0 0
Input64
437 475
340 608 150 215 482 892 910 115 65 185 317 133 75 280 756 39 674 300 139 424 654 82 179 804 457 167 740 915 84 170 476 425 778 626 641 260 517 550 375 582 736 693 715 811 974 471 851 647 771 991 70 425 72 250 228 530 417 969 445 502 138 921 928 917 546 568 176 63 118 552 646 854 244 361 664 217 832 515 865 603 505 936 27 577 185 256 107 602 224 552 104 363 472 31 279 18 599 456 82 717 8 728 571 253 88 235 471 921 750 335 523 254 271 551 832 456 807 939 58 30 491 162 0 0
Input64
483 513
963 194 674 982 793 130 63 510 138 792 80 391 881 316 862 801 65 197 324 319 468 875 150 925 681 89 984 712 580 146 105 543 340 780 525 133 910 588 644 47 380 725 439 260 40 301 61 105 498 385 424 967 259 575 892 940 665 876 652 244 21 758 788 362 537 312 496 446 901 139 494 280 865 933 541 905 233 602 9 732 987 434 699 245 9 591 185 674 466 837 0 0
Input64
479 513
488 595 706 851 131 18 346 578 919 486 71 199 350 4 740 254 238 341 264 971 327 699 669 573 709 259 758 383 726 595 301 214 189 7 64 321 25 410 899 945 897 971 143 246 975 883 501 213 223 766 183 551 465 853 123 173 112 882 556 838 477 858 51 667 866 115 989 891 526 887 836 423 858 979 669 832 862 170 45 84 937 228 636 401 80 760 574 192 642 130 30 119 988 81 787 853 197 775 744 724 662 579 146 519 558 816 351 419 987 396 504 923 624 140 323 705 900 898 898 542 28 928 661 16 9 447 870 206 221 614 931 883 193 76 401 751 893 753 170 879 148 674 801 773 814 124 477 714 22 374 255 50 301 916 67 311 363 937 517 584 550 448 467 744 524 869 494 416 621 665 294 769 338 95 541 152 219 18 867 242 393 121 292 695 37 360 0 0
Input64
428 607
400 296 523 985 847 971 451 590 494 319 84 911 940 749 205 709 87 301 250 239 0 0
Input64
484 495
269 105 763 662 227 54 356 264 414 361 665 711 884 649 557 854 99 147 348 419 231 259 359 981 465 68 67 766 318 307 286 587 413 48 249 640 103 605 905 517 967 569 228 851 217 786 705 317 933 52 737 164 312 95 144 777 164 212 542 482 519 828 69 932 876 318 572 979 924 476 496 890 45 725 741 262 510 445 580 443 498 317 607 810 412 752 586 577 964 128 58 483 957 128 414 832 447 987 811 370 462 307 260 507 31 0 770 542 446 350 985 944 667 592 0 0
Input64
561 484
79 344 339 656 308 468 715 791 424 843 205 256 289 191 66 660 654 374 920 160 405 921 931 947 366 280 932 310 948 524 63 26 868 403 682 175 871 396 966 295 239 171 551 528 362 618 187 15 992 107 176 396 28 106 343 395 387 275 705 334 799 769 360 666 171 42 842 42 439 807 337 678 978 888 206 340 505 394 355 496 502 532 893 530 638 236 925 25 511 630 360 310 398 721 976 569 763 818 612 201 625 949 880 603 837 85 943 341 480 298 838 982 830 731 512 468 968 436 493 479 66 853 789 464 573 765 33 336 582 645 538 206 594 417 809 430 503 751 772 984 48 609 965 879 340 476 346 307 913 839 786 979 692 575 443 264 0 0
Input64
579 412
476 600 921 121 137 127 715 555 936 145 58 687 917 41 736 526 5 614 866 482 960 173 394 799 960 373 490 534 816 755 873 292 354 794 413 492 921 128 47 857 273 105 543 189 147 278 716 153 892 582 635 852 755 29 650 715 402 139 248 218 894 121 510 248 916 924 741 836 52 788 692 326 894 235 516 41 513 231 194 405 0 0
Input64
505 496
829 256 567 859 906 282 261 44 530 479 939 652 990 187 567 914 928 403 967 716 95 292 610 330 808 651 844 38 845 248 851 674 504 418 532 410 701 793 455 231 272 393 883 262 580 450 175 507 854 141 223 950 433 833 280 241 483 123 279 327 371 130 0 876 549 533 285 249 325 740 480 598 133 363 860 713 814 34 220 667 176 443 616 610 276 896 851 759 19 130 85 391 261 86 267 810 619 552 59 945 292 540 542 425 904 401 138 717 436 359 384 612 803 0 221 78 897 72 837 916 202 923 307 463 9 574 273 628 125 333 573 418 874 114 844 777 515 982 494 951 340 878 563 143 878 784 221 775 857 58 690 58 982 997 522 991 570 796 619 696 128 191 114 2 306 958 0 0
Input64
496 506
821 939 273 772 279 151 334 422 29 118 644 804 975 703 493 33 684 490 556 675 60 351 294 757 480 485 871 482 791 828 261 612 766 534 384 45 686 719 468 715 837 111 518 812 814 11 846 498 502 401 172 562 752 466 318 231 952 189 714 743 16 975 355 783 509 739 829 194 457 296 909 294 408 427 105 222 438 952 720 940 352 893 502 104 359 821 335 311 9 49 54 26 23 409 809 533 148 637 728 605 934 637 900 341 63 5 563 502 957 283 441 308 175 944 413 535 764 749 846 773 798 900 800 821 309 608 354 457 245 81 62 178 718 962 519 781 967 82 282 923 365 724 231 541 667 644 75 431 392 922 204 189 822 3 10 131 611 364 588 857 0 0
Input64
481 507
650 34 163 611 554 945 578 637 227 500 1 951 731 543 618 375 619 48 767 540 252 957 362 255 967 493 867 331 81 723 777 731 758 941 342 312 885 920 949 112 420 951 62 150 493 681 525 111 729 292 651 982 248 13 237 215 506 103 546 588 827 323 318 584 264 661 896 149 581 845 261 0 795 323 151 287 4 677 398 733 969 49 715 217 63 952 432 569 55 979 156 882 302 475 466 566 136 362 715 717 0 0
Input64
536 441
976 718 0 299 869 288 303 545 686 36 514 736 751 732 799 703 163 368 758 141 525 640 444 0 105 9 136 467 724 853 674 700 570 675 999 439 963 301 985 648 337 498 384 88 229 182 791 393 550 549 535 75 189 979 75 294 0 0
Input64
502 485
211 762 712 64 436 411 635 110 409 73 72 711 57 721 48 556 104 136 786 286 928 179 837 477 714 912 666 693 988 961 681 198 723 392 262 158 804 897 269 213 971 341 925 28 61 973 585 166 109 370 453 36 549 289 514 263 201 180 957 188 140 637 387 864 29 650 22 834 547 291 46 517 633 971 545 694 944 129 861 52 500 313 89 49 603 603 313 805 784 269 994 925 906 380 788 936 29 811 769 576 101 815 93 734 786 639 428 729 769 288 782 268 602 871 318 204 474 631 8 258 900 1 182 806 382 971 741 411 781 509 988 882 324 80 616 110 720 44 839 488 333 621 756 935 492 74 138 967 705 147 224 605 148 406 410 530 376 151 942 156 660 929 38 985 9 655 94 729 699 934 217 31 554 974 967 45 47 105 11 752 252 236 356 401 642 767 931 17 918 873 174 578 802 213 562 812 868 657 0 0
Input64
506 438
566 590 758 598 143 731 565 189 778 670 201 530 922 437 887 322 79 653 253 97 571 125 271 149 927 484 712 738 352 368 278 919 958 36 516 101 767 80 291 544 750 493 73 672 930 960 994 9 613 247 106 184 372 378 333 299 863 44 36 214 413 315 132 370 351 649 472 118 730 763 662 480 255 736 151 185 696 145 195 309 392 301 493 764 679 827 63 542 872 99 756 284 415 888 655 767 537 126 885 266 890 547 746 145 282 897 331 979 42 526 287 434 827 781 198 506 607 261 0 0
Input64
481 531
478 361 804 763 776 692 417 543 228 544 427 494 433 975 240 578 256 136 910 235 178 435 522 613 262 302 811 769 0 0
Input64
494 443
71 817 387 432 620 149 208 312 567 752 540 110 178 34 544 153 274 121 410 411 31 645 590 466 166 203 728 469 13 496 378 85 312 766 518 933 916 726 244 482 477 785 593 656 819 136 809 93 258 218 505 289 864 95 755 30 298 483 499 312 980 878 397 292 644 915 224 559 641 468 41 118 252 634 774 71 771 583 165 28 802 671 317 665 767 72 696 65 556 195 377 535 72 775 827 716 690 51 275 331 519 316 449 772 951 223 844 721 807 9 749 608 680 66 273 447 139 969 512 695 163 890 230 236 665 57 953 354 108 227 685 627 543 133 399 493 357 243 213 163 252 963 771 933 29 44 379 168 13 892 864 177 781 93 413 445 150 366 799 258 593 484 886 136 618 284 630 975 527 844 137 780 806 909 712 835 953 90 3 967 982 867 143 763 0 0
Input64
492 547
557 207 110 923 6 368 516 491 254 652 108 538 281 83 65 124 220 845 931 128 556 766 81 647 769 47 629 635 191 392 595 748 600 705 671 607 73 186 97 327 838 206 866 119 289 931 244 509 776 174 638 332 941 719 980 709 767 609 343 958 0 939 705 600 643 375 206 717 562 304 43 400 510 910 519 799 841 764 308 616 939 946 949 879 665 928 587 431 536 931 388 537 869 93 137 512 469 344 228 30 648 272 430 158 181 950 958 21 713 265 638 651 211 586 529 876 514 116 307 50 46 695 587 915 789 724 427 257 68 656 288 716 928 718 875 109 668 832 131 380 96 770 31 308 355 560 183 870 676 490 920 723 185 507 638 975 231 64 231 299 720 520 15 648 237 890 758 906 721 889 286 818 658 317 126 13 878 309 884 554 800 803 276 986 309 914 960 540 979 190 840 698 710 855 0 0
Input64
450 446
948 745 103 854 466 993 139 283 651 456 409 665 333 719 548 888 519 351 163 504 661 77 463 200 55 654 40 754 364 895 100 312 639 204 165 104 196 304 388 848 761 798 512 94 517 60 982 35 411 145 539 71 222 1 272 278 656 312 32 19 207 132 331 847 336 497 952 533 802 340 380 562 137 893 657 655 953 639 690 364 784 228 0 0
Input64
469 398
6 230 709 285 887 21 317 906 228 449 237 75 785 735 26 317 536 367 698 98 505 590 756 159 543 394 849 908 178 77 344 184 308 52 469 194 73 787 100 302 235 338 378 20 72 405 338 609 772 35 707 276 626 463 435 169 857 283 76 34 361 420 219 669 473 689 863 546 475 963 849 711 300 226 732 373 631 69 982 403 105 688 679 732 150 114 901 7 397 977 42 758 397 261 427 870 951 289 0 0
Input64
492 572
426 252 264 136 552 491 868 925 122 938 906 525 42 594 204 774 745 318 674 753 716 651 795 474 48 56 901 918 6 189 333 432 441 598 568 994 88 436 918 210 373 824 736 416 418 940 189 163 257 864 916 973 515 710 446 563 766 346 481 773 536 815 204 977 412 773 971 501 208 889 712 582 712 447 998 130 386 187 293 644 51 208 616 566 919 62 129 685 409 610 457 945 425 661 0 0
Input64
458 471
838 433 892 338 642 780 50 223 492 497 221 622 884 408 916 528 459 124 144 25 42 206 154 728 615 765 184 560 189 846 481 26 279 372 365 921 151 415 144 643 913 365 265 797 774 180 324 232 304 468 258 347 675 412 74 290 177 259 850 367 104 330 394 383 703 759 304 855 174 449 498 87 814 763 884 587 944 208 820 247 677 77 595 351 490 670 642 668 929 491 34 32 822 428 416 524 187 721 378 362 169 877 449 984 639 332 571 583 540 390 830 217 468 425 568 959 94 209 626 22 701 661 55 523 89 472 46 277 192 425 639 362 301 87 345 941 420 916 523 961 306 353 177 775 778 746 734 873 956 359 896 656 20 952 178 110 423 225 387 616 651 25 979 952 113 323 893 533 239 416 493 546 769 670 321 547 415 54 420 370 414 315 26 434 266 204 0 0
Input64
464 497
690 430 932 305 80 958 284 32 70 608 926 603 847 341 96 393 109 766 714 657 181 768 76 552 181 392 578 616 658 783 160 348 212 92 654 293 49 938 325 119 545 250 723 392 591 819 785 701 585 498 358 766 266 435 318 448 827 896 64 485 678 225 833 891 317 486 183 367 423 509 486 968 760 209 359 351 27 144 52 613 643 410 378 909 845 696 357 671 592 422 155 270 647 988 160 965 474 344 331 897 854 818 865 613 26 224 965 53 368 16 667 10 426 44 920 271 741 277 0 0
Input64
536 491
333 699 97 603 346 85 764 310 560 108 642 456 962 459 321 575 485 545 539 539 913 556 205 924 983 250 843 253 992 119 195 324 819 293 927 164 379 690 475 939 799 116 394 760 575 716 335 60 260 875 599 173 430 805 96 412 54 940 665 45 59 861 369 878 153 296 42 532 987 517 471 785 633 866 545 208 581 880 268 841 754 867 13 184 671 109 597 726 48 262 772 107 122 141 986 276 437 27 809 423 544 279 208 177 144 753 385 725 632 653 565 386 520 579 571 191 688 167 917 737 429 688 845 552 829 830 828 266 857 636 689 401 916 897 578 59 650 963 784 282 615 349 668 135 928 239 326 616 407 242 353 836 931 197 387 759 26 215 24 884 852 714 284 767 611 863 826 260 825 610 542 440 960 210 575 888 450 901 504 857 143 857 692 73 53 79 833 80 295 858 0 0
Input64
535 479
146 572 249 913 182 111 739 443 937 349 986 377 308 195 953 195 646 853 700 502 997 556 194 69 610 274 903 691 569 760 656 715 331 905 628 514 16 366 957 953 715 942 329 23 137 282 219 783 134 919 285 131 474 479 201 84 754 103 775 322 864 430 37 194 335 666 708 351 32 665 304 748 607 634 771 744 916 991 527 49 909 812 181 383 291 382 467 44 485 242 367 348 672 404 543 7 69 251 358 102 916 662 850 522 295 620 266 210 610 793 260 519 605 441 902 896 824 369 941 308 611 307 657 283 712 199 290 782 451 649 884 366 310 733 889 606 353 154 817 964 948 77 482 552 518 384 448 342 753 388 650 364 696 307 648 407 507 938 188 958 587 72 324 898 805 212 503 158 367 320 121 314 397 604 867 916 988 315 257 741 704 908 105 399 214 753 806 722 691 995 679 277 66 2 0 0
Input64
559 473
872 215 679 29 582 999 150 897 395 755 763 311 743 78 568 483 782 476 589 180 691 341 987 412 31 982 90 309 48 93 484 920 308 162 949 890 160 99 786 556 855 549 868 597 627 436 79 408 912 668 0 0
Input64
474 467
602 9 575 13 41 557 104 350 605 197 835 524 505 997 473 394 157 573 180 714 427 729 581 24 356 16 104 765 929 772 353 530 782 929 544 823 485 648 173 90 845 7 614 349 3 87 744 161 661 925 875 88 654 456 112 9 473 216 774 401 989 127 931 770 55 474 593 541 121 766 631 967 773 245 315 777 333 59 939 994 984 814 81 637 269 194 646 742 410 420 142 399 547 73 168 603 547 762 143 669 527 774 635 300 19 951 77 352 9 15 345 993 829 427 630 98 622 275 841 31 696 983 430 242 56 599 0 0
Input64
533 503
604 360 989 272 888 763 908 187 782 859 264 133 868 280 479 861 108 907 490 207 528 766 47 560 461 30 991 704 86 590 549 690 951 538 963 838 300 871 25 81 729 289 215 597 569 695 457 678 602 948 885 130 713 933 691 174 963 681 879 48 271 428 739 221 966 701 59 265 572 84 347 300 374 563 897 943 258 353 621 860 301 506 990 14 438 681 189 400 362 67 449 633 495 187 855 460 889 914 726 460 999 73 760 372 636 657 315 895 10 936 754 311 441 744 325 880 424 514 280 786 582 729 419 77 916 273 538 805 187 263 264 185 337 24 557 974 681 872 868 691 808 621 2 249 365 328 128 789 842 408 575 424 136 994 501 52 267 38 858 454 302 122 639 639 147 195 612 828 67 479 519 875 0 0
Input64
552 561
522 123 465 850 252 254 692 661 829 115 797 823 616 850 89 654 708 543 957 830 181 595 977 377 206 805 445 685 324 319 786 846 443 250 695 696 504 386 0 0
Input64
503 485
333 501 153 155 117 2 245 772 711 788 728 540 970 322 517 347 529 321 792 214 645 111 1000 490 555 250 185 250 754 571 606 87 72 759 243 189 762 488 962 472 276 690 12 246 11 529 593 541 850 385 755 495 496 755 986 51 4 170 301 759 741 908 846 814 667 89 3 429 578 965 902 854 654 914 99 666 442 693 206 292 77 962 788 574 0 0
Input64
463 541
773 625 720 943 926 478 684 833 324 497 500 413 500 929 991 465 830 845 119 743 945 786 185 637 993 478 714 954 265 287 670 37 912 389 981 838 868 664 671 191 160 170 605 661 99 596 126 929 440 246 672 384 31 857 21 23 335 735 978 600 22 647 638 935 36 618 773 904 281 443 95 442 614 700 103 713 295 230 641 736 476 312 119 507 169 140 531 504 876 508 104 899 155 743 834 191 360 606 95 642 49 190 84 663 891 187 375 186 417 16 922 894 329 41 401 499 182 932 2 58 440 107 957 595 850 791 786 210 396 881 852 445 71 936 107 962 123 483 147 541 500 69 434 830 111 836 328 293 767 331 0 0
Input64
519 507
206 438 309 802 288 99 587 498 495 468 350 940 539 286 47 501 410 531 649 951 30 719 385 860 830 220 188 122 988 519 475 193 957 784 995 244 883 582 743 377 50 92 317 590 379 364 90 789 896 740 739 927 458 124 787 287 344 975 410 332 493 885 525 450 668 520 695 551 102 437 928 152 530 245 743 909 610 834 697 505 573 436 431 30 0 0
Input64
535 491
217 318 906 192 729 237 685 613 762 134 281 282 829 833 385 266 760 538 796 4 280 705 615 113 402 119 686 839 551 717 399 768 35 304 960 764 541 645 377 303 780 659 586 608 491 971 875 251 508 671 256 789 376 871 902 778 990 588 616 540 305 14 308 341 319 268 104 860 913 481 162 692 140 748 300 631 719 174 882 227 846 137 15 221 7 918 999 998 506 615 537 812 630 845 152 949 113 256 808 25 738 971 718 878 719 17 509 438 192 390 665 38 528 681 259 535 598 258 532 104 873 69 0 0
Input64
479 464
503 915 67 451 27 324 259 52 62 230 771 941 949 789 449 386 982 840 51 19 367 732 279 903 330 537 434 434 410 503 350 913 418 418 364 445 742 624 498 805 854 268 745 803 56 194 189 38 33 240 57 400 973 336 302 302 874 737 737 283 240 86 195 658 504 560 102 246 183 600 50 36 869 796 840 926 990 28 964 22 269 21 423 241 357 725 544 230 461 280 514 702 366 710 359 871 269 462 117 452 62 168 489 931 964 328 857 954 357 820 976 626 841 398 867 198 123 410 429 585 691 943 286 57 652 645 928 921 106 45 373 168 213 863 99 176 190 956 129 548 776 105 173 617 504 40 816 627 451 244 211 141 186 497 199 839 142 126 760 248 172 132 417 385 996 517 562 186 473 692 734 248 797 908 865 301 948 680 928 399 925 139 540 111 636 739 0 0
Input64
556 466
778 866 709 26 38 842 444 423 837 962 985 23 434 677 757 682 473 664 547 775 612 227 702 10 151 841 551 262 477 290 212 255 155 921 282 194 763 726 617 600 688 602 623 121 278 380 803 752 43 350 526 655 577 228 665 728 68 215 991 545 506 202 801 661 123 82 856 887 809 472 487 496 73 109 617 352 490 420 104 534 770 630 188 346 858 854 74 927 69 64 472 575 267 272 236 390 354 91 277 162 564 764 659 638 874 275 990 363 695 94 897 464 724 85 811 582 939 885 508 8 950 980 584 217 252 821 608 606 913 885 769 476 648 427 113 521 703 103 884 397 197 781 862 922 866 672 503 805 557 11 813 507 992 397 725 243 217 332 850 129 216 618 606 864 45 720 384 748 824 268 145 20 48 6 943 914 679 446 719 236 457 531 744 448 929 468 692 145 800 541 275 15 0 0
Input64
464 529
882 880 204 601 264 953 424 532 97 445 581 104 387 495 783 833 213 19 290 745 763 739 673 231 430 819 30 971 94 46 130 976 926 335 576 189 287 1000 722 385 444 302 489 832 798 272 664 10 0 0
Input64
461 465
955 755 54 693 427 285 122 246 315 93 340 362 223 315 287 558 891 477 846 891 198 230 335 501 719 166 298 991 831 309 281 785 63 336 477 491 621 600 737 937 693 76 298 917 392 586 474 283 62 319 173 261 549 508 763 268 674 61 258 505 370 540 289 433 876 767 924 497 366 661 433 59 0 0
Input64
453 510
732 976 129 317 450 412 380 769 585 642 318 93 404 586 768 465 845 272 835 384 562 268 260 328 192 757 695 853 190 755 590 922 730 720 239 179 132 619 949 718 261 267 811 665 853 578 130 698 851 966 82 412 233 343 741 425 99 435 278 289 189 869 211 920 589 450 99 721 69 47 438 330 314 248 995 167 827 125 866 677 90 948 89 324 290 830 750 390 264 28 680 454 897 891 373 485 340 472 205 409 520 644 739 835 893 734 2 719 860 868 396 951 816 485 274 105 314 23 496 579 51 175 33 949 66 407 434 407 880 640 816 399 283 555 234 175 289 236 895 149 103 291 99 919 776 373 24 90 397 520 670 449 696 703 0 0
Input64
561 488
762 109 832 168 989 471 985 387 754 540 621 930 830 858 825 979 961 115 77 880 891 451 905 982 848 425 651 297 120 353 695 883 463 527 51 451 998 36 839 752 576 460 682 405 317 506 384 278 621 461 157 512 913 62 493 760 487 144 57 608 497 753 490 961 279 542 411 277 578 249 28 153 710 711 559 26 216 943 305 837 404 463 349 316 525 842 76 12 986 134 620 483 0 0
Input64
534 505
109 444 166 652 855 443 229 104 472 382 814 182 942 841 399 885 146 236 289 609 585 606 134 426 682 146 412 817 766 896 704 876 339 870 527 194 313 756 298 786 138 112 969 80 954 367 965 100 603 254 709 187 860 844 614 542 990 26 358 756 922 61 631 261 932 158 455 245 915 754 30 52 866 999 133 820 366 97 920 970 351 629 156 211 472 771 753 462 797 110 217 719 172 848 980 104 6 434 349 921 188 380 974 54 379 106 874 745 204 794 714 556 422 871 767 895 641 519 356 438 630 574 156 802 422 135 907 428 570 255 348 758 636 322 812 14 428 686 760 632 480 474 188 903 344 955 797 986 473 153 424 102 727 580 905 148 716 811 576 286 66 925 43 702 246 856 716 675 542 475 307 21 949 495 924 293 449 721 279 923 0 0
#