Input75
513 544
968 481 178 206 727 990 508 972 24 356 903 981 49 525 852 145 637 870 613 743 565 276 854 823 179 433 87 988 231 813 434 198 293 612 404 20 602 913 992 627 268 895 607 317 420 459 463 56 328 75 799 894 352 653 716 531 85 803 519 316 615 953 514 909 565 919 929 167 831 921 795 98 815 402 416 234 861 879 291 189 954 89 82 305 742 798 837 827 601 355 142 215 308 657 123 874 575 51 41 405 0 0
Input75
509 481
836 504 787 238 920 21 98 798 313 287 752 402 370 57 144 167 894 971 768 249 113 984 558 771 106 431 345 158 472 751 131 308 254 919 546 174 940 645 973 253 933 724 655 302 782 800 470 676 771 237 925 885 221 482 655 328 914 0 487 386 751 618 694 5 536 240 179 476 885 152 729 817 877 384 118 658 183 588 333 954 826 258 838 46 741 493 374 654 493 861 40 243 478 734 248 13 974 428 489 858 580 218 675 456 602 793 114 785 381 447 739 206 706 577 253 446 69 628 100 562 488 140 805 967 874 53 981 848 482 470 706 62 688 380 519 289 173 633 74 554 80 814 761 786 390 13 232 459 641 332 21 129 472 827 95 346 880 76 193 362 546 900 425 234 280 944 524 453 577 598 7 658 411 768 444 801 781 676 260 421 7 281 551 480 107 646 826 988 723 19 350 268 919 775 502 198 0 0
Input75
419 502
25 652 295 624 659 954 35 426 397 837 206 72 96 628 80 378 178 560 485 825 385 473 547 405 823 816 323 597 318 522 315 344 173 611 969 832 564 3 258 961 840 465 33 937 93 113 314 271 674 799 96 58 272 644 463 94 459 787 691 778 308 6 121 482 617 90 314 181 93 572 141 933 36 175 869 129 288 182 401 962 982 498 20 253 141 484 348 601 271 38 379 580 45 501 61 663 591 375 844 684 948 986 617 985 160 485 114 449 668 516 411 650 13 432 904 155 917 251 756 187 290 134 767 335 636 829 998 226 204 842 910 151 827 526 135 988 11 250 436 680 766 848 330 779 279 233 934 195 485 690 0 0
Input75
459 510
775 825 149 110 460 978 108 686 181 950 596 333 777 122 469 764 134 719 200 814 484 47 143 263 327 377 196 523 862 887 906 636 711 55 747 171 32 855 858 214 805 453 548 581 575 16 344 709 735 545 523 219 593 667 482 920 43 679 443 905 565 348 541 276 403 287 447 436 141 304 651 946 758 198 527 333 214 872 41 950 416 565 169 8 231 651 929 274 0 0
Input75
497 415
371 178 895 720 719 170 122 6 618 559 148 922 209 93 679 408 621 11 622 492 53 572 908 619 741 917 850 392 845 123 721 216 302 616 936 21 787 58 28 404 618 176 326 828 270 4 235 891 16 857 382 70 429 290 689 169 207 539 561 51 663 282 268 966 899 204 987 685 262 14 88 880 191 414 707 461 419 943 0 0
Input75
488 454
436 800 734 507 228 23 196 398 231 735 960 283 397 242 551 363 140 755 349 825 17 364 913 898 555 327 605 16 746 547 367 181 346 101 689 574 125 885 973 356 619 932 639 16 173 189 379 313 945 729 137 962 93 50 859 649 377 464 665 123 10 32 305 356 133 994 931 258 878 903 614 496 834 252 513 7 442 893 320 386 622 458 0 0
Input75
531 454
715 508 207 363 886 671 28 8 681 60 313 37 194 306 969 452 184 871 66 681 705 319 193 712 762 86 32 148 708 490 496 422 999 703 786 885 373 815 894 54 875 207 92 69 513 60 522 697 931 588 378 636 908 571 348 669 657 380 817 365 871 313 787 870 15 573 754 389 387 648 444 262 855 536 332 368 596 854 65 527 442 443 0 0
Input75
545 410
349 13 510 18 671 891 836 36 762 148 824 631 164 396 385 554 784 32 998 46 888 533 378 255 129 231 320 656 673 763 818 22 777 328 40 448 219 877 484 982 24 307 612 188 704 998 743 487 0 0
Input75
686 365
740 534 918 273 912 172 402 143 493 57 817 255 876 839 31 204 880 480 424 756 964 405 780 270 0 0
Input75
578 515
969 975 14 711 462 45 451 996 964 724 908 135 125 50 629 183 867 884 58 705 916 263 0 0
Input75
449 501
395 687 340 358 91 120 629 108 88 603 123 800 64 169 250 60 132 975 968 268 100 17 897 283 885 780 342 590 696 605 174 91 292 514 449 384 634 78 493 723 682 617 523 747 786 774 807 918 748 774 185 848 792 81 131 676 862 473 265 558 78 439 649 371 954 98 755 588 176 248 311 859 865 834 605 650 608 411 568 355 185 753 203 977 835 335 653 697 808 919 254 887 357 903 258 311 0 13 900 177 261 210 35 126 44 640 776 652 51 344 7 237 96 211 214 932 546 867 628 353 785 882 240 142 784 498 0 0
Input75
436 524
785 511 353 962 773 564 998 899 608 638 675 260 689 18 267 927 115 478 140 46 23 7 674 377 793 555 618 936 339 116 390 124 627 744 86 400 307 83 298 916 721 973 175 410 992 443 336 106 922 477 152 946 485 826 322 278 381 941 213 720 56 604 845 684 347 931 83 655 13 382 570 734 355 745 144 346 188 481 452 109 958 605 54 443 430 377 721 811 317 935 531 374 538 375 58 886 305 141 540 319 524 109 0 0
Input75
509 392
879 855 197 225 42 678 677 151 635 281 205 78 712 583 799 523 900 733 53 274 271 429 332 156 735 474 697 53 0 0
Input75
516 550
806 106 877 660 303 101 703 982 779 854 616 60 59 695 773 643 493 295 542 226 349 817 498 778 148 655 513 623 351 566 620 156 673 497 817 976 598 519 957 377 373 573 437 433 268 209 75 761 505 618 988 854 434 485 632 583 139 144 205 491 710 826 647 382 322 464 358 920 984 315 297 357 889 734 790 156 944 865 918 448 483 905 302 918 390 934 500 530 77 706 20 788 531 668 170 854 131 528 774 115 844 70 472 732 805 261 889 748 126 806 196 610 711 498 527 100 431 27 631 509 734 651 296 265 318 466 118 450 995 892 565 838 962 36 570 767 298 458 514 425 264 711 34 976 209 562 75 640 589 706 149 322 357 445 587 676 911 706 125 905 597 691 743 559 728 312 325 26 771 840 451 35 551 486 10 760 47 86 400 637 793 549 960 150 994 547 826 905 252 951 809 850 642 552 408 369 865 734 395 635 0 0
Input75
514 533
847 671 125 332 682 885 380 768 284 16 561 834 976 711 827 523 536 732 775 487 541 624 128 92 32 498 957 767 893 592 340 740 262 466 71 944 350 452 712 635 468 273 468 444 984 295 968 520 26 742 7 567 365 136 659 398 634 616 164 527 207 505 266 470 971 338 413 320 790 125 956 258 398 423 703 382 719 670 903 745 411 910 312 777 45 971 175 680 587 339 206 794 845 473 263 815 811 677 135 601 802 90 860 200 514 562 583 233 232 485 978 644 394 289 421 440 260 596 119 847 935 326 641 780 0 0
Input75
531 539
904 594 610 581 730 210 383 820 69 583 334 632 165 567 864 651 545 507 45 835 929 485 95 524 605 943 459 931 583 238 730 487 832 339 67 561 549 450 381 619 33 716 250 199 283 114 850 828 622 895 663 550 380 758 73 986 701 533 917 284 771 646 771 603 985 839 164 534 289 545 152 322 261 403 521 544 517 371 372 139 266 34 689 646 793 763 632 493 295 548 777 65 193 548 668 177 387 832 712 676 377 864 998 639 267 519 182 785 891 554 924 156 589 612 803 382 375 434 875 670 982 652 736 174 200 404 352 587 236 63 262 613 928 260 251 194 780 434 979 670 989 902 826 577 514 629 959 890 62 834 559 43 486 295 218 686 699 570 273 935 633 536 547 560 0 0
Input75
496 466
799 754 576 233 733 245 221 635 71 798 149 700 757 38 763 591 598 806 76 893 23 763 591 594 35 525 226 571 72 787 367 872 541 943 104 273 188 325 908 260 123 56 961 880 94 723 471 692 529 547 584 553 309 175 146 345 700 373 916 772 159 283 644 700 225 748 973 414 72 881 674 196 937 634 76 31 357 547 724 886 93 308 438 403 483 584 749 182 958 665 955 116 948 598 816 173 346 789 587 419 669 261 615 606 895 691 638 251 238 361 137 332 669 575 736 152 159 484 335 116 148 289 233 95 888 49 268 234 838 856 653 507 116 267 112 11 959 751 263 196 111 400 529 781 976 264 934 135 748 268 252 896 558 485 992 446 534 260 680 372 115 332 879 232 0 0
Input75
511 496
992 243 558 742 507 755 854 908 283 634 883 548 567 18 295 836 271 191 393 757 182 839 291 442 518 663 557 850 542 790 449 533 32 7 275 540 762 128 447 45 763 330 593 329 348 889 165 620 79 558 376 261 396 667 704 915 330 261 764 872 50 213 405 83 220 680 623 983 808 69 28 571 399 622 901 748 510 65 367 589 623 743 851 19 410 555 934 740 816 697 612 866 911 16 949 131 697 571 113 505 641 141 75 40 763 976 788 273 40 155 863 664 899 713 683 308 267 616 48 83 313 661 949 224 678 898 355 374 0 0
Input75
572 498
468 880 109 610 956 149 373 931 938 646 972 92 508 636 991 221 318 299 489 935 347 572 248 7 521 472 686 418 827 59 887 294 940 996 905 895 145 277 826 82 923 797 175 430 432 165 652 751 464 140 686 812 713 934 820 233 405 505 651 231 565 537 526 504 533 430 399 679 707 224 762 630 21 937 60 454 101 712 204 566 853 890 378 565 823 197 798 228 703 448 459 268 986 985 773 519 415 171 198 121 395 960 752 416 0 0
Input75
540 494
812 870 998 523 74 564 376 965 942 941 788 139 738 15 843 186 475 110 172 459 883 692 875 54 890 997 449 850 748 866 745 559 735 743 82 810 307 458 774 248 399 561 388 137 576 231 323 50 341 496 510 224 187 384 278 77 381 728 927 128 593 672 688 328 414 771 137 721 229 911 970 628 472 358 765 47 589 88 98 931 585 609 154 773 993 433 850 374 160 777 502 753 448 189 81 863 961 218 584 189 129 554 817 601 912 582 649 500 671 747 431 255 355 585 27 348 18 877 722 178 654 224 932 101 414 12 964 374 231 548 563 360 101 380 962 12 962 610 513 632 356 944 888 712 529 915 60 547 792 782 726 445 5 658 546 420 671 510 794 902 57 356 262 159 737 223 172 698 834 685 330 190 629 217 902 158 131 962 706 924 744 432 0 0
Input75
563 479
750 89 914 169 760 424 963 662 482 319 925 641 55 148 813 754 982 498 84 171 127 302 73 286 434 34 992 357 778 423 725 528 513 639 697 273 62 660 936 545 979 860 185 34 8 999 788 990 497 872 161 624 173 234 910 607 269 902 964 47 325 689 575 838 327 271 111 389 932 46 935 910 906 120 944 914 118 732 904 616 604 64 240 777 299 149 0 0
Input75
507 526
568 51 348 615 376 36 189 214 363 461 325 753 392 372 687 302 278 807 246 192 926 978 95 541 581 160 781 358 460 931 743 27 983 90 643 358 127 833 573 490 294 898 243 687 269 931 989 548 738 234 740 664 212 835 204 794 996 986 151 455 917 894 483 899 984 125 256 111 959 830 602 252 728 845 939 998 776 928 545 513 162 284 176 374 119 381 167 114 0 0
Input75
501 470
319 570 283 212 52 181 196 178 438 307 136 267 909 389 996 754 327 993 530 255 537 42 417 821 219 792 940 601 959 54 968 277 624 250 490 677 432 687 855 871 994 992 138 903 381 133 657 709 125 186 964 663 229 380 483 448 171 423 48 130 477 16 408 101 267 898 778 700 584 633 570 578 625 709 481 5 842 137 714 968 323 678 630 552 57 113 0 0
Input75
359 359
229 536 49 359 13 65 768 115 333 665 893 32 249 526 602 828 151 310 308 156 0 0
Input75
516 563
445 871 119 769 548 750 321 606 863 321 836 399 371 195 413 437 963 528 770 628 421 802 877 947 404 705 97 715 12 254 867 458 125 987 226 674 737 548 280 600 869 115 999 240 310 412 0 0
Input75
508 501
272 940 446 901 360 248 778 307 652 482 405 367 494 660 233 953 785 220 179 459 957 727 739 556 596 855 555 836 164 967 513 437 907 959 337 266 207 114 574 859 596 979 225 90 638 459 43 423 680 222 882 636 950 621 192 545 475 747 381 640 714 894 76 620 853 414 886 59 528 459 919 124 438 144 215 75 603 258 499 282 481 380 919 430 1 110 976 477 858 356 116 571 250 193 190 102 607 76 162 135 536 80 260 974 224 476 49 828 734 548 110 215 929 28 646 930 139 621 407 997 978 523 567 227 716 758 330 323 835 492 459 370 572 719 344 797 194 394 624 929 943 734 0 0
Input75
494 545
871 763 790 801 902 410 207 898 388 731 465 616 446 223 946 770 57 438 228 428 10 948 772 807 141 166 431 70 108 164 214 979 927 3 780 829 414 988 726 802 718 191 418 163 414 363 0 0
Input75
461 511
471 801 161 900 812 108 671 618 250 838 48 320 946 213 535 925 140 539 704 969 954 691 694 755 409 886 172 573 299 536 506 771 337 667 670 148 776 341 767 25 178 815 346 123 28 882 48 168 420 753 136 373 444 831 128 853 716 301 425 14 838 931 786 174 597 455 323 373 796 89 398 975 905 745 98 933 626 146 101 46 899 237 420 342 68 548 194 784 850 620 799 687 550 584 862 147 39 185 520 836 275 919 810 180 663 909 113 289 55 214 336 954 452 756 296 520 304 491 304 153 110 102 841 661 687 703 808 727 889 327 562 163 246 372 344 910 281 457 198 336 671 535 289 123 290 586 643 594 77 947 748 188 49 589 849 737 292 656 464 180 984 26 344 229 398 689 138 679 145 337 14 817 872 304 940 162 891 583 757 968 530 505 156 580 93 4 316 386 0 0
Input75
475 508
781 567 644 807 912 874 204 600 12 884 745 349 899 561 221 203 501 383 93 83 139 61 613 645 218 192 738 222 509 124 883 289 691 527 95 602 400 300 201 412 184 947 762 83 507 983 286 8 366 380 91 506 442 704 150 660 897 889 883 405 12 765 695 703 292 791 305 692 91 506 104 276 452 866 359 960 849 645 968 215 25 59 721 467 764 872 127 660 760 9 65 772 775 761 475 66 551 780 759 643 286 864 919 738 729 277 698 578 923 666 793 948 725 514 414 488 385 542 148 144 551 214 917 325 975 391 391 526 170 150 168 457 13 86 194 743 363 893 320 286 0 0
Input75
449 482
113 233 283 627 648 772 11 189 920 155 740 133 71 64 107 463 456 633 634 607 802 90 620 888 285 362 251 178 683 537 736 796 770 19 422 418 791 433 607 711 589 346 844 661 411 952 124 868 585 758 474 386 849 94 274 133 456 525 311 139 62 47 935 833 66 357 250 858 791 857 568 379 203 412 40 615 363 164 482 948 923 957 334 771 50 608 904 507 133 215 646 195 263 581 27 330 938 277 187 728 134 756 106 337 167 147 952 530 311 434 478 233 390 812 4 441 420 908 948 553 0 0
Input75
524 494
593 749 386 173 776 717 111 52 904 839 187 659 946 524 826 92 476 356 404 910 835 638 299 647 642 741 66 550 688 620 673 281 368 59 455 143 777 566 196 680 405 383 0 0
Input75
396 460
350 908 165 443 383 522 847 292 356 485 592 2 126 332 69 676 19 689 349 301 56 409 756 200 185 322 397 866 727 781 205 77 688 370 520 70 893 367 363 248 852 955 251 979 287 320 655 307 9 4 608 66 413 364 266 599 686 664 465 413 444 670 490 131 40 10 202 933 378 565 181 229 519 433 208 807 753 863 113 763 0 0
Input75
492 507
721 829 281 85 95 880 772 759 345 184 203 14 675 334 55 685 536 989 62 101 169 292 621 602 501 427 355 363 540 117 231 260 947 512 345 41 391 116 801 737 301 3 751 976 338 807 661 875 795 724 976 964 16 596 566 517 22 921 881 562 38 111 823 985 623 168 26 14 285 827 751 587 831 502 563 168 308 223 42 103 948 18 66 965 614 633 481 637 554 362 198 592 474 21 577 97 190 603 112 475 429 863 61 260 365 624 428 674 848 471 777 796 489 844 760 103 476 241 740 29 604 939 622 77 960 198 174 149 801 286 625 230 149 687 490 515 310 919 188 158 390 966 955 879 809 714 982 285 956 722 315 559 660 937 636 620 134 811 769 936 97 394 166 246 80 657 761 391 575 950 550 965 916 504 844 724 0 0
Input75
466 468
826 9 173 547 324 732 206 260 368 826 395 178 595 330 275 989 496 522 69 152 283 460 728 233 9 693 148 514 536 873 732 361 882 905 909 206 637 114 466 4 941 862 182 535 191 458 524 688 980 594 841 263 54 569 496 63 261 644 0 0
Input75
477 583
797 516 309 158 398 213 66 604 850 181 70 855 121 932 37 657 123 495 181 812 475 775 653 738 829 221 233 893 482 878 470 279 394 780 437 792 994 504 396 844 685 467 698 807 399 735 463 522 229 645 334 705 419 987 442 248 207 676 141 690 553 611 969 947 391 406 739 384 910 135 227 595 602 925 401 0 659 865 523 889 509 857 594 929 844 35 176 50 712 318 740 264 930 709 211 320 114 951 704 24 86 931 619 689 856 19 690 515 885 212 404 393 69 998 322 913 32 499 964 744 817 704 8 746 0 0
Input75
569 519
220 65 526 170 769 551 257 700 169 946 556 189 635 70 73 848 474 467 917 471 790 830 504 288 794 247 104 497 256 851 910 476 917 436 647 685 987 904 385 155 849 941 345 484 11 418 331 485 886 248 956 675 77 459 964 871 707 68 368 964 919 277 439 835 714 86 520 700 991 906 856 840 847 200 323 858 619 654 342 505 902 298 179 980 758 143 851 464 211 218 428 129 496 867 0 0
Input75
485 521
209 954 485 909 944 390 765 783 236 965 105 93 584 760 436 88 661 734 268 640 491 411 491 956 622 709 383 752 205 250 717 414 203 201 323 146 591 87 930 828 52 34 922 636 795 357 724 455 90 992 95 581 403 586 537 24 295 920 777 500 169 493 915 373 695 237 519 286 325 449 113 378 484 34 13 278 392 738 734 482 729 830 63 132 416 600 156 711 520 934 211 689 427 126 62 121 363 581 407 689 30 521 66 514 556 80 792 948 818 525 429 547 354 493 679 771 93 836 481 613 769 693 302 196 819 364 317 182 946 724 872 976 245 939 489 801 18 281 748 837 806 177 383 160 670 62 931 764 898 412 377 667 105 680 863 925 44 180 106 991 905 978 967 149 917 456 950 935 737 697 771 543 874 154 704 544 216 635 308 114 47 685 782 152 365 645 76 409 825 183 399 729 161 365 0 0
Input75
462 522
77 822 828 11 558 524 783 100 398 938 805 943 154 439 250 268 486 936 50 638 300 696 715 710 520 898 108 249 58 474 127 135 295 955 147 854 478 930 955 877 867 759 819 20 197 69 289 684 4 340 322 305 35 36 14 556 935 123 806 993 597 933 128 893 887 275 747 365 205 701 242 72 459 60 93 657 130 383 340 134 723 662 439 759 699 454 314 633 577 119 625 174 52 754 67 940 28 814 304 234 514 547 306 974 608 399 630 738 782 971 873 505 633 312 263 331 766 577 964 342 697 589 516 750 342 584 689 371 397 994 605 912 540 911 885 147 310 515 886 91 486 758 596 118 69 859 449 836 436 413 177 133 2 694 883 345 277 571 716 675 565 320 586 104 231 470 252 541 986 137 632 471 895 228 589 965 87 38 0 0
Input75
504 500
524 452 978 657 454 671 540 799 949 111 514 623 676 835 209 780 65 679 31 607 664 168 238 135 63 467 724 27 554 763 827 77 214 804 735 669 475 274 468 424 386 983 47 61 817 256 842 883 936 874 489 599 42 728 734 105 194 458 133 749 221 961 826 435 765 561 104 239 836 572 664 221 554 711 283 371 968 124 253 903 999 743 502 40 470 236 146 665 694 280 413 915 240 239 350 4 800 455 244 635 26 908 857 581 619 139 952 586 264 205 488 262 948 991 303 418 226 450 82 921 730 496 836 970 735 185 974 535 641 218 169 667 125 26 248 745 165 199 330 429 405 819 692 353 810 996 771 35 445 854 956 174 349 791 144 83 977 118 618 617 336 788 284 461 0 0
Input75
523 534
533 205 980 733 536 409 137 355 100 490 164 96 261 200 541 114 155 716 464 947 860 547 923 978 165 540 313 954 825 775 768 357 981 747 89 517 155 226 873 256 717 36 352 978 237 894 92 392 610 556 338 470 103 261 447 269 802 761 222 626 536 990 983 517 737 72 33 892 298 906 148 15 943 501 994 179 395 86 572 4 642 911 474 746 172 922 14 974 683 236 599 218 226 582 735 963 654 769 855 953 675 2 968 617 504 962 797 899 47 369 903 690 279 376 435 451 298 450 425 981 687 23 199 913 605 935 876 259 703 730 211 377 733 179 995 236 141 791 134 188 159 37 879 439 413 314 891 712 764 315 692 450 338 891 363 944 825 238 203 528 969 414 906 701 594 900 938 735 0 0
Input75
517 524
72 924 850 109 802 289 523 115 179 234 880 494 927 329 833 818 692 777 643 931 980 170 899 394 75 600 989 975 538 723 665 610 647 515 720 449 805 242 564 984 477 444 478 403 773 311 220 465 87 863 395 67 33 293 462 108 894 450 83 431 172 749 40 820 264 760 268 68 2 833 51 479 276 530 883 48 841 102 514 928 966 909 996 999 202 457 107 95 907 190 526 79 940 567 900 203 327 167 271 329 1000 323 809 275 853 691 324 694 794 838 622 760 747 617 758 949 74 866 44 982 56 570 61 996 137 961 199 464 127 470 794 126 794 602 402 647 293 727 340 87 565 962 847 311 0 0
Input75
476 483
605 260 653 470 304 634 526 875 695 522 11 656 721 475 783 191 268 910 985 871 312 632 163 38 972 251 603 934 97 915 512 703 174 165 172 479 800 699 353 494 221 364 149 942 840 933 133 108 843 117 979 154 750 142 193 722 393 797 655 491 711 167 193 886 333 366 365 132 64 718 627 286 82 777 227 923 709 360 30 551 478 9 705 228 152 898 950 546 694 605 36 405 773 229 291 105 595 656 237 660 374 865 947 456 641 174 379 349 534 410 901 12 420 605 241 572 503 190 117 197 795 154 602 568 0 0
Input75
560 529
894 673 980 549 911 639 923 775 585 379 416 759 758 765 293 167 665 306 587 270 547 159 774 738 277 971 533 431 573 100 815 466 773 794 14 684 433 938 459 18 316 875 778 73 640 71 241 305 377 828 576 925 988 349 662 264 319 195 695 893 295 510 358 68 304 373 752 737 311 211 755 627 86 533 701 726 604 942 31 982 770 607 907 757 956 569 21 275 0 0
Input75
478 541
717 167 58 226 526 126 530 900 879 267 210 90 22 838 176 555 538 903 159 480 934 140 250 540 46 7 496 615 28 772 379 745 940 437 972 466 563 502 365 442 769 576 532 791 414 708 346 953 611 505 432 544 645 682 84 692 690 581 307 718 352 686 463 291 122 434 757 686 936 122 128 705 699 660 496 112 368 843 64 979 347 497 523 993 179 608 685 869 188 992 586 540 678 49 832 801 483 589 486 419 711 615 124 409 274 621 522 643 463 586 621 810 83 144 803 262 752 487 130 940 478 717 480 156 767 312 957 249 901 443 669 611 57 794 20 332 414 542 975 877 128 596 687 211 740 489 473 492 976 604 432 454 321 912 610 87 224 567 0 0
Input75
494 551
124 9 6 736 66 800 756 398 214 297 372 91 426 969 778 637 708 266 110 199 242 715 631 697 36 543 307 123 767 874 461 892 883 468 627 949 268 382 346 482 680 719 573 105 687 351 743 395 617 854 595 860 568 226 557 605 770 864 729 537 737 189 428 619 657 54 568 926 437 915 407 117 634 981 223 321 331 966 716 949 0 0
Input75
513 466
311 809 388 538 365 993 307 228 721 844 966 910 272 584 567 327 152 492 764 67 900 881 701 880 104 21 211 69 738 159 890 49 968 277 587 332 269 895 561 990 739 526 900 10 110 467 337 262 959 101 329 859 983 30 739 86 51 950 156 790 108 45 839 76 322 426 409 591 320 970 580 58 496 479 69 606 946 406 869 905 507 198 763 490 228 501 576 280 451 732 69 560 777 909 636 98 334 45 689 655 15 268 714 511 748 783 116 694 189 985 598 697 182 361 186 411 863 762 691 313 493 761 873 269 669 509 368 3 554 56 659 569 325 372 80 73 155 197 767 344 182 365 40 365 727 227 776 589 989 466 903 482 226 776 752 896 284 119 900 839 175 558 408 501 931 488 574 85 0 0
Input75
477 518
341 429 867 706 470 231 432 697 7 21 685 473 925 167 700 700 919 596 984 37 495 822 213 53 230 714 984 718 288 68 403 629 498 269 334 968 501 767 665 508 789 350 982 713 517 682 412 435 278 396 472 774 218 686 827 448 399 810 166 687 879 569 315 377 838 650 344 339 417 8 848 205 358 830 919 876 511 331 310 790 728 783 563 946 468 389 394 868 199 560 554 78 128 870 455 967 520 800 306 937 809 153 142 167 983 61 42 494 392 352 283 119 135 846 65 603 235 459 470 435 18 24 513 147 895 969 113 414 768 420 351 576 573 493 743 556 554 785 49 947 137 333 66 272 0 0
Input75
427 444
131 876 415 591 345 850 610 370 362 757 264 331 871 678 98 290 29 675 864 522 417 419 76 202 469 23 340 803 89 613 982 221 488 396 812 834 245 422 204 608 179 468 940 50 146 37 340 175 712 204 698 129 0 0
Input75
567 456
774 332 92 798 672 895 887 284 877 107 773 273 920 606 519 341 810 126 521 278 65 571 424 103 912 600 816 115 297 945 739 71 276 832 869 949 727 756 232 603 863 5 876 783 611 394 124 421 521 645 700 587 215 123 691 127 724 506 242 20 451 982 92 727 813 961 675 539 716 908 142 579 913 17 362 524 412 486 946 934 131 645 521 347 768 211 474 492 718 716 512 168 697 604 895 510 565 570 48 280 477 190 860 390 208 221 914 621 707 859 554 839 503 75 185 271 286 659 764 4 375 275 172 72 880 67 582 445 637 630 726 114 0 0
Input75
497 540
585 504 28 807 418 650 514 277 203 352 781 278 537 52 565 196 816 569 572 91 742 644 971 809 225 416 446 856 141 560 676 727 64 705 533 483 354 46 760 558 398 541 837 936 593 402 132 408 972 704 499 713 348 470 521 573 886 967 429 27 527 105 754 592 811 286 74 164 332 835 723 731 375 559 666 968 961 799 376 933 502 875 645 850 345 166 423 231 133 853 259 661 958 12 252 768 299 326 933 632 160 655 362 535 214 28 502 175 828 879 107 329 753 753 179 98 919 603 329 52 455 588 713 412 601 965 180 900 290 112 532 450 767 895 986 982 924 488 156 751 366 263 80 119 15 259 217 935 862 547 987 316 135 699 729 736 663 909 636 954 21 168 404 788 62 389 770 986 0 0
Input75
537 551
926 737 243 188 817 362 204 75 580 138 938 127 125 254 262 824 984 999 487 892 635 441 913 803 845 701 866 234 470 851 111 396 588 355 584 404 718 788 480 297 927 417 424 51 672 687 876 655 685 362 547 319 803 459 122 648 160 988 882 631 839 994 26 426 348 611 830 66 399 309 364 325 727 788 377 398 475 252 52 159 615 600 479 418 58 602 65 219 589 948 851 428 941 877 854 289 488 684 356 887 994 720 212 720 507 589 118 983 842 171 142 456 771 621 874 830 222 940 49 812 888 900 239 829 777 93 117 264 778 473 150 771 192 362 491 700 952 609 683 793 780 825 249 551 445 123 380 668 62 429 480 950 329 720 778 105 813 896 369 590 369 520 361 562 883 852 262 834 460 945 627 240 769 876 792 214 999 171 0 0
Input75
471 452
60 601 362 10 930 82 789 35 896 685 404 485 53 924 847 616 806 698 879 640 158 823 266 399 592 141 190 807 139 362 689 200 963 51 211 893 133 0 929 28 685 332 514 739 256 360 355 62 57 233 703 216 55 969 615 648 110 805 454 250 166 142 450 129 194 662 22 327 662 951 355 347 282 870 85 539 229 440 602 287 673 304 503 729 273 118 376 383 923 831 633 88 974 83 218 167 746 240 494 407 190 850 754 473 719 840 12 949 279 614 235 953 919 739 682 191 857 57 575 780 889 207 869 862 291 86 28 36 326 523 444 517 373 198 991 91 37 2 40 317 617 275 269 536 14 951 727 872 8 301 651 898 509 519 759 801 606 788 837 933 311 281 449 684 479 440 776 517 443 816 834 59 91 103 595 105 54 322 978 63 0 0
Input75
496 513
628 961 133 147 720 934 753 508 770 686 819 51 135 503 530 575 278 46 17 93 881 77 184 984 673 290 37 995 267 101 619 896 62 752 42 782 685 796 290 455 481 109 506 616 612 35 191 890 82 208 984 963 286 167 946 959 458 984 953 725 85 571 620 147 322 663 929 7 459 219 462 941 328 968 557 940 2 748 830 84 957 813 47 242 981 994 200 438 977 153 162 62 724 783 209 46 446 138 53 905 357 515 845 685 482 401 625 485 149 454 570 105 266 618 347 246 611 547 685 588 700 847 650 424 630 859 471 75 997 524 981 354 0 0
Input75
551 376
825 38 522 226 663 7 375 117 578 481 383 195 828 630 806 375 314 393 75 161 42 499 791 902 970 867 0 0
Input75
508 483
494 847 252 534 672 291 55 899 954 63 274 70 641 755 454 836 583 83 642 958 398 34 32 559 77 532 350 979 502 216 877 996 63 129 530 735 420 586 634 374 649 908 445 289 663 899 125 245 983 767 203 380 802 235 939 880 768 289 858 269 505 735 265 568 865 795 303 284 380 938 658 28 845 102 318 508 0 444 753 984 210 956 363 12 191 302 892 959 591 749 228 96 484 493 665 348 288 969 633 668 906 290 697 751 392 15 258 393 459 11 377 670 967 740 682 158 42 573 117 634 322 345 730 806 839 394 154 126 362 787 795 268 77 492 18 470 507 277 864 966 288 240 635 255 981 317 413 22 890 530 657 211 876 387 16 714 782 171 840 144 959 634 412 35 125 430 506 633 707 369 599 996 609 234 250 589 551 663 612 440 193 269 0 0
Input75
467 533
68 656 668 782 437 840 621 581 798 255 993 834 381 423 339 14 130 709 613 125 318 847 375 907 398 38 519 838 231 788 489 299 444 156 81 881 997 703 461 795 958 454 628 339 878 968 353 7 677 967 133 995 814 508 902 211 547 420 49 778 208 539 77 652 695 158 533 692 861 995 486 819 449 114 158 326 81 512 334 758 478 467 753 292 976 654 503 522 73 553 300 282 91 377 935 787 536 467 478 397 462 964 215 911 78 374 236 159 886 570 918 363 37 670 655 12 324 158 534 397 712 834 680 803 211 614 590 748 81 67 144 544 31 360 454 109 734 691 0 0
Input75
594 483
619 261 187 983 298 858 637 311 181 796 846 579 507 679 258 310 891 873 900 638 955 967 783 498 999 142 953 108 876 644 378 495 905 565 477 203 423 114 515 604 910 360 183 417 39 442 727 930 314 626 568 269 593 350 768 591 493 720 699 368 363 76 864 268 642 340 472 64 0 0
Input75
623 435
987 669 363 346 852 780 385 294 506 315 608 132 884 878 725 234 645 315 727 364 14 95 728 91 959 997 734 298 468 798 753 455 467 115 802 319 896 187 613 402 503 221 534 386 98 258 620 744 574 347 107 588 443 836 680 401 832 413 700 300 211 453 756 678 568 557 998 464 745 610 866 247 832 400 633 930 658 253 674 232 601 782 821 43 617 500 445 449 913 145 750 124 598 506 803 166 63 800 630 808 410 496 0 0
Input75
464 612
241 896 688 171 554 942 845 786 542 626 606 586 242 106 30 692 19 176 442 143 774 948 946 940 10 746 570 818 0 0
Input75
414 514
65 873 396 962 561 567 516 502 411 302 44 37 909 631 279 14 662 972 34 838 413 177 612 360 123 552 370 869 121 188 23 187 61 420 149 622 987 665 124 398 968 169 435 876 800 715 891 462 0 0
Input75
622 491
925 299 99 102 911 460 226 463 830 95 584 18 118 772 79 538 921 702 525 586 826 923 553 995 358 428 795 72 319 256 759 244 556 858 346 467 317 572 930 147 668 513 166 786 284 246 324 205 948 850 791 773 772 343 768 130 772 562 202 91 819 962 335 374 819 681 841 136 253 770 284 921 283 451 707 568 697 31 773 644 881 564 417 653 908 184 783 679 747 986 771 565 947 105 940 766 786 780 902 39 550 186 961 834 637 667 402 333 699 174 978 579 739 394 232 646 578 14 325 324 1000 95 890 946 200 829 711 987 609 613 26 159 800 987 993 436 654 394 770 352 569 747 932 307 0 0
Input75
475 477
163 954 718 178 278 42 177 374 933 123 575 761 835 561 370 448 587 529 247 574 522 684 227 917 453 579 485 199 511 793 340 674 746 58 852 24 101 29 399 33 153 974 795 989 0 0
Input75
433 514
164 436 121 694 683 695 215 366 923 131 820 502 617 18 12 409 359 686 155 417 538 180 518 568 579 551 722 553 345 710 87 510 145 209 203 829 904 419 195 827 551 14 328 167 33 340 577 392 26 732 809 565 913 327 132 492 878 855 44 223 564 131 734 709 340 938 538 244 356 733 70 908 748 398 74 781 739 651 173 765 383 982 329 295 309 462 788 186 316 832 410 881 963 144 590 303 81 127 548 438 861 618 345 608 16 419 389 755 70 562 520 453 544 850 749 853 0 0
Input75
405 538
536 39 628 368 449 508 331 594 98 634 675 225 181 112 85 800 457 694 817 877 82 571 947 644 90 400 188 940 148 40 251 685 79 880 52 529 388 384 122 486 17 797 712 199 910 798 1000 367 491 816 243 574 386 189 217 477 589 406 417 738 446 669 423 525 548 476 54 937 860 177 422 878 975 133 76 884 0 0
Input75
463 510
76 250 422 892 493 996 278 683 213 755 272 619 172 10 64 841 433 590 389 910 645 325 769 822 747 647 796 881 724 680 812 800 931 233 691 424 229 969 106 443 724 378 61 896 389 126 736 822 717 124 732 362 449 501 183 196 147 980 76 871 660 889 670 590 121 360 13 351 329 119 794 52 498 856 948 887 982 684 709 699 808 441 60 257 942 244 454 88 223 531 959 883 419 629 473 541 989 486 892 318 606 686 370 103 541 318 991 522 1 700 220 810 140 281 67 81 525 521 170 749 51 129 631 471 758 103 11 746 590 904 64 195 589 434 299 129 753 290 652 754 990 873 564 130 153 631 212 678 151 382 426 203 511 57 674 268 161 686 14 752 589 78 947 177 513 246 306 265 536 959 19 525 831 583 656 984 213 868 662 365 250 88 569 761 145 242 29 307 0 0
Input75
535 546
44 58 517 123 4 694 637 250 0 902 787 959 921 311 789 504 968 773 718 835 434 82 85 523 652 846 668 895 876 976 823 921 33 339 43 38 33 680 289 34 582 75 993 503 387 782 6 354 555 724 189 990 807 274 512 458 120 180 353 997 155 175 917 188 514 960 227 548 640 516 582 221 592 575 724 979 356 731 333 912 455 523 901 261 797 413 720 918 593 72 915 748 247 831 937 762 791 164 310 430 681 892 652 272 466 376 251 823 107 584 734 562 106 635 823 904 48 543 822 641 616 736 389 864 566 326 625 357 490 935 788 171 827 440 443 292 816 694 115 923 278 850 484 385 485 307 288 533 851 110 173 466 846 563 329 412 890 955 770 380 890 557 551 716 997 994 8 813 688 123 735 966 974 219 350 458 527 639 991 377 749 164 844 595 727 172 6 616 0 0
Input75
558 412
776 996 16 333 546 733 329 540 741 141 227 865 877 192 839 96 542 296 623 180 286 0 930 450 844 524 177 16 531 794 143 307 790 160 640 335 893 970 876 634 110 102 0 0
Input75
513 436
988 295 337 84 837 634 708 17 921 708 948 371 552 471 548 569 2 342 713 309 131 873 949 467 766 918 342 400 28 445 900 16 740 237 100 576 871 808 594 791 516 542 161 68 12 710 637 14 51 350 324 182 223 272 650 989 189 992 389 218 436 289 234 175 526 334 752 396 141 346 187 658 888 349 726 901 58 362 916 109 712 239 292 935 512 942 924 701 934 313 920 369 602 153 545 127 487 297 524 629 643 712 286 531 60 11 431 118 374 347 0 0
Input75
518 552
86 587 520 20 98 462 945 800 395 257 719 765 860 872 309 987 359 606 511 989 249 222 275 780 282 286 211 400 661 558 629 747 144 148 768 243 611 712 42 5 970 761 770 829 633 79 816 993 685 327 981 935 549 255 714 832 542 925 232 202 0 0
Input75
502 501
861 949 628 9 717 871 620 428 914 625 398 674 395 226 307 474 42 299 158 369 279 92 919 535 807 750 76 732 982 279 215 842 228 843 851 945 714 470 373 627 95 771 301 490 998 608 964 40 908 122 409 187 215 327 722 21 76 799 754 58 78 969 900 306 812 751 251 525 220 624 152 316 395 454 806 392 62 770 432 970 892 842 156 106 169 879 128 246 678 883 304 756 851 204 61 663 955 313 188 175 937 340 491 332 795 297 0 0
Input75
532 514
857 66 157 827 958 999 984 64 167 862 193 414 539 75 718 295 927 922 357 589 877 670 777 51 607 117 543 939 913 840 663 769 906 820 595 864 819 579 928 987 440 121 400 980 197 117 274 123 39 631 713 916 300 490 968 908 608 510 846 520 349 509 289 254 329 885 117 147 463 45 134 903 166 534 883 363 652 156 487 691 788 199 607 88 690 574 996 297 83 841 818 433 350 106 688 679 991 806 826 453 851 960 356 17 494 238 381 145 395 868 837 182 67 443 270 757 17 265 54 101 106 872 534 456 978 221 134 968 27 961 421 878 921 777 896 414 14 276 560 409 144 397 591 211 841 862 969 858 126 22 0 0
Input75
510 488
232 895 493 688 873 715 823 841 742 783 261 620 704 37 516 117 52 792 678 461 936 74 52 147 915 914 115 773 40 138 732 273 33 225 962 906 940 784 746 682 567 6 302 270 44 818 388 96 609 66 558 545 140 610 692 55 524 807 829 565 946 560 838 979 785 799 884 725 583 630 406 149 636 708 420 681 525 808 777 134 874 334 679 14 945 371 70 469 177 899 33 122 458 872 101 243 671 985 968 253 614 374 403 250 82 823 931 608 631 708 743 505 42 421 520 988 792 590 456 970 489 490 92 947 361 193 190 31 178 158 284 793 533 688 43 615 510 975 223 141 682 966 646 725 387 166 712 179 756 167 148 244 657 241 191 17 435 382 49 614 540 334 406 72 21 450 688 532 424 911 673 106 876 319 831 262 485 542 441 241 709 590 485 366 832 677 384 266 58 433 880 599 768 286 0 0
Input75
486 469
789 736 360 320 159 270 994 265 146 313 96 409 798 638 851 38 347 440 524 713 271 201 96 538 260 530 418 860 297 705 531 86 440 891 407 600 161 401 866 307 714 962 716 512 600 566 551 947 6 74 660 278 276 756 816 537 286 234 396 584 939 927 671 379 818 77 979 980 478 845 286 192 807 2 704 406 569 254 352 576 329 11 854 605 768 670 141 54 905 537 639 843 464 309 221 282 386 200 261 865 44 548 56 851 550 761 257 119 14 610 695 343 621 549 949 389 219 90 444 123 628 82 966 91 391 187 374 778 387 635 643 431 183 700 282 734 460 540 853 474 149 548 0 0
Input75
527 517
771 97 766 159 316 856 604 439 483 686 405 575 77 592 950 855 980 584 498 411 768 197 693 501 657 233 354 131 382 902 949 152 1000 714 312 315 570 916 755 53 601 160 628 679 753 577 534 732 161 31 142 929 228 836 430 886 68 784 16 451 686 965 603 685 679 915 0 249 830 756 302 431 917 931 110 669 508 644 401 669 675 544 598 904 379 28 789 448 812 806 899 498 770 502 183 449 416 183 698 246 940 1000 678 856 931 789 525 438 432 926 106 107 470 705 10 849 733 800 297 545 605 196 42 375 698 225 825 114 409 522 361 349 522 39 205 453 828 730 891 259 656 998 367 125 702 377 975 435 177 272 980 783 469 22 158 167 248 983 281 658 505 643 6 27 682 212 480 509 0 0
Input75
542 540
370 769 598 367 135 724 69 513 699 504 691 972 484 473 440 507 631 607 756 613 889 413 118 531 420 145 213 632 626 722 574 996 491 172 363 626 896 432 139 595 937 830 566 420 302 6 928 934 613 683 547 502 95 665 32 516 811 245 147 436 968 721 432 458 893 795 84 789 226 224 383 163 53 950 584 356 956 511 290 569 194 837 70 289 502 103 805 312 348 953 749 316 673 180 774 566 976 859 354 202 83 738 365 136 688 949 493 643 460 784 212 654 620 282 944 122 385 748 435 734 701 183 49 373 363 824 940 339 683 294 541 766 31 906 903 719 854 396 362 313 179 574 968 800 857 911 922 242 659 356 977 359 540 26 733 904 850 672 242 533 966 783 298 998 688 201 716 542 597 78 856 777 653 823 576 510 733 497 752 391 854 728 750 393 755 482 296 605 154 538 0 0
#