Input15
468 497
222 813 198 444 297 953 193 67 875 125 654 654 423 273 294 240 573 657 812 304 786 441 667 225 562 441 37 350 423 99 297 645 913 496 88 209 449 281 277 324 407 931 978 830 204 272 70 777 929 882 81 715 322 748 940 885 188 978 234 611 77 532 256 991 27 345 199 477 627 476 801 33 407 778 864 611 50 934 387 980 815 468 694 137 216 634 21 404 612 256 15 689 788 272 679 816 617 879 293 243 355 93 277 762 872 140 372 922 74 760 901 890 227 595 26 444 228 47 848 840 304 864 529 91 135 208 908 752 86 200 996 441 294 272 202 165 412 575 87 487 334 989 376 562 583 403 5 811 450 854 651 754 717 180 846 853 388 754 605 475 955 600 916 249 872 118 414 284 694 501 772 27 489 147 590 72 550 595 884 0 448 534 755 165 714 601 18 102 355 623 577 310 0 0
Input15
574 493
493 559 94 612 974 379 305 474 150 333 964 298 923 35 849 517 919 850 966 453 604 130 167 205 148 269 560 772 847 871 995 339 429 89 952 402 469 256 877 619 590 841 918 512 876 766 29 795 615 995 247 219 125 415 424 274 685 985 45 531 0 0
Input15
497 529
39 871 284 129 823 687 598 78 564 217 669 404 134 180 280 901 209 75 515 204 323 735 329 738 158 603 422 143 649 954 999 689 825 283 818 647 970 416 726 534 633 394 938 768 574 218 668 784 293 183 988 616 918 317 353 76 921 776 219 570 729 218 258 554 501 76 200 471 492 926 4 124 320 943 893 894 160 560 678 453 743 666 69 661 984 422 737 904 198 957 473 928 175 732 481 676 808 682 147 299 607 152 424 928 95 316 821 255 877 499 709 619 165 778 279 148 200 16 52 398 974 525 325 148 257 807 825 64 488 972 364 95 124 788 22 219 104 844 475 981 342 184 599 507 962 879 656 162 896 708 561 869 233 886 16 490 693 841 554 180 813 918 275 938 706 297 156 810 141 632 790 484 816 389 0 0
Input15
550 466
778 268 646 940 163 354 500 32 587 386 49 76 78 891 631 259 703 548 534 641 254 832 797 63 973 429 853 456 244 242 447 21 510 93 962 674 447 461 706 34 847 755 110 926 645 741 184 348 289 719 989 543 550 786 607 523 214 459 980 459 701 427 481 211 521 442 885 969 903 591 2 750 346 113 675 991 855 860 339 144 578 328 687 128 114 294 652 329 753 631 788 454 58 268 666 579 710 550 547 613 141 550 362 487 663 37 478 518 898 817 662 475 145 349 603 259 643 254 588 395 886 376 850 944 645 516 523 355 66 70 968 207 620 330 694 283 368 172 801 265 990 462 740 134 811 343 394 453 598 983 849 484 359 699 427 3 214 951 358 280 20 326 487 640 657 181 923 24 353 724 290 342 185 30 477 997 374 871 449 972 854 298 455 212 997 883 215 211 833 574 491 853 901 979 493 557 160 416 582 514 0 0
Input15
557 455
873 857 325 903 333 321 276 204 771 248 57 68 704 269 65 586 485 277 419 58 768 272 960 747 765 517 907 181 98 421 320 972 277 646 874 610 968 150 815 738 398 873 807 101 0 0
Input15
532 546
873 688 627 149 106 686 918 378 645 664 143 161 571 324 260 992 645 231 269 290 104 880 257 255 694 996 654 566 803 755 708 675 443 334 824 549 19 742 928 664 405 70 826 977 0 0
Input15
499 444
85 969 39 317 237 330 422 116 587 677 811 583 330 376 385 85 83 59 528 418 884 77 437 625 5 101 30 75 928 6 471 12 976 510 330 212 840 752 328 427 428 138 10 759 515 395 844 599 455 372 16 339 450 454 965 455 556 995 531 483 1 1 496 977 512 826 189 352 578 518 780 6 657 790 765 171 185 609 771 640 981 788 979 430 242 943 886 798 938 416 0 0
Input15
506 488
940 418 778 916 930 604 105 281 181 623 60 187 279 851 953 451 35 561 221 675 542 9 654 972 251 597 858 49 535 273 331 474 691 108 390 621 713 495 902 895 118 963 81 397 813 34 849 849 595 70 523 136 79 177 108 330 774 966 380 309 239 711 783 931 820 172 551 532 668 453 0 0
Input15
463 490
786 416 508 182 229 542 31 77 136 101 601 273 180 778 381 511 552 347 891 861 587 602 644 517 421 816 68 954 484 521 380 269 938 888 452 166 430 483 244 567 584 845 840 764 623 221 275 174 568 166 35 154 768 679 672 189 495 740 142 979 261 522 247 198 410 700 365 840 182 609 406 766 454 245 530 76 467 805 251 34 972 287 189 739 967 861 929 461 601 70 440 862 593 688 60 3 0 0
Input15
463 505
425 843 569 34 249 335 489 495 865 566 962 670 818 997 641 104 186 380 70 47 308 532 648 379 973 509 973 660 569 976 46 995 819 615 28 68 951 518 563 816 83 525 486 901 522 126 5 708 507 75 755 815 608 402 194 580 912 166 239 481 142 286 475 962 902 504 29 852 21 593 667 104 117 152 5 639 279 10 347 787 86 101 602 694 504 796 274 415 963 514 0 0
Input15
503 523
104 801 371 65 702 875 95 554 896 688 220 0 805 373 5 444 653 15 791 439 102 893 40 797 396 837 70 812 799 585 707 904 385 77 970 86 953 64 641 849 752 861 849 557 234 855 0 888 871 792 327 973 684 367 769 80 204 840 892 2 424 599 906 810 677 875 897 629 940 537 477 691 398 326 247 633 181 248 520 51 39 847 24 724 214 794 804 418 633 696 420 57 295 326 867 972 201 764 601 140 300 78 832 698 405 78 330 586 326 851 638 366 697 662 90 912 455 894 329 88 590 750 145 885 76 12 857 277 776 458 418 75 536 249 774 941 328 103 527 655 955 164 21 651 826 111 562 280 5 892 368 595 641 514 480 718 526 336 996 301 794 413 377 330 663 150 271 991 254 798 646 208 962 667 860 787 778 422 67 783 313 436 0 0
Input15
550 459
955 950 858 672 476 194 667 778 989 80 154 318 743 305 589 734 560 387 379 769 348 45 628 134 823 50 202 606 364 638 984 318 588 841 991 63 35 658 841 23 738 996 342 481 300 932 215 861 318 594 629 666 640 256 801 462 306 2 67 670 641 51 989 228 892 980 292 928 637 132 951 375 128 292 857 429 223 71 289 542 665 918 207 304 174 7 767 480 0 0
Input15
557 503
835 150 651 886 139 880 778 118 171 705 756 303 656 130 431 948 987 861 171 58 0 0
Input15
499 536
713 723 66 921 27 240 929 795 721 939 629 872 590 515 10 469 293 129 640 998 885 944 653 15 374 601 2 235 772 60 384 485 784 450 406 812 691 334 606 411 272 235 282 863 750 293 0 0
Input15
534 469
42 422 971 40 306 914 694 321 288 294 323 523 66 384 907 552 167 357 958 979 47 291 585 459 564 820 741 426 570 33 758 613 455 728 654 762 642 347 83 930 641 407 453 707 791 360 258 959 717 215 938 765 507 522 223 70 342 965 497 913 998 254 526 453 983 179 215 624 526 298 554 167 706 6 875 496 367 133 455 84 0 0
#