Input43
521 443
875 949 910 911 622 309 777 800 81 510 348 807 182 232 102 700 62 56 643 948 441 360 505 110 602 426 673 139 230 36 715 104 986 625 14 608 934 792 407 15 301 756 823 484 988 925 184 49 981 827 997 422 187 502 532 789 928 204 929 157 241 643 261 226 268 276 834 201 67 240 216 369 997 38 854 984 964 37 33 944 864 29 365 50 532 898 840 459 101 768 616 342 411 878 569 680 154 402 881 221 643 97 591 639 136 444 623 99 481 656 43 345 686 409 396 217 306 235 677 407 3 293 750 415 0 0
Input43
433 430
318 94 324 721 976 546 363 72 137 2 209 582 626 308 62 281 352 408 968 761 804 185 66 39 862 474 42 155 223 458 325 542 552 650 262 527 196 625 600 333 628 809 916 253 117 978 535 469 386 502 0 0
Input43
440 482
189 688 295 229 550 769 272 705 993 730 30 534 282 680 796 810 877 421 409 210 49 218 125 302 335 103 838 804 489 340 33 679 27 329 908 577 98 179 282 90 910 312 625 191 993 421 0 869 843 410 78 892 628 203 194 963 306 31 767 795 0 0
Input43
479 460
801 474 399 129 381 977 228 561 258 319 470 571 944 662 563 365 663 432 207 72 510 98 700 713 293 663 19 325 430 815 696 231 288 95 360 670 71 589 230 330 908 701 901 852 362 464 216 24 896 423 97 405 522 797 118 815 460 138 139 891 953 836 121 241 931 482 911 2 70 140 333 978 842 233 829 203 698 44 228 593 468 325 999 990 122 117 0 0
Input43
477 549
582 256 945 473 208 780 594 450 711 75 360 714 145 501 46 122 342 280 952 546 978 997 775 571 464 99 570 453 222 688 257 805 944 202 277 152 982 871 602 693 946 963 407 91 463 453 214 806 734 165 352 712 161 126 283 625 226 853 78 448 541 336 252 484 538 529 637 520 400 239 213 345 201 620 436 665 73 651 470 807 816 823 518 978 949 801 603 174 654 681 622 194 17 875 679 555 403 316 75 803 555 288 148 757 909 585 421 982 235 892 788 51 714 306 28 662 106 631 837 761 311 458 955 328 332 634 884 736 950 959 539 505 247 687 261 155 272 682 136 507 573 925 558 287 230 587 950 337 217 786 97 529 243 52 857 576 687 741 312 636 699 851 140 947 538 401 0 0
Input43
602 490
811 83 237 318 657 161 877 944 392 463 893 729 680 678 827 208 922 879 65 498 565 806 811 201 505 662 342 451 200 744 552 10 827 790 328 484 952 204 0 0
Input43
492 533
343 667 320 72 347 999 899 556 921 778 621 419 342 427 229 544 932 891 887 383 90 630 936 101 457 725 429 941 677 634 368 20 301 689 92 648 688 991 203 609 768 825 27 110 251 257 655 183 147 541 566 238 170 501 340 628 226 769 568 904 403 937 924 704 626 15 352 313 5 556 922 774 380 950 884 632 206 538 815 354 79 381 592 249 883 933 877 108 702 445 11 104 382 935 809 7 0 0
Input43
440 469
161 321 957 717 243 730 97 192 614 729 399 152 544 753 231 925 345 480 807 277 357 916 979 803 928 82 185 863 892 192 813 52 514 769 769 758 498 867 951 111 595 349 263 139 101 494 63 447 975 871 724 332 786 702 135 713 785 320 575 676 513 388 729 26 156 497 785 654 364 735 766 960 83 29 98 185 524 161 632 499 32 356 831 818 57 967 531 843 286 106 519 799 494 247 826 650 745 610 304 108 345 70 67 429 99 165 614 624 327 246 122 359 603 954 177 660 920 709 503 205 815 21 4 308 269 830 959 13 440 263 122 785 333 189 213 432 355 827 55 682 73 178 41 676 131 219 336 50 928 840 256 742 861 260 50 130 90 9 143 530 272 265 314 605 455 527 37 810 354 93 492 428 271 533 103 402 752 440 453 680 279 710 421 140 970 472 270 59 481 414 590 753 0 0
Input43
534 501
904 357 134 431 394 945 785 488 436 212 759 970 316 161 722 757 614 401 36 323 823 177 293 294 448 353 775 862 943 528 542 847 885 677 277 279 621 61 767 57 274 526 26 591 687 749 348 301 149 384 624 973 562 918 266 9 271 41 872 213 569 414 59 454 90 337 733 711 399 500 768 673 25 795 264 712 543 613 12 693 998 637 665 559 555 932 568 826 973 440 38 541 854 98 995 944 435 728 655 834 227 423 507 253 217 772 965 761 384 978 454 381 614 118 940 168 50 508 994 22 949 32 564 802 131 559 746 566 286 400 400 514 823 908 767 40 679 731 802 62 709 255 0 0
Input43
490 555
322 374 383 491 424 892 485 446 840 517 10 642 649 569 387 214 856 787 615 369 610 522 135 651 200 867 452 263 575 708 707 898 81 90 389 505 982 874 952 821 391 962 462 39 531 850 254 386 637 869 755 247 391 891 898 591 758 350 855 333 57 561 230 138 651 620 644 633 493 595 454 885 557 916 924 88 766 177 474 402 46 229 649 437 120 547 28 878 897 884 210 954 444 441 92 95 60 736 728 554 0 0
Input43
509 552
181 438 888 97 361 976 864 539 450 265 586 680 915 23 800 461 52 677 357 936 888 311 380 329 403 475 389 138 203 943 469 385 381 357 483 742 332 346 281 783 611 867 462 525 890 261 987 942 939 343 878 827 655 257 155 57 732 544 195 936 487 665 320 868 21 804 610 353 149 891 136 760 758 598 285 648 860 272 589 798 0 0
Input43
484 538
467 625 269 724 780 327 456 324 522 391 811 186 712 679 207 515 288 561 664 179 698 424 938 295 710 585 155 982 174 954 597 641 578 867 364 357 193 820 681 716 211 492 903 923 170 110 438 459 671 101 639 369 526 576 664 236 161 820 217 335 773 814 976 350 681 340 708 874 160 388 589 371 880 491 294 50 601 732 509 272 834 148 641 360 724 305 596 885 125 814 220 898 628 196 248 308 536 956 181 697 343 771 68 223 262 362 273 863 94 783 135 929 931 777 288 655 82 885 540 207 698 760 105 325 957 353 633 492 309 815 0 0
Input43
547 586
652 585 257 876 847 619 148 710 714 932 846 642 862 623 931 517 706 816 56 913 513 817 18 839 773 372 472 265 681 286 454 333 872 711 208 719 330 357 429 43 288 275 686 150 898 617 667 603 432 723 516 946 540 535 0 0
Input43
542 517
312 907 256 577 588 543 31 921 415 742 129 133 72 487 563 116 776 838 802 926 736 419 593 338 852 316 855 797 856 389 582 167 296 838 745 884 381 776 804 796 518 934 930 590 420 493 707 195 330 508 121 65 928 714 404 779 29 259 576 886 648 157 53 944 996 798 827 376 574 631 172 92 564 101 683 985 594 389 180 925 898 302 991 825 15 395 604 45 654 179 932 302 337 985 245 332 783 72 708 357 704 881 449 267 982 131 252 576 520 433 501 418 735 491 242 751 886 846 797 540 25 728 842 362 713 87 695 495 159 403 852 863 283 301 130 264 432 383 841 953 816 341 370 551 833 613 301 719 459 97 258 484 826 100 847 538 187 541 33 346 944 886 0 0
Input43
457 502
226 186 340 491 619 723 332 572 538 674 943 88 506 555 390 225 14 488 484 498 314 584 345 852 771 887 886 117 830 771 327 56 958 667 548 576 389 881 148 928 554 90 16 60 645 406 285 659 895 770 157 208 353 503 60 124 389 946 0 0
Input43
562 438
219 717 569 276 674 235 825 250 624 705 399 552 259 489 568 319 134 975 605 794 870 374 952 77 728 454 138 852 844 83 93 63 801 663 340 475 898 164 726 522 870 124 74 128 613 642 448 748 617 52 541 486 427 492 564 154 947 702 6 790 786 100 854 587 0 0
Input43
488 512
193 61 661 357 788 182 227 912 256 355 525 899 803 272 516 856 813 2 283 305 567 438 251 269 444 41 54 545 896 642 308 88 703 969 446 490 151 673 402 408 28 927 307 831 199 823 687 12 826 970 317 392 407 569 661 852 611 716 397 506 357 705 595 60 673 40 550 825 714 953 232 742 880 540 573 78 362 259 90 187 229 408 580 637 977 240 489 588 956 886 93 312 590 688 372 263 729 923 88 442 876 320 184 755 860 757 834 222 16 925 410 246 332 990 883 309 229 371 897 185 256 991 498 847 679 871 109 407 794 198 850 669 519 33 424 379 791 257 601 807 181 11 52 514 0 936 823 230 306 720 415 563 711 914 409 389 784 519 0 0
Input43
460 519
577 717 647 246 235 681 670 614 471 927 215 278 108 226 331 622 226 266 445 457 573 164 873 135 876 786 545 264 570 63 61 147 781 709 393 15 389 63 630 860 991 845 138 98 71 469 721 297 736 165 755 308 330 627 444 205 412 989 470 983 52 532 129 834 240 523 850 629 586 479 489 576 324 628 675 395 97 396 693 833 561 447 141 892 73 586 97 486 575 568 469 627 99 598 460 340 121 309 970 707 789 459 283 113 86 959 508 183 354 201 15 916 649 157 807 723 743 905 209 317 472 678 945 572 275 405 912 397 715 882 103 503 340 387 617 426 345 124 609 699 326 625 615 975 783 421 697 525 325 906 843 798 584 787 369 860 191 281 256 906 162 360 409 502 0 0
Input43
491 527
25 929 92 150 538 792 477 162 406 451 945 827 148 470 152 54 312 950 639 99 319 498 290 600 754 196 762 113 606 264 860 632 193 952 782 731 743 259 893 149 711 838 976 860 308 128 914 620 77 552 719 396 50 9 997 804 206 759 918 812 23 777 444 216 729 225 947 472 485 840 621 195 677 597 54 985 725 969 605 803 521 323 199 571 333 195 374 539 955 291 351 978 68 795 193 798 20 139 270 505 979 892 701 656 488 755 640 213 724 244 16 244 568 216 815 902 411 189 441 366 481 793 343 550 587 536 348 608 675 618 113 654 509 814 309 998 569 949 211 292 193 228 537 762 444 351 664 856 541 104 221 22 897 564 0 0
Input43
484 516
484 99 920 91 775 538 205 428 47 18 737 45 588 686 256 880 880 484 416 641 928 768 304 784 309 409 4 331 306 568 903 790 667 823 881 442 360 85 870 407 104 607 452 692 292 709 572 171 193 989 813 121 757 117 905 65 526 909 397 832 476 300 621 143 122 502 585 483 588 455 891 693 61 343 385 353 51 958 525 245 946 337 366 703 454 271 769 981 179 165 812 656 465 433 799 588 936 384 70 524 840 962 217 901 304 602 254 356 559 779 601 505 115 968 208 570 238 977 550 417 142 362 73 607 0 0
Input43
481 494
873 195 731 256 265 255 95 227 473 997 531 74 250 887 634 28 487 139 144 454 347 714 692 324 263 109 466 626 182 73 421 54 268 152 311 534 407 407 761 880 403 291 955 654 178 589 682 665 728 827 119 75 540 812 400 804 921 866 429 103 939 851 158 207 2 469 741 410 876 502 290 279 793 244 933 971 834 615 636 562 441 756 638 982 567 37 785 488 903 214 591 842 64 749 48 66 218 790 477 93 291 767 373 84 11 306 55 845 921 692 406 362 447 44 343 13 81 128 501 985 343 92 826 408 841 875 475 58 665 952 152 956 718 526 40 729 832 96 574 752 788 981 113 234 24 457 247 105 586 749 89 929 841 916 336 681 791 811 740 455 763 893 411 480 0 0
Input43
566 470
451 209 249 547 784 1 334 764 115 569 789 572 816 895 158 564 985 86 405 900 423 85 690 234 826 144 997 718 555 477 135 6 687 385 554 470 386 888 234 501 456 22 73 272 918 231 837 902 318 241 801 742 327 491 976 152 636 973 871 191 449 6 198 136 391 752 606 778 640 841 279 95 864 352 368 781 584 205 682 902 446 483 643 773 975 619 926 610 591 797 802 40 803 1000 176 194 0 0
Input43
482 421
783 972 390 624 250 486 487 603 855 267 186 59 950 88 505 432 732 278 407 351 204 16 943 0 819 983 804 818 159 998 569 943 970 960 566 219 445 52 823 299 319 8 359 269 97 865 701 829 143 107 180 347 124 122 348 944 104 152 762 264 149 330 206 118 289 772 338 735 825 160 33 144 169 393 413 266 257 114 95 400 222 275 748 347 397 96 290 502 248 51 767 397 381 973 516 671 745 854 405 569 14 439 713 183 832 126 449 88 240 545 489 462 821 236 810 218 332 99 720 580 151 486 978 533 459 493 203 204 347 608 773 361 47 486 544 879 613 994 968 853 539 456 315 359 693 125 577 24 224 297 605 375 784 582 908 243 0 0
Input43
496 443
111 447 422 719 220 783 767 707 326 645 319 320 613 172 859 68 488 217 761 613 795 786 837 91 390 212 875 973 120 117 47 231 0 0
Input43
578 527
469 951 785 251 717 491 578 362 810 898 975 982 756 43 469 973 805 82 767 590 919 859 981 131 734 953 251 852 0 483 416 469 433 200 720 150 692 298 512 501 195 486 483 951 529 953 924 333 34 691 924 954 550 905 85 283 857 336 134 858 819 551 326 252 751 46 402 443 344 914 944 539 400 427 490 930 380 414 263 415 104 186 368 654 90 454 938 948 790 71 805 609 623 131 862 374 177 263 817 522 177 761 60 577 187 551 506 567 965 770 983 69 956 350 723 46 804 661 995 594 733 800 0 0
Input43
485 462
355 931 64 729 108 328 545 630 505 305 691 81 493 241 588 60 205 357 42 274 313 393 998 360 196 658 355 791 391 154 995 746 85 58 474 193 386 19 824 892 324 514 973 818 755 561 878 961 919 920 234 232 312 232 593 509 0 0
Input43
500 516
948 300 281 102 294 26 187 353 501 381 739 520 204 631 845 718 604 662 473 164 539 433 83 459 668 316 771 900 909 280 791 856 580 71 959 874 98 146 226 599 527 966 119 732 597 964 450 200 625 923 365 164 356 448 623 24 764 394 924 672 675 715 528 254 786 487 128 885 633 355 483 160 321 602 892 918 565 341 117 190 264 482 355 621 931 979 645 694 373 569 366 47 283 895 301 69 381 430 954 13 785 437 174 105 38 65 23 604 407 140 795 672 623 150 292 553 128 938 247 501 506 614 549 790 509 850 859 890 280 813 904 64 249 77 170 287 143 193 892 550 334 686 222 958 836 514 511 965 451 758 466 958 372 14 747 881 865 606 771 144 418 674 208 667 752 379 955 895 573 846 445 907 532 667 865 368 181 375 332 632 133 798 0 0
Input43
513 522
505 813 336 386 677 943 156 821 360 830 29 26 582 409 982 476 982 827 922 889 358 588 753 726 769 127 58 401 260 856 991 766 669 327 151 345 269 307 166 630 137 195 657 720 605 638 195 586 464 116 474 823 705 227 549 473 354 607 874 615 463 865 381 131 192 532 477 461 840 643 91 978 839 748 697 443 385 893 28 850 9 503 673 714 730 221 187 84 829 60 700 291 926 80 423 117 613 900 579 453 542 670 430 381 417 127 824 803 20 853 652 29 355 325 744 85 546 931 169 374 992 869 666 917 950 88 0 0
Input43
473 442
562 989 613 14 531 282 445 912 700 573 735 502 593 587 154 623 943 479 366 27 25 297 197 399 288 66 0 0
Input43
482 483
205 15 154 239 577 142 852 592 673 133 37 585 834 610 319 336 202 907 490 826 850 970 191 877 996 488 74 394 776 140 0 0
Input43
471 439
982 155 614 220 733 757 71 325 430 205 362 14 38 973 334 374 175 240 865 0 89 835 191 967 830 680 41 224 456 181 684 437 337 298 657 70 54 729 396 485 934 758 499 973 731 833 347 906 73 212 906 163 46 97 130 877 778 171 101 233 353 786 671 690 83 328 761 138 56 156 623 990 915 122 963 645 956 309 550 28 521 456 192 568 554 323 445 331 494 546 565 848 331 236 538 415 564 298 554 620 454 176 0 0
Input43
516 570
369 299 572 13 254 881 564 283 402 19 476 971 574 799 415 906 293 961 470 140 291 707 678 707 270 976 260 891 430 437 500 799 736 72 812 990 954 376 273 355 396 749 325 970 547 740 875 840 701 345 980 993 51 658 699 321 633 959 212 63 395 712 862 130 785 674 120 738 49 393 93 446 141 419 415 689 159 290 528 860 635 508 852 687 165 551 8 799 509 220 862 905 933 724 35 717 398 156 454 447 549 548 893 691 967 308 380 126 598 908 986 233 416 838 920 581 388 928 379 898 147 241 803 79 965 838 796 362 994 250 0 0
Input43
520 500
543 799 703 234 765 11 614 892 609 522 878 842 938 715 762 519 103 689 899 1 836 139 804 916 104 642 712 467 635 962 276 178 760 980 412 525 991 26 417 600 548 294 442 485 9 203 3 113 892 903 114 728 41 919 643 145 560 354 613 195 316 890 373 75 869 786 601 860 812 17 459 359 311 901 845 321 103 849 434 996 751 548 723 793 467 365 939 26 719 551 221 34 440 595 110 309 380 712 168 192 730 627 552 40 528 396 361 631 245 796 626 997 343 349 789 810 714 728 837 433 278 58 468 719 653 578 27 33 290 195 225 19 823 777 60 350 173 422 982 419 217 608 415 561 957 204 370 671 933 207 103 211 265 571 930 919 149 958 952 439 153 177 459 976 955 519 0 0
Input43
449 515
127 941 308 547 157 916 962 719 873 166 89 543 99 296 646 310 562 217 240 480 367 197 432 806 351 609 265 327 563 784 653 691 725 962 237 882 877 199 600 750 365 689 292 465 986 939 775 547 156 14 26 523 212 458 329 563 67 594 891 630 378 543 320 102 504 557 985 381 756 584 131 121 273 424 586 259 363 361 0 0
Input43
500 496
519 376 833 42 589 291 372 152 358 966 42 989 343 585 308 445 89 866 429 471 621 13 603 743 287 26 329 547 389 690 352 909 65 185 951 654 477 322 806 835 288 848 824 632 433 131 76 523 998 506 995 619 520 597 361 808 623 690 354 12 380 707 921 446 892 872 99 368 194 906 203 482 754 27 113 187 158 190 710 156 697 704 775 217 301 136 24 924 827 378 937 206 84 857 652 977 729 752 345 923 657 549 405 411 576 519 598 735 710 307 891 406 11 666 624 312 802 648 236 628 26 172 835 111 29 486 87 758 238 433 681 896 983 85 306 558 604 905 293 313 212 184 720 223 850 343 536 651 992 773 279 17 946 114 128 976 601 216 734 839 650 414 734 632 500 40 0 0
Input43
438 581
104 945 483 418 156 667 138 380 516 482 917 167 473 689 447 491 635 561 620 610 161 837 344 0 486 759 734 118 258 775 308 362 719 792 780 876 459 918 255 976 399 171 142 873 861 590 363 496 150 983 106 312 819 450 0 0
Input43
571 543
305 208 46 423 466 821 732 829 540 523 609 415 982 526 671 957 926 843 99 798 703 690 161 198 841 144 305 152 964 755 465 268 964 511 692 429 332 423 258 873 947 867 287 929 393 959 886 319 801 985 117 503 674 278 702 514 422 6 667 385 762 131 654 725 643 345 154 976 769 412 848 715 279 135 643 673 0 0
Input43
496 382
529 992 894 514 108 397 187 386 99 702 809 106 369 194 868 501 848 592 144 192 747 119 961 159 967 676 438 101 319 110 195 848 101 88 361 210 0 0
Input43
513 487
549 596 585 251 405 691 620 599 558 121 446 150 265 639 897 385 600 55 352 275 494 454 594 604 649 442 706 737 803 916 222 351 512 807 603 918 497 223 516 55 344 963 206 610 601 103 995 201 158 347 476 653 801 70 257 449 512 964 186 314 880 408 666 392 214 268 309 712 491 826 768 836 788 974 446 389 76 441 590 235 788 66 888 588 136 144 36 648 108 222 962 988 631 628 379 846 897 688 558 388 513 325 223 301 298 670 691 374 0 0
Input43
445 577
281 609 898 347 497 485 483 642 522 130 750 745 92 737 376 721 115 221 617 804 779 4 317 103 228 618 402 898 309 776 7 590 385 906 937 882 391 420 523 914 0 0
Input43
465 504
272 659 643 9 34 363 125 256 981 930 35 985 246 138 213 865 541 111 173 316 119 763 701 24 700 583 416 119 105 329 670 378 988 312 388 22 676 514 278 656 443 313 641 689 452 854 553 993 966 727 308 84 490 9 109 189 593 525 308 699 854 979 76 842 290 465 864 967 979 141 623 421 455 263 110 907 117 663 899 82 390 207 167 880 217 276 68 810 801 377 508 655 355 585 496 646 50 359 613 28 501 235 450 956 498 560 862 616 223 761 698 613 969 865 492 185 141 561 996 942 0 0
Input43
517 492
503 596 294 88 92 941 138 452 553 167 953 789 617 909 287 177 770 903 400 531 601 13 499 466 505 684 607 66 679 549 5 182 145 299 270 237 239 409 689 793 576 642 581 192 550 868 369 320 771 770 852 371 783 350 837 288 34 444 355 714 993 360 897 137 659 167 375 899 576 64 692 151 706 273 344 256 141 714 576 912 484 427 283 266 778 120 555 812 564 910 526 557 269 422 695 929 589 70 828 164 134 519 316 841 792 661 96 934 375 673 845 859 100 128 125 878 248 680 690 813 589 215 369 859 637 64 788 226 134 615 390 268 133 707 108 926 367 205 859 742 878 704 601 978 832 726 856 79 405 546 893 995 762 261 854 399 326 641 625 460 255 14 729 389 722 838 315 88 42 174 831 921 878 431 899 710 157 754 790 562 300 682 557 61 944 410 460 269 51 84 0 0
Input43
482 538
306 99 458 696 821 296 10 910 338 185 740 258 62 171 156 773 328 911 562 891 210 244 447 271 187 858 731 457 910 816 187 216 915 646 912 735 942 923 645 279 107 384 538 170 556 695 944 885 605 505 775 816 750 222 87 937 80 818 394 990 633 581 205 548 226 116 283 168 39 928 448 147 312 986 317 868 681 260 752 285 766 526 101 515 749 188 452 829 6 847 818 640 428 22 187 654 139 470 823 179 397 270 326 710 255 644 577 936 905 329 221 670 856 323 185 604 511 638 432 518 484 250 157 912 273 345 566 412 816 388 592 213 658 918 923 914 561 499 850 465 828 71 135 683 394 321 287 906 959 719 423 443 0 0
#