Input13
509 547
104 834 232 309 402 885 553 213 697 637 103 992 494 349 175 782 750 968 699 76 293 817 817 450 208 974 36 624 291 80 593 396 915 825 705 316 709 257 529 405 894 632 397 388 982 572 170 732 540 869 809 833 686 625 282 894 599 319 517 891 400 110 286 314 935 991 631 644 247 159 49 141 792 446 530 774 17 701 505 558 569 313 390 255 938 673 148 537 992 666 427 392 776 713 707 710 703 337 353 951 497 402 91 288 849 621 61 867 321 567 424 891 880 814 145 818 486 294 354 478 960 782 871 736 494 577 445 197 915 799 147 411 201 239 700 50 861 762 917 182 328 340 73 207 154 218 24 641 513 379 119 472 160 990 208 655 567 654 853 481 452 0 892 654 239 592 704 100 353 621 282 681 961 355 889 115 574 913 757 86 292 876 559 453 865 767 107 431 420 961 913 873 961 804 526 200 0 0
Input13
485 492
230 300 749 851 582 429 812 938 317 928 511 230 684 598 523 559 156 976 424 924 83 856 344 43 768 216 4 572 743 204 968 974 504 716 824 86 145 636 23 462 563 535 693 246 132 215 806 289 191 229 213 274 84 557 318 853 773 322 424 516 526 391 489 30 107 312 116 252 949 140 714 511 675 407 758 808 623 563 97 814 792 310 88 877 867 406 729 640 728 153 0 0
Input13
402 522
254 545 645 284 652 957 401 904 906 541 618 417 215 24 174 23 647 737 121 460 529 431 549 406 298 955 134 939 683 288 94 937 833 739 221 484 696 622 388 601 162 5 17 378 30 192 402 677 0 0
Input13
454 505
523 137 458 955 686 864 253 641 999 191 323 287 286 260 119 24 482 604 721 103 992 322 266 997 340 644 26 532 46 704 461 569 842 919 523 527 783 776 168 782 968 491 68 253 752 188 278 233 792 999 336 783 320 603 780 660 246 806 192 293 510 653 862 351 572 385 879 355 161 46 137 129 538 206 382 289 394 661 523 185 660 860 969 980 462 748 640 709 554 833 1 63 485 863 415 57 248 293 412 409 340 549 539 878 755 922 167 149 582 690 335 241 549 303 221 11 51 862 720 606 694 721 670 179 584 84 236 833 378 648 242 718 197 781 595 952 702 762 101 283 452 436 525 1 739 746 12 791 608 733 396 301 454 65 480 38 150 716 871 528 364 112 245 561 894 840 513 595 602 614 879 54 49 404 55 789 149 68 580 757 801 976 58 254 41 538 292 191 0 0
Input13
499 557
163 720 619 276 965 179 169 805 693 765 407 306 644 461 356 47 517 145 197 585 725 955 386 701 12 640 742 551 933 934 806 96 654 424 372 618 603 542 423 296 307 831 603 951 292 959 999 809 104 195 394 829 149 780 530 162 419 271 713 352 205 519 449 859 943 821 0 0
Input13
521 477
546 363 901 842 670 731 444 621 22 403 619 832 507 815 225 336 965 4 866 126 424 137 840 777 343 358 225 201 300 45 679 847 409 579 688 78 309 131 700 332 535 319 163 42 133 388 378 98 393 244 224 817 381 64 593 724 423 818 926 724 864 604 570 272 182 257 351 492 389 51 825 925 370 988 967 504 376 344 602 769 589 827 586 970 891 178 694 314 997 619 37 860 222 608 132 405 866 484 898 254 535 722 179 906 710 145 0 0
Input13
507 505
86 490 10 856 78 837 441 47 728 620 742 41 616 360 79 476 583 687 609 989 552 92 886 807 628 608 986 533 317 130 943 403 621 953 259 699 790 700 747 517 319 488 559 936 849 638 411 432 324 19 420 876 112 306 682 741 914 668 274 231 799 216 635 419 168 894 117 958 594 865 475 913 353 33 849 201 671 259 634 995 279 53 871 392 360 552 132 274 219 406 505 17 622 140 0 0
Input13
532 431
791 34 555 749 628 419 223 541 772 256 389 974 927 649 607 922 929 661 792 320 21 344 453 295 564 859 801 582 481 941 18 272 975 573 20 603 992 243 143 764 499 533 737 426 181 344 348 109 5 139 430 26 484 883 321 47 742 121 629 223 62 647 495 37 220 515 641 212 759 784 976 258 316 713 684 498 57 32 608 62 172 38 88 656 921 410 704 663 532 332 886 595 980 381 632 199 896 272 0 0
Input13
476 496
654 56 387 913 373 99 596 872 157 629 479 219 801 517 307 457 438 718 160 101 249 493 987 844 473 368 476 673 264 748 84 918 805 471 830 178 571 426 49 728 55 529 947 856 45 254 313 484 972 473 585 221 966 572 64 438 940 540 111 203 288 195 121 93 666 952 271 237 378 320 965 433 849 912 289 895 166 602 379 137 75 965 359 41 536 423 480 476 964 591 680 252 786 802 0 0
Input13
487 632
452 754 617 689 132 937 653 566 786 565 855 681 731 457 59 869 533 23 227 574 560 651 53 36 614 644 716 867 430 518 212 882 271 829 570 403 766 223 970 551 788 824 232 519 281 291 387 814 314 614 387 875 265 441 911 880 84 626 746 515 144 959 396 416 787 967 820 553 189 789 104 978 612 336 496 894 627 883 707 942 497 94 0 0
Input13
473 480
763 535 726 642 620 352 388 134 496 346 531 912 133 497 732 686 686 520 790 664 132 126 159 25 753 42 733 695 540 827 510 302 362 236 944 982 589 331 116 85 678 647 998 811 144 729 496 830 248 286 494 380 412 653 405 165 696 137 860 235 965 370 538 326 607 481 308 195 813 424 280 491 71 277 301 215 6 798 45 254 83 539 634 495 192 39 661 888 177 520 122 141 891 661 467 497 141 775 693 955 199 973 445 270 250 747 486 256 544 531 511 627 70 144 122 262 184 783 149 361 303 272 502 194 933 970 691 74 745 383 29 944 356 475 213 607 221 700 864 765 230 374 392 300 519 515 562 703 298 712 64 601 984 566 795 917 536 486 992 280 870 20 223 226 495 437 833 717 0 0
Input13
543 561
696 481 367 70 874 667 589 388 229 292 686 941 356 287 925 923 82 842 459 568 833 739 438 854 963 664 348 399 496 65 536 192 546 903 262 420 570 852 808 800 144 494 741 501 0 0
Input13
517 528
665 423 863 507 883 431 339 621 869 192 584 532 541 984 28 606 519 220 152 422 483 572 993 334 380 792 478 874 532 979 655 197 402 517 704 284 949 43 906 817 236 489 349 778 473 377 384 992 598 536 414 80 108 406 414 489 197 893 363 730 872 17 927 273 535 631 558 483 674 464 300 911 954 650 688 426 26 71 418 624 608 832 705 717 237 118 206 435 11 569 164 883 587 90 156 121 722 715 605 395 179 906 305 133 555 994 559 582 65 978 206 674 809 911 390 46 29 596 482 41 165 646 925 752 737 80 873 458 796 478 854 976 383 159 108 939 153 668 521 218 645 727 892 454 638 282 501 668 878 983 709 43 629 633 795 366 714 668 825 510 145 678 0 0
#