Input42
530 489
124 816 250 214 564 399 733 591 141 997 944 978 210 688 640 189 918 698 896 726 240 358 95 522 780 894 946 13 811 303 855 935 118 105 149 683 504 882 273 646 878 217 623 87 905 263 277 822 961 172 548 200 530 643 723 310 537 668 324 347 971 178 282 89 283 432 772 788 313 44 433 191 261 55 278 166 318 556 988 279 728 535 480 258 178 202 568 715 871 892 62 842 70 345 931 354 777 702 141 90 747 574 281 7 629 560 173 948 115 161 227 843 697 707 101 876 909 670 590 779 561 653 621 632 999 551 986 776 252 126 866 999 700 146 6 329 707 180 277 822 341 504 665 38 210 766 914 119 435 504 899 997 156 519 628 155 69 614 931 322 740 797 321 440 944 327 769 650 507 45 471 849 0 0
Input42
506 520
135 887 760 901 800 880 336 304 778 332 461 296 961 616 365 574 547 688 314 343 8 754 286 336 522 936 844 568 407 692 117 542 579 878 443 379 758 780 683 535 111 143 831 72 760 196 647 306 884 961 650 893 714 936 228 236 872 71 805 278 764 923 820 342 801 263 721 558 42 404 92 154 548 924 227 307 120 874 614 3 834 263 897 548 198 124 785 70 195 589 348 959 511 168 301 311 431 22 869 474 426 962 629 975 886 856 281 5 729 896 9 563 158 906 111 357 29 896 427 225 0 0
Input42
478 505
776 184 996 944 485 306 375 507 175 849 934 136 477 908 22 333 189 27 61 85 36 625 243 943 736 601 972 632 28 197 115 804 381 110 747 867 417 121 373 592 971 307 729 448 215 751 781 405 778 843 490 815 468 734 757 203 334 729 835 362 926 951 165 307 61 913 173 478 34 547 69 4 855 799 453 69 549 234 475 327 76 965 142 545 698 900 749 32 628 584 394 554 534 560 862 595 473 34 72 507 582 142 512 436 941 966 505 490 0 0
Input42
473 575
980 817 276 945 959 821 643 859 569 675 487 152 69 41 687 630 903 281 102 938 354 610 519 497 121 955 437 86 460 927 285 440 744 562 385 703 382 27 561 951 702 47 103 772 88 790 401 992 71 503 929 425 112 448 922 234 0 0
Input42
548 413
359 321 864 286 607 304 29 168 689 732 550 717 293 501 419 341 605 190 429 394 591 421 466 94 349 892 207 797 814 442 199 172 763 63 458 369 367 488 537 55 220 87 772 514 589 190 855 193 380 284 588 972 705 53 66 54 945 274 851 759 716 50 931 478 113 389 848 480 878 384 536 97 472 307 611 60 498 466 254 879 750 843 851 454 896 917 508 841 190 359 599 907 0 0
Input42
496 517
530 384 524 920 232 4 797 617 540 895 88 848 506 149 345 972 403 224 721 245 74 175 141 992 684 983 181 43 582 88 454 111 473 978 31 705 982 828 321 522 722 409 369 228 559 715 199 962 939 921 207 13 96 349 4 781 331 186 825 914 274 278 25 747 255 56 451 237 884 773 760 606 182 128 835 741 844 33 702 782 955 910 795 51 258 800 832 590 986 656 504 259 934 529 0 0
Input42
527 538
189 585 458 427 469 230 186 75 412 315 910 152 158 944 855 941 898 765 736 950 0 0
Input42
575 516
535 781 613 520 437 116 780 371 646 786 561 230 244 988 700 474 174 775 887 489 685 38 648 628 0 0
Input42
489 474
588 526 658 324 475 681 860 256 294 380 693 410 159 63 56 946 624 286 189 612 986 664 786 761 550 275 446 589 923 73 482 511 600 140 836 75 821 695 332 114 74 25 525 234 88 581 179 713 868 369 325 854 33 111 615 584 386 60 172 309 133 655 821 734 796 656 810 616 350 141 731 425 166 256 659 255 837 839 969 705 207 293 558 240 405 172 825 792 232 997 100 366 652 922 100 447 578 910 63 929 51 795 353 218 50 11 473 888 850 442 592 57 735 150 298 140 322 122 932 555 119 32 922 772 954 21 218 531 932 282 459 984 76 812 201 126 824 674 13 674 115 606 731 851 756 28 991 78 151 922 634 270 955 555 41 908 577 260 439 509 542 898 492 619 710 693 745 534 366 759 207 482 364 939 332 120 967 323 198 118 245 832 0 0
Input42
526 473
199 387 429 107 964 690 546 472 231 443 964 851 153 656 595 688 22 354 895 504 719 833 837 839 800 160 36 918 406 869 306 605 255 736 713 219 425 258 691 657 702 655 507 856 311 102 543 334 456 437 838 174 270 675 13 70 836 49 988 241 919 294 847 173 29 559 393 455 817 84 111 519 739 619 374 50 722 917 384 178 354 222 353 624 897 366 694 733 416 682 0 0
Input42
505 563
334 976 821 508 5 379 901 461 196 985 573 715 723 191 89 774 914 5 157 91 359 379 444 984 276 810 677 8 225 359 983 559 335 803 67 340 182 968 801 379 952 373 94 675 565 183 448 478 188 605 569 548 984 13 531 260 823 208 268 48 567 251 608 902 53 675 242 236 642 43 615 593 416 709 268 982 892 716 460 80 321 29 629 305 42 159 565 865 368 834 913 935 84 520 837 137 195 78 373 837 121 988 430 538 697 698 520 588 413 980 669 734 8 297 39 50 457 604 916 825 437 829 759 521 349 595 659 544 674 31 380 796 19 810 333 716 507 853 304 921 833 973 655 841 269 694 892 727 298 807 551 735 635 310 256 985 906 915 528 579 946 909 374 966 718 708 682 225 561 986 146 393 959 802 234 227 496 125 955 794 933 505 528 568 815 784 552 720 698 80 299 644 989 674 610 707 0 0
Input42
428 512
291 933 942 277 78 335 235 881 569 463 376 695 417 169 627 922 698 194 737 481 747 457 179 827 756 824 815 430 434 522 811 725 454 753 1 533 88 236 413 657 699 789 352 116 958 979 37 655 173 774 136 920 230 316 746 987 140 561 416 574 82 227 299 537 981 301 69 68 538 482 726 237 271 77 353 228 56 390 884 229 164 20 149 395 337 896 381 477 0 0
Input42
466 470
798 51 539 25 351 76 5 652 145 74 189 628 800 427 899 878 780 127 934 170 10 163 334 31 312 730 368 208 111 846 665 909 898 204 934 248 280 940 901 425 13 90 53 814 517 952 691 296 78 625 466 89 789 801 120 100 530 489 309 641 335 974 550 232 177 484 481 458 423 381 884 437 471 937 250 988 888 942 284 967 567 751 55 355 552 176 456 81 666 765 723 0 739 273 232 916 757 714 374 180 94 257 0 0
Input42
527 551
566 193 868 554 80 810 838 47 376 589 102 731 140 279 187 222 945 952 945 945 690 217 177 606 975 891 980 154 986 236 772 551 430 640 104 510 449 943 557 826 532 660 557 672 939 744 894 884 696 839 828 385 56 5 992 31 897 972 185 882 207 958 433 637 597 538 147 45 481 705 871 12 365 427 685 304 170 579 187 867 418 15 251 474 20 243 506 917 214 691 799 421 649 232 58 245 771 206 290 251 911 161 264 276 589 949 580 759 527 767 625 945 782 877 419 803 120 925 719 334 616 518 756 264 751 814 509 521 20 800 773 931 0 0
Input42
508 497
36 207 549 985 787 308 512 553 934 456 335 811 876 137 931 800 857 264 415 375 19 680 125 834 188 647 854 989 419 785 949 455 992 498 440 779 807 952 332 740 408 667 551 283 805 481 82 661 746 498 36 766 178 161 600 367 808 453 355 227 238 304 683 230 803 122 8 609 74 340 349 482 7 900 766 812 381 849 473 127 347 509 893 525 670 492 892 478 946 247 706 183 551 388 414 353 510 422 963 585 763 311 66 770 211 832 581 592 680 54 720 27 563 612 552 233 104 444 712 49 691 417 233 242 805 647 596 315 68 558 900 832 870 967 601 80 798 182 673 478 236 392 505 800 4 57 32 108 501 744 158 191 160 391 434 966 37 29 280 106 587 179 938 457 145 539 538 944 721 210 422 958 603 928 757 608 985 790 716 486 533 874 678 694 265 111 659 302 140 940 409 728 119 346 0 0
Input42
600 450
264 885 722 208 606 933 631 564 536 558 321 143 543 110 860 29 644 734 707 338 999 818 998 301 959 937 710 686 55 56 871 320 941 592 529 547 525 159 111 60 718 432 204 261 543 63 290 186 798 998 524 796 0 0
Input42
488 543
522 97 773 458 807 459 514 863 329 835 804 922 363 351 446 523 462 507 240 894 711 501 437 775 792 623 572 789 147 368 604 670 465 377 127 271 836 642 134 165 476 938 86 839 288 533 361 751 39 602 645 751 103 81 525 895 705 97 684 853 465 288 522 930 665 650 201 501 291 336 667 767 273 753 606 562 286 968 313 325 569 958 76 672 39 601 567 744 699 251 597 163 540 118 93 205 769 295 706 59 631 373 827 905 126 432 466 412 400 780 738 969 737 814 641 777 415 208 520 113 459 117 277 999 236 370 203 4 665 910 63 295 282 890 199 408 322 666 821 722 445 558 691 182 372 331 959 787 539 479 901 999 597 177 998 833 548 201 837 212 111 901 508 394 791 708 803 112 0 0
Input42
554 448
623 835 820 181 526 2 553 857 962 340 396 441 240 395 37 418 393 870 966 594 706 178 706 606 686 99 397 394 902 509 768 525 344 588 706 870 590 258 727 551 599 123 992 839 518 28 256 911 899 222 505 605 400 210 211 86 309 608 480 211 116 248 736 461 837 441 331 426 700 57 978 298 180 969 137 699 998 394 609 897 616 114 501 15 324 712 102 634 0 0
Input42
444 545
583 845 436 831 580 897 667 21 228 93 721 285 70 19 465 39 156 164 37 551 773 934 166 887 434 182 211 145 284 845 465 867 689 901 698 269 798 365 290 25 458 11 311 529 31 776 568 188 941 605 739 713 538 905 600 973 86 812 117 370 656 582 237 345 483 935 614 280 299 905 306 758 916 617 286 948 393 854 0 0
Input42
509 493
333 459 874 46 998 779 646 970 865 457 86 235 113 669 473 458 151 407 71 432 707 976 738 464 892 355 750 839 748 604 974 80 62 848 126 60 626 773 29 491 230 116 727 343 0 0
Input42
419 538
199 802 937 607 873 369 313 849 107 777 740 462 527 579 209 130 553 290 193 400 417 253 26 189 282 518 420 398 244 763 183 444 564 120 50 437 489 363 286 596 140 26 58 667 605 268 797 158 558 991 559 975 243 585 164 525 102 584 924 347 347 107 791 912 227 842 349 717 205 635 312 345 662 371 11 266 639 809 424 196 799 984 171 42 568 335 568 671 920 491 18 267 599 810 179 826 651 529 542 856 164 855 201 826 225 213 91 864 21 516 59 821 499 231 863 67 567 431 739 487 922 757 754 521 566 934 346 217 463 888 73 627 743 274 452 968 487 544 832 509 60 892 330 560 122 193 628 689 624 366 175 546 123 930 66 690 864 412 907 326 300 980 0 0
Input42
481 512
42 254 405 10 741 949 842 250 8 733 580 569 856 773 196 544 396 562 720 942 685 650 8 374 513 420 281 839 721 260 792 764 514 196 774 255 145 616 505 154 349 85 723 204 858 919 749 254 480 468 196 165 117 204 540 630 624 821 469 345 81 261 108 596 458 883 851 603 499 356 757 848 441 479 51 299 397 801 553 878 268 749 43 385 953 583 15 577 404 485 922 485 747 30 81 204 913 933 808 411 288 564 259 730 43 311 28 441 111 582 318 379 331 362 765 283 946 781 861 349 266 782 835 12 813 916 216 725 848 23 136 136 588 395 867 631 706 896 71 817 477 390 196 808 752 961 91 697 742 952 46 7 734 881 19 546 797 236 271 644 260 407 781 848 803 647 479 508 542 550 325 19 941 522 827 693 482 919 390 224 871 437 231 605 317 251 151 114 487 422 759 747 0 0
Input42
484 486
539 595 632 185 73 140 728 624 466 747 565 988 574 257 470 492 648 694 363 84 926 968 402 176 118 516 664 541 274 411 370 813 5 2 999 79 143 727 704 610 473 269 598 47 526 67 539 174 762 903 259 688 870 661 864 989 176 527 529 451 939 900 264 944 903 263 23 45 990 728 656 463 997 253 510 523 320 48 697 82 951 956 770 821 616 634 809 793 161 337 243 99 237 508 42 139 771 66 185 760 794 841 222 790 93 732 312 413 781 9 496 732 965 265 552 581 900 361 374 60 699 618 159 936 125 202 74 896 268 259 656 62 100 878 852 193 610 164 607 390 173 102 122 137 368 674 719 267 35 92 327 734 710 487 669 835 689 744 731 958 3 386 19 103 263 872 297 873 35 904 0 0
Input42
450 514
209 5 385 346 374 59 65 642 94 157 970 828 867 456 497 702 145 241 432 102 245 818 122 349 81 995 646 954 29 549 217 239 555 602 585 930 661 651 571 756 808 540 583 675 997 80 376 141 322 809 243 567 626 366 916 707 360 562 661 390 111 878 629 666 480 214 0 0
Input42
475 519
141 865 166 897 673 707 480 347 703 560 724 844 883 532 87 449 157 454 365 865 814 927 525 204 37 402 834 704 883 47 300 23 913 466 920 586 172 399 933 876 960 657 720 843 188 807 291 346 260 657 210 74 584 736 279 622 138 112 325 20 160 625 43 73 91 963 659 264 362 592 139 322 248 860 164 437 666 456 783 927 112 994 1 696 729 280 317 867 393 643 887 553 268 930 627 360 893 285 624 255 877 764 578 125 623 743 562 289 198 345 216 311 338 217 7 66 498 324 933 892 968 820 444 236 750 71 596 643 0 0
Input42
511 554
220 898 233 984 476 358 607 218 921 897 416 265 112 728 603 330 735 670 828 58 602 719 26 422 163 262 171 234 858 814 591 78 712 825 61 187 183 669 405 103 565 822 369 677 549 972 7 283 641 836 342 243 554 369 666 718 632 837 953 490 651 544 568 362 368 629 550 551 298 956 655 863 778 23 540 326 996 547 610 636 382 953 880 937 0 0
Input42
539 465
545 655 954 382 608 443 32 151 10 395 520 639 945 70 938 900 726 800 677 749 340 3 744 888 614 380 270 566 260 207 888 806 862 842 187 469 284 219 621 294 614 140 934 559 211 871 459 937 670 136 686 10 139 430 899 754 810 168 320 70 375 208 876 237 49 62 707 333 282 327 627 897 467 560 455 679 430 915 0 0
Input42
439 547
100 50 301 111 190 731 9 944 541 177 263 611 553 471 486 790 520 549 496 853 831 824 480 727 291 39 182 970 469 96 585 570 146 886 681 337 616 690 280 156 868 543 768 420 14 253 209 534 803 706 387 633 529 867 360 821 907 543 790 376 639 375 946 786 260 626 122 877 316 403 33 183 947 801 603 961 54 813 495 857 519 883 490 48 749 850 869 656 392 659 31 31 33 977 818 293 603 941 170 920 343 203 102 289 4 706 250 58 519 745 915 37 627 405 85 376 254 955 31 647 613 62 679 647 39 497 941 643 437 110 0 0
Input42
449 399
781 314 665 69 318 370 319 376 889 64 291 927 691 696 12 66 951 967 97 598 580 160 277 226 200 774 166 843 210 277 405 992 591 69 60 909 440 380 285 329 444 576 255 135 272 268 201 223 235 299 822 815 460 98 41 660 873 208 503 83 485 908 74 76 977 134 986 416 515 270 745 960 847 0 94 119 268 296 342 503 596 164 318 56 262 360 716 134 568 219 217 53 126 291 130 102 426 115 519 942 385 264 901 232 264 996 351 533 292 694 36 888 858 355 944 119 715 660 254 283 879 472 0 0
Input42
487 496
4 764 467 107 190 583 627 131 969 891 32 200 155 28 551 689 320 244 725 207 102 79 151 221 794 811 476 77 690 949 414 695 712 882 802 902 464 429 33 433 319 66 633 475 94 184 163 414 429 889 622 531 968 773 753 762 584 228 839 274 176 253 969 888 135 771 790 599 199 824 31 519 890 665 994 984 849 157 397 277 0 0
Input42
402 571
18 809 13 792 561 775 376 789 614 650 966 868 618 854 2 389 643 602 588 466 634 106 356 298 100 339 147 258 0 0
Input42
532 442
425 304 755 233 317 547 794 92 923 583 707 573 548 574 191 401 577 580 44 179 167 511 813 274 867 111 375 205 259 634 942 684 938 697 918 254 244 711 347 167 294 53 740 842 628 931 243 205 510 288 384 678 799 197 952 666 308 327 872 568 961 814 251 898 511 168 152 755 880 499 922 174 553 661 15 180 591 259 386 101 547 770 779 345 967 731 11 275 57 883 843 17 696 94 916 206 263 68 961 143 567 883 317 120 543 333 300 134 592 687 235 138 456 13 484 423 745 496 699 802 378 542 820 74 636 736 280 900 804 241 42 370 123 359 490 667 693 791 801 284 477 36 423 934 50 908 357 795 403 55 597 782 0 0
Input42
477 471
416 856 233 151 135 132 955 377 175 325 500 535 816 167 227 607 969 511 84 4 935 17 54 843 375 850 245 430 446 26 27 863 882 260 13 17 393 969 394 568 294 895 103 110 61 330 717 29 842 802 34 776 820 89 618 194 939 864 624 385 891 652 247 773 913 261 790 305 230 184 874 524 78 978 635 140 307 352 170 148 153 204 925 973 293 543 167 232 407 792 617 297 443 864 69 355 125 860 661 355 43 535 880 122 512 514 263 819 866 433 968 18 638 893 992 931 435 158 162 842 950 780 139 392 644 208 748 769 0 0
Input42
431 501
409 124 111 944 3 234 456 517 497 275 383 931 242 401 568 134 393 498 570 552 661 412 501 441 551 894 84 759 642 854 827 50 0 0
Input42
463 524
939 995 981 172 450 498 670 725 881 600 967 282 167 101 675 666 672 226 327 83 728 769 634 622 853 392 263 707 219 314 684 157 308 665 330 758 162 1000 482 43 600 449 325 768 551 0 433 222 227 761 305 956 529 939 577 382 331 841 88 550 154 773 708 462 437 37 220 600 37 702 643 637 151 969 405 703 970 838 925 196 599 230 151 127 168 729 510 500 569 598 49 723 370 758 185 808 796 405 407 834 107 50 471 258 18 876 961 989 714 886 184 312 115 336 440 283 65 950 783 634 547 833 357 918 591 542 725 386 948 132 220 54 183 691 312 202 566 273 190 279 159 374 591 274 711 31 558 776 981 341 410 528 174 767 445 765 309 170 151 256 303 371 310 486 61 623 688 627 897 879 907 55 252 498 330 964 529 888 740 509 228 149 36 403 917 482 167 225 653 319 482 956 690 793 442 752 0 0
Input42
531 464
130 379 312 8 285 368 261 783 698 224 312 585 964 821 814 113 858 216 29 340 384 255 993 703 738 949 392 530 391 143 946 521 523 258 530 808 626 791 591 323 15 903 909 980 723 723 92 581 940 122 921 323 377 914 26 114 863 419 645 253 563 590 774 85 848 303 893 474 94 483 798 109 385 707 89 108 429 182 690 369 304 611 692 682 524 719 797 386 137 441 639 700 31 413 0 0
Input42
457 491
880 717 677 354 811 160 151 921 546 858 9 655 287 192 344 657 496 955 348 178 478 66 975 865 203 416 504 904 447 917 688 327 633 364 681 444 525 832 364 70 690 374 725 978 566 68 634 62 23 983 240 502 49 215 366 253 631 870 156 78 787 844 405 419 208 86 864 733 918 228 804 608 602 528 586 168 597 219 231 620 202 471 121 251 686 488 505 317 358 661 395 144 505 801 564 713 887 427 446 805 655 249 412 257 778 999 426 374 218 657 995 420 128 116 672 815 604 176 131 963 838 527 106 343 327 670 56 213 96 502 17 752 752 430 8 529 428 435 903 646 91 898 66 220 13 739 34 618 915 166 580 753 693 686 95 19 356 152 233 452 654 251 0 0
Input42
502 524
406 681 212 935 109 647 838 756 739 735 822 959 749 560 993 366 475 158 946 228 852 631 324 871 988 476 104 439 130 355 644 536 36 857 471 145 503 309 901 242 44 723 201 793 283 193 158 759 352 103 988 204 735 311 74 722 0 0
Input42
504 502
179 161 918 534 805 454 570 661 926 715 164 234 616 407 278 339 608 71 623 802 229 382 154 333 369 358 68 680 433 791 468 612 952 386 145 757 840 716 418 766 431 583 1000 46 990 278 386 598 349 9 399 578 391 553 912 760 911 980 440 344 770 908 956 722 293 101 479 133 817 898 899 247 480 899 294 470 176 681 67 526 690 467 104 80 20 15 841 932 996 280 275 765 188 230 487 482 331 967 615 147 864 514 395 344 413 689 814 590 369 882 115 58 349 219 139 369 234 980 300 229 259 575 995 448 805 482 930 136 448 545 284 312 59 679 656 472 368 470 61 738 352 176 797 701 395 936 69 630 915 370 860 174 945 855 622 750 336 552 887 785 96 170 0 0
Input42
523 630
156 850 753 628 217 223 690 956 575 866 752 276 261 687 345 892 602 715 752 776 660 606 398 410 943 950 296 727 46 466 824 202 316 576 831 534 0 0
Input42
520 527
520 489 374 386 240 650 648 928 996 540 529 711 291 305 370 897 703 780 840 653 76 566 700 543 390 903 859 966 733 392 765 253 882 139 640 122 789 287 49 784 827 579 494 118 884 865 15 587 645 855 239 721 421 939 263 811 842 121 777 574 514 542 828 396 681 467 518 469 754 568 252 581 146 747 700 29 611 715 617 255 569 856 977 990 795 239 801 636 360 577 210 875 118 37 270 799 504 789 268 258 357 521 840 503 267 539 533 879 254 149 134 824 5 110 814 801 349 614 437 710 190 647 585 309 685 856 107 189 645 375 448 1 896 287 504 163 827 37 41 80 186 176 904 192 286 717 993 636 331 430 346 521 77 931 830 762 786 938 952 430 313 399 431 208 0 0
Input42
526 474
936 372 513 973 413 594 159 589 497 351 876 214 344 511 545 774 857 66 851 788 896 613 574 834 564 3 146 964 435 355 650 371 727 162 343 140 756 503 730 253 855 605 468 198 116 12 973 974 79 824 761 976 437 334 809 1 338 955 965 774 310 614 144 36 777 488 176 533 991 907 787 846 511 254 44 628 267 16 602 346 841 362 321 277 697 130 279 35 84 243 810 395 858 954 431 634 442 608 167 433 514 954 278 25 208 322 654 476 339 255 822 179 618 143 457 314 273 736 350 358 980 159 753 837 113 184 471 555 792 638 988 306 592 266 331 801 588 985 276 927 240 98 106 858 0 0
#