1 7907 13
13 5455 73
73 1669 123
123 4971 137
137 8564 152
152 9261 225
225 212 263
263 3986 295
295 3601 310
310 9557 342
342 4694 362
362 5958 457
457 1913 552
552 6910 589
589 8325 600
600 9820 676
676 7091 721
721 915 812
812 4119 899
899 5610 948
948 8786 1038
1038 781 1123
1123 280 1220
1220 9690 1279
1279 3419 1284
1284 4565 1330
1330 2159 1418
1418 6620 1488
1488 5707 1576
1576 4411 1577
1577 9283 1639
1639 8229 1721
1721 6703 1741
1741 6377 1770
1770 2219 1790
1790 2795 1800
1800 7366 1871
1871 6142 1911
1911 3110 1962
1962 1872 1980
1980 1983 2054
2054 8139 2090
2090 6296 2091
2091 8367 2155
2155 1263 2216
2216 3309 2218
2218 4323 2285
2285 1397 2382
2382 5446 2466
2466 589 2481
2481 2437 2520
2520 9776 2565
2565 3384 2584
2584 3544 2640
2640 9945 2655
2655 6006 2657
2657 6292 2721
2721 2963 2807
2807 2637 2846
2846 1022 2857
2857 2530 2860
2860 6443 2937
2937 989 2950
2950 2872 2983
2983 8469 3049
3049 9997 3080
3080 252 3120
3120 6601 3184
3184 5184 3225
3225 9112 3249
3249 256 3281
3281 601 3318
3318 8286 3395
3395 9605 3446
3446 2925 3471
3471 9511 3531
3531 2670 3588
3588 6727 3672
3672 3077 3709
3709 7168 3709
3709 9589 3798
3798 2777 3840
3840 6510 3844
3844 4168 3941
3941 9298 4014
4014 1842 4063
4063 7808 4091
4091 3487 4164
4164 1843 4234
4234 5514 4292
4292 5520 4340
4340 4394 4385
4385 8579 4409
4409 9063 4509
4509 8719 4512
4512 6014 4515
4515 945 4545
4545 3766 4568
4568 1076 4616
4616 8061 4660
4660 3831 4696
4696 8644 4752
4752 3100 4792
4792 5485 4859
4859 5403 4946
4946 5779 4970
4970 6123 5010
5010 9106 5102
5102 1453 5163
5163 6243 5249
5249 642 5314
5314 4239 5403
5403 9813 5501
5501 3871 5599
5599 584 5685
5685 9249 5717
5717 1706 5807
5807 5765 5891
5891 4914 5980
5980 994 6055
6055 9523 6155
6155 6017 6164
6164 4872 6215
6215 4667 6263
6263 4464 6362
6362 2982 6368
6368 6235 6444
6444 5167 6480
6480 3545 6491
6491 2447 6540
6540 9933 6633
6633 9835 6713
6713 794 6777
6777 5914 6864
6864 678 6880
6880 489 6917
6917 1126 6993
6993 8712 7065
7065 2351 7082
7082 3498 7155
7155 8395 7178
7178 7685 7212
7212 5607 7306
7306 1973 7406
7406 657 7456
7456 2241 7486
7486 5975 7560
7560 3563 7628
7628 771 7726
7726 2513 7778
7778 9784 7784
7784 2104 7842
7842 5492 7860
7860 4818 7897
7897 4750 7961
7961 9752 8056
8056 2805 8093
8093 144 8159
8159 6938 8177
8177 6729 8183
8183 1967 8261
8261 2584 8288
8288 8414 8319
8319 251 8375
8375 4010 8462
8462 369 8502
8502 9819 8555
8555 3483 8556
8556 76 8614
8614 1947 8654
8654 2595 8673
8673 414 8692
8692 3089 8767
8767 6227 8846
8846 1799 8875
8875 465 8953
8953 4466 9008
9008 9776 9041
9041 9959 9122
9122 5786 9217
9217 9770 9246
9246 1694 9336
9336 3664 9370
9370 1169 9451
9451 9030 9519
9519 1994 9578
9578 9816 9625
9625 5298 9696
9696 8587 9792
9792 6618 9831
9831 6122 9840
9840 9066 9924
