1 3570 1
1 4126 25
25 1179 76
76 4485 157
157 6611 254
254 1305 263
263 1590 300
300 4446 303
303 2664 403
403 9374 425
425 3319 436
436 3375 485
485 5787 539
539 877 564
564 8911 648
648 8518 683
683 9487 724
724 3193 794
794 3525 801
801 3517 873
873 5747 946
946 6932 960
960 1862 1028
1028 7230 1094
1094 9761 1124
1124 8080 1131
1131 1577 1131
1131 5725 1169
1169 2684 1171
1171 3447 1232
1232 671 1284
1284 7926 1362
1362 9337 1422
1422 6083 1474
1474 2651 1506
1506 5651 1605
1605 6388 1665
1665 6453 1717
1717 291 1798
1798 568 1841
1841 6656 1905
1905 1874 1959
1959 9598 2022
2022 5614 2066
2066 800 2088
2088 4067 2170
2170 3933 2227
2227 9884 2316
2316 5112 2364
2364 3143 2406
2406 7494 2448
2448 3910 2469
2469 9325 2564
2564 5600 2592
2592 9966 2681
2681 2180 2686
2686 326 2773
2773 5979 2804
2804 4864 2884
2884 9665 2917
2917 3828 2971
2971 8027 3064
3064 185 3092
3092 9641 3111
3111 2475 3129
3129 1341 3188
3188 1890 3226
3226 509 3241
3241 3651 3286
3286 1609 3291
3291 4950 3332
3332 330 3348
3348 9624 3432
3432 2427 3439
3439 4356 3470
3470 6210 3547
3547 2057 3572
3572 5830 3606
3606 7413 3698
3698 1918 3743
3743 2489 3780
3780 6619 3789
3789 8220 3873
3873 6614 3927
3927 7404 3976
3976 552 4034
4034 8242 4120
4120 798 4138
4138 4201 4226
4226 3313 4299
4299 7799 4306
4306 1487 4352
4352 2406 4432
4432 740 4471
4471 6130 4512
4512 1050 4517
4517 6843 4608
4608 5399 4641
4641 7226 4692
4692 5977 4780
4780 3260 4829
4829 4027 4905
4905 8608 4991
4991 6625 5053
5053 506 5064
5064 4610 5131
5131 5144 5136
5136 4167 5187
5187 7507 5226
5226 2578 5286
5286 1297 5345
5345 6153 5418
5418 3766 5428
5428 2354 5484
5484 8533 5547
5547 9704 5627
5627 6420 5692
5692 6924 5696
5696 2014 5712
5712 5891 5800
5800 1867 5893
5893 7742 5930
5930 5003 5997
5997 6057 6061
6061 1643 6127
6127 7893 6140
6140 5854 6153
6153 2371 6207
6207 2843 6278
6278 4496 6290
6290 3306 6357
6357 2534 6441
6441 6207 6478
6478 2932 6493
6493 9335 6571
6571 5920 6609
6609 7298 6671
6671 8615 6727
6727 4035 6796
6796 1066 6838
6838 2288 6871
6871 8997 6872
6872 7344 6892
6892 1097 6992
6992 2611 7087
7087 419 7156
7156 4224 7158
7158 445 7217
7217 6009 7261
7261 2928 7336
7336 7094 7374
7374 373 7400
7400 508 7477
7477 2503 7534
7534 2414 7564
7564 1884 7627
7627 8808 7695
7695 9039 7755
7755 4948 7847
7847 9380 7881
7881 6830 7881
7881 603 7937
7937 3235 8022
8022 931 8046
8046 6626 8137
8137 9652 8198
8198 5929 8271
8271 2754 8361
8361 8745 8428
8428 7932 8502
8502 1385 8552
8552 1391 8583
8583 6947 8600
8600 5396 8628
8628 7837 8692
8692 6880 8709
8709 2943 8769
8769 252 8862
8862 9253 8937
8937 5952 8987
8987 3279 9082
9082 8328 9126
9126 1471 9153
9153 3218 9171
9171 6071 9248
9248 2443 9279
9279 4221 9324
9324 210 9411
9411 9452 9426
9426 6892 9449
9449 1911 9494
9494 1339 9576
9576 5779 9663
9663 8465 9709
9709 329 9793
9793 7998 9884
9884 1122 9910
9910 5630 9975
