1 1910 44
44 9360 100
100 6027 155
155 5993 201
201 8328 203
203 8597 249
249 6739 260
260 9536 309
309 7527 346
346 4354 420
420 6391 455
455 706 458
458 6302 467
467 1776 497
497 6334 534
534 6546 604
604 1169 674
674 2286 703
703 7193 749
749 880 829
829 8284 861
861 1839 940
940 2233 1026
1026 3170 1078
1078 6147 1079
1079 9850 1117
1117 6784 1158
1158 3775 1197
1197 6659 1210
1210 1288 1240
1240 9280 1251
1251 2543 1351
1351 439 1402
1402 8996 1422
1422 4202 1475
1475 4389 1526
1526 8152 1586
1586 2230 1679
1679 6159 1776
1776 7465 1786
1786 502 1792
1792 1661 1812
1812 1649 1869
1869 6768 1894
1894 8793 1949
1949 4058 2033
2033 9110 2113
2113 5116 2127
2127 4364 2141
2141 4048 2169
2169 5047 2203
2203 5646 2269
2269 7683 2271
2271 3392 2299
2299 5944 2396
2396 1485 2404
2404 9865 2405
2405 7868 2422
2422 9268 2517
2517 725 2564
2564 3527 2567
2567 6953 2645
2645 3547 2713
2713 3748 2738
2738 6553 2809
2809 6162 2866
2866 6965 2901
2901 7113 2964
2964 8839 2999
2999 8299 3047
3047 2959 3058
3058 3323 3089
3089 1051 3116
3116 7794 3174
3174 318 3222
3222 7418 3274
3274 3151 3330
3330 6627 3368
3368 2962 3380
3380 6519 3475
3475 1347 3486
3486 2494 3585
3585 5603 3605
3605 8359 3686
3686 4153 3691
3691 8932 3784
3784 4177 3833
3833 9757 3910
3910 3536 4003
4003 4785 4095
4095 4227 4115
4115 5389 4197
4197 5225 4251
4251 7281 4255
4255 5306 4313
4313 5851 4399
4399 5079 4443
4443 9954 4513
4513 7589 4538
4538 6821 4583
4583 5951 4662
4662 7937 4699
4699 6103 4751
4751 1501 4801
4801 1924 4891
4891 7691 4910
4910 6220 5000
5000 661 5059
5059 7644 5121
5121 127 5135
5135 4633 5142
5142 2508 5198
5198 6245 5254
5254 1448 5282
5282 6477 5336
5336 5483 5375
5375 7399 5449
5449 6401 5457
5457 2246 5476
5476 8471 5575
5575 9859 5612
5612 637 5666
5666 6195 5699
5699 1758 5726
5726 4606 5766
5766 45 5796
5796 3928 5878
5878 1333 5919
5919 2214 5995
5995 4159 6007
6007 3990 6102
6102 7656 6104
6104 3094 6177
6177 6409 6235
6235 9099 6242
6242 3089 6254
6254 6072 6345
6345 4265 6378
6378 8331 6476
6476 5913 6523
6523 7139 6619
6619 6643 6669
6669 6932 6735
6735 4251 6735
6735 50 6816
6816 804 6877
6877 1997 6958
6958 1027 6972
6972 4295 7041
7041 4048 7107
7107 8757 7110
7110 8279 7126
7126 3253 7187
7187 9874 7256
7256 9900 7325
7325 7936 7424
7424 4029 7514
7514 2107 7537
7537 3504 7577
7577 434 7593
7593 7056 7657
7657 7360 7735
7735 9002 7796
7796 5076 7883
7883 1991 7896
7896 8846 7943
7943 8730 7944
7944 7714 8010
8010 63 8084
8084 4108 8105
8105 5762 8162
8162 2163 8238
8238 9955 8264
8264 6068 8340
8340 4753 8364
8364 6062 8416
8416 798 8436
8436 959 8445
8445 7572 8479
8479 4930 8542
8542 7084 8604
8604 2789 8639
8639 324 8737
8737 2944 8748
8748 521 8793
8793 2955 8860
8860 8183 8937
8937 232 9000
9000 1210 9050
9050 4624 9128
9128 904 9192
9192 7111 9263
9263 601 9341
9341 378 9387
9387 1518 9448
9448 6013 9485
9485 2707 9505
9505 330 9518
9518 6599 9601
9601 1573 9602
9602 9364 9693
9693 5732 9700
9700 2842 9728
9728 647 9806
9806 5217 9839
9839 1304 9856
9856 4970 9940
9940 7014 9993
