1 6228 9
9 8006 42
42 8008 51
51 660 76
76 2502 125
125 1509 155
155 9793 182
182 340 227
227 9946 310
310 2207 395
395 9942 409
409 746 450
450 4039 519
519 4977 530
530 7493 589
589 2348 673
673 5414 743
743 8170 755
755 2647 806
806 919 878
878 9369 934
934 816 954
954 4877 1018
1018 1723 1033
1033 2864 1124
1124 8796 1206
1206 7169 1277
1277 4183 1340
1340 5427 1394
1394 487 1462
1462 7715 1543
1543 3337 1544
1544 5361 1607
1607 1793 1680
1680 3296 1739
1739 2371 1807
1807 528 1838
1838 7561 1914
1914 3808 1962
1962 9218 1990
1990 5996 1992
1992 4085 2078
2078 4231 2094
2094 472 2159
2159 7789 2201
2201 3670 2208
2208 466 2252
2252 3591 2274
2274 1214 2330
2330 5984 2424
2424 8818 2432
2432 9086 2489
2489 7604 2547
2547 9250 2625
2625 5747 2656
2656 9959 2663
2663 680 2753
2753 5082 2800
2800 7347 2842
2842 2900 2872
2872 2230 2950
2950 3051 3016
3016 8702 3113
3113 4541 3145
3145 2362 3190
3190 5463 3286
3286 6212 3336
3336 5138 3377
3377 9802 3420
3420 4011 3426
3426 6984 3483
3483 4716 3582
3582 1291 3598
3598 941 3624
3624 4139 3719
3719 8673 3780
3780 8212 3815
3815 3224 3875
3875 7300 3934
3934 1653 4020
4020 2268 4055
4055 7963 4070
4070 7823 4153
4153 9453 4249
4249 2101 4280
4280 1515 4302
4302 7653 4378
4378 1195 4458
4458 7224 4540
4540 3084 4564
4564 1678 4601
4601 5235 4698
4698 6805 4767
4767 5091 4817
4817 4633 4891
4891 7796 4975
4975 39 5051
5051 7577 5151
5151 5546 5248
5248 3746 5258
5258 6190 5305
5305 9862 5368
5368 9475 5425
5425 6323 5471
5471 1348 5527
5527 8689 5608
5608 7018 5691
5691 4548 5788
5788 4502 5870
5870 4180 5969
5969 5235 6000
6000 9935 6017
6017 6243 6088
6088 1982 6164
6164 6605 6190
6190 2212 6246
6246 318 6331
6331 8578 6421
6421 8185 6472
6472 6363 6521
6521 6196 6529
6529 9364 6596
6596 1098 6616
6616 8208 6653
6653 5781 6720
6720 8451 6804
6804 4014 6875
6875 2509 6878
6878 1514 6959
6959 6574 6959
6959 1435 7031
7031 2288 7074
7074 8994 7151
7151 1026 7181
7181 4710 7230
7230 1393 7321
7321 9764 7356
7356 6839 7422
7422 7168 7500
7500 5253 7554
7554 5274 7646
7646 2466 7669
7669 6764 7735
7735 4411 7826
7826 7389 7899
7899 2303 7939
7939 1364 7986
7986 4893 8065
8065 1466 8091
8091 9270 8130
8130 4665 8197
8197 3847 8213
8213 6182 8270
8270 2765 8277
8277 1807 8281
8281 9087 8297
8297 3055 8322
8322 7726 8324
8324 5608 8376
8376 8217 8430
8430 2125 8438
8438 8769 8526
8526 434 8560
8560 6117 8585
8585 6844 8675
8675 7324 8753
8753 8950 8832
8832 1486 8861
8861 1771 8956
8956 6974 9008
9008 2347 9064
9064 3164 9164
9164 1891 9167
9167 5294 9203
9203 7781 9290
9290 6743 9317
9317 4481 9417
9417 2363 9466
9466 5280 9520
9520 4700 9561
9561 9892 9611
9611 5520 9657
9657 5432 9703
9703 5810 9711
9711 9419 9749
9749 8065 9791
9791 834 9825
9825 784 9867
9867 5638 9935
9935 1005 9998
