34 4 0 3 1 2 7 0 37 0 42 0 46 0 67 0 86 0 99 0 100 0 100 5 100 11 100 28 100 42 100 70 100 99 100 100 97 100 71 100 56 100 52 100 40 100 35 100 35 100 18 99 12 96 4 90 1 90 1 50 0 44 0 33 0 26 0 16 0 
32 18 0 2 1 0 7 0 10 0 15 0 32 0 41 0 59 1 100 5 100 28 100 58 100 80 100 94 99 100 97 100 76 100 48 100 44 100 35 100 18 100 17 100 11 97 3 96 2 95 1 94 0 72 0 43 0 42 0 37 0 34 0 19 0 
30 1 0 0 2 0 10 0 21 0 29 0 53 0 56 0 63 0 73 1 93 3 94 24 100 75 100 87 99 97 97 98 92 100 78 100 61 100 57 100 43 100 13 100 7 100 1 87 0 58 0 52 0 34 0 26 0 12 0 5 0 
27 0 0 0 9 0 40 0 70 0 89 3 98 4 99 4 99 39 100 43 100 51 100 67 100 78 100 85 100 95 100 97 95 100 86 100 71 100 24 100 13 100 8 100 3 91 0 43 0 34 0 14 0 3 0 
30 3 0 1 1 0 4 0 21 0 27 0 50 0 57 0 83 1 93 3 99 54 100 77 100 79 100 89 100 97 100 98 100 100 82 100 68 100 57 100 44 100 42 100 31 100 13 99 8 95 1 66 0 64 0 24 0 24 0 21 0 
16 2 1 0 21 1 92 3 94 18 98 54 100 57 100 85 99 92 98 95 96 99 88 100 48 100 6 82 2 59 1 52 1 
27 95 0 1 1 0 21 0 40 0 58 0 64 0 79 0 82 2 98 36 100 50 100 88 100 97 100 100 100 100 93 100 87 100 61 100 59 100 58 100 51 100 42 100 41 100 23 100 22 100 11 98 1 97 0 
22 61 0 2 2 1 24 0 52 0 61 0 76 0 78 1 87 3 99 16 100 18 100 38 100 81 100 98 98 100 94 100 85 100 67 100 49 100 38 100 33 100 1 92 0 
21 7 0 3 1 1 5 0 33 0 35 0 50 0 70 0 100 3 100 16 100 28 100 100 100 100 59 100 49 100 25 100 10 97 0 85 0 53 0 40 0 33 0 
20 34 0 20 1 14 2 7 4 5 6 1 16 1 34 1 98 9 99 22 100 57 100 61 100 62 100 97 100 99 88 100 40 99 5 98 4 89 1 76 0 
19 39 0 10 1 2 3 1 12 0 35 1 92 2 98 20 99 20 99 71 100 77 100 88 100 94 97 100 89 100 65 100 62 99 22 98 11 90 0 
13 51 0 0 1 0 22 0 83 6 97 18 99 61 100 98 99 100 80 100 43 98 7 83 3 69 1 
24 44 0 8 2 0 15 0 56 0 87 0 94 5 100 36 100 44 100 82 100 98 92 100 82 100 58 100 51 100 44 100 25 100 24 100 10 99 0 80 0 64 0 57 0 57 0 46 0 
16 20 0 10 1 0 3 0 5 2 60 4 91 6 97 13 99 45 100 68 100 73 100 100 94 100 27 100 8 88 2 79 1 
15 60 0 2 2 1 3 0 6 0 14 0 82 0 98 58 100 62 100 65 100 77 97 94 90 100 58 100 15 97 0 
34 11 0 1 6 0 25 0 28 0 31 0 53 0 65 0 66 0 75 0 82 0 83 0 83 0 97 3 99 6 100 10 100 67 100 70 100 81 100 100 99 100 94 100 78 100 78 100 76 100 75 100 73 100 69 100 5 98 3 97 2 77 0 51 0 44 0 41 0 
43 5 0 1 3 0 8 0 17 0 21 0 38 0 51 0 53 0 54 0 76 0 88 0 92 6 100 16 100 30 100 32 100 62 100 71 100 81 100 83 100 99 98 100 77 100 69 100 49 100 48 100 46 100 35 100 2 97 1 91 0 75 0 74 0 70 0 69 0 68 0 63 0 57 0 53 0 46 0 39 0 28 0 25 0 9 0 
32 33 0 9 1 0 2 0 4 0 12 0 19 0 26 0 46 0 49 0 69 0 92 0 95 4 100 14 100 36 100 58 100 80 100 80 100 80 100 99 98 100 71 100 47 100 41 100 32 100 7 100 6 97 4 94 3 90 2 86 1 80 0 36 0 
22 5 0 4 2 1 19 0 45 0 62 0 70 0 83 0 100 17 100 28 100 32 100 36 100 82 100 97 100 99 99 100 70 100 22 97 7 87 1 69 0 51 0 16 0 
11 20 0 7 1 0 5 0 50 1 96 12 97 72 100 100 99 100 62 99 7 94 1 
27 23 0 9 2 3 4 0 8 0 38 0 44 0 73 0 81 0 96 5 100 15 100 18 100 24 100 26 100 49 100 73 100 78 100 94 100 99 97 100 5 100 0 79 0 77 0 48 0 44 0 39 0 26 0 
34 1 0 0 4 0 6 0 40 0 50 0 63 0 63 0 78 0 80 1 100 5 100 24 100 25 100 27 100 27 100 48 100 98 99 99 98 100 61 100 59 100 57 100 24 100 23 100 8 100 7 97 1 90 0 84 0 79 0 77 0 75 0 71 0 5 0 4 0 
36 6 0 0 1 0 4 0 14 0 35 0 36 0 48 0 58 0 62 0 76 1 100 9 100 24 100 26 100 36 100 53 100 57 100 69 100 70 100 77 100 99 100 100 90 100 67 100 43 100 37 100 36 100 22 100 16 100 9 100 3 100 0 92 0 54 0 52 0 41 0 9 0 
31 13 0 4 1 2 3 0 8 0 9 0 26 0 31 0 51 0 60 1 82 4 99 62 100 64 100 80 100 85 100 88 100 96 100 98 94 100 87 100 46 100 1 93 0 89 0 79 0 69 0 64 0 59 0 55 0 44 0 22 0 15 0 
37 1 0 0 9 0 15 0 20 0 28 0 32 0 35 0 44 0 49 0 68 0 76 0 86 1 92 8 100 30 100 55 100 58 100 89 99 100 96 100 90 100 75 100 70 100 64 100 54 100 38 100 27 100 16 100 15 100 12 98 1 95 0 82 0 80 0 69 0 63 0 14 0 4 0 
44 7 0 0 5 0 27 0 27 0 32 0 42 0 45 0 47 0 54 0 54 0 65 2 97 13 100 13 100 23 100 26 100 34 100 44 100 44 100 53 100 58 100 74 100 76 100 84 100 96 100 100 100 100 97 100 83 100 73 100 54 100 51 100 24 100 2 97 0 54 0 49 0 46 0 44 0 41 0 29 0 26 0 19 0 16 0 15 0 
42 11 0 11 0 0 2 0 3 0 4 0 19 0 21 0 24 0 28 0 39 0 43 0 56 0 73 0 86 0 92 0 95 0 98 2 100 4 100 4 100 11 100 29 100 35 100 35 100 49 100 67 100 74 100 93 99 100 98 100 92 100 57 100 57 100 22 100 15 100 9 100 3 96 0 80 0 74 0 47 0 28 0 18 0 
46 5 0 0 1 0 29 0 30 0 34 0 36 0 36 0 48 0 54 0 59 0 65 0 76 0 92 3 97 5 100 14 100 16 100 24 100 46 100 58 100 64 100 71 100 71 100 84 100 88 100 92 99 99 97 100 80 100 79 100 78 100 68 100 62 100 60 100 52 100 40 100 39 100 38 100 25 100 18 100 7 100 0 96 0 85 0 66 0 57 0 42 0 
40 4 0 0 3 0 8 0 21 0 36 0 49 0 71 0 83 1 95 4 96 18 99 30 100 46 100 49 100 56 100 90 100 99 98 100 96 100 82 100 48 100 40 100 39 100 38 100 37 100 34 100 16 100 9 100 5 95 2 92 1 83 0 74 0 61 0 46 0 27 0 25 0 24 0 24 0 12 0 6 0 
7 85 0 58 2 12 62 11 82 53 100 87 82 93 73 
31 21 0 6 1 2 10 1 18 0 33 0 43 0 45 0 51 0 55 0 81 0 84 3 96 13 100 25 100 35 100 49 100 58 100 64 100 91 100 94 100 96 100 100 99 100 99 100 99 100 10 100 6 98 2 93 1 51 0 25 0 24 0 
19 15 0 3 1 0 4 0 26 0 82 0 96 2 100 20 100 52 100 55 100 85 100 87 100 99 98 100 68 100 51 100 14 97 6 92 1 61 0 
16 14 2 8 5 0 14 0 50 1 89 7 100 15 100 77 97 92 94 100 48 100 29 99 9 70 3 42 2 18 2 17 2 
20 99 0 4 1 0 5 0 19 0 27 0 37 0 41 0 43 1 84 2 99 11 100 17 100 49 100 97 100 99 100 100 78 100 72 100 58 100 34 100 25 
37 10 0 5 1 5 1 1 2 0 11 0 12 0 16 0 16 0 36 0 37 0 63 0 64 1 98 7 99 19 100 29 100 32 100 42 100 60 100 83 100 98 98 99 95 100 73 100 61 100 59 100 41 100 38 100 35 100 34 100 9 95 2 84 0 72 0 61 0 49 0 46 0 39 0 
30 26 0 11 1 4 2 1 4 0 6 0 53 0 68 0 76 0 77 0 85 0 97 0 100 65 100 79 100 98 99 99 98 100 78 100 72 100 52 100 48 100 38 100 24 98 5 94 2 87 1 64 0 58 0 58 0 35 0 29 0 
23 9 0 3 1 1 5 0 14 0 84 2 92 4 97 12 99 17 100 18 100 62 100 74 100 99 99 100 86 100 50 100 40 97 15 92 4 85 0 42 0 41 0 26 0 17 0 
21 30 0 9 1 0 7 0 22 0 30 0 77 6 94 8 99 19 100 28 100 33 100 89 97 92 95 96 91 100 72 99 27 95 14 93 8 79 3 62 1 36 0 
20 55 0 11 1 3 2 0 13 0 34 0 85 1 98 2 100 30 100 43 100 87 100 94 94 97 83 99 68 100 59 100 50 100 39 100 19 100 8 94 0 
43 18 0 0 5 0 10 0 15 0 25 0 51 0 54 0 75 0 77 0 82 0 83 0 85 0 95 9 99 16 100 20 100 26 100 32 100 35 100 52 100 60 100 62 100 66 100 88 100 97 99 99 97 100 53 100 52 100 48 100 43 100 32 100 19 100 14 100 6 99 2 94 0 84 0 82 0 54 0 54 0 51 0 43 0 39 0 
12 21 2 1 7 3 67 7 96 10 100 64 100 89 100 97 94 99 88 100 52 99 2 75 2 
15 14 0 0 4 0 24 3 95 12 100 30 100 48 100 96 98 98 90 100 82 100 66 100 13 100 13 91 5 65 0 
33 4 0 0 5 0 9 0 10 0 11 0 26 0 30 0 37 0 51 0 62 0 75 0 100 24 100 48 100 62 100 63 100 77 100 99 100 100 86 100 85 100 81 100 77 100 68 100 52 100 32 100 5 100 4 100 4 88 0 82 0 72 0 40 0 38 0 
15 89 0 11 4 1 21 1 86 4 100 19 100 53 100 97 98 100 80 100 72 100 55 100 45 100 31 100 30 96 2 
43 10 0 0 2 0 9 0 15 0 31 0 35 0 60 0 73 0 75 0 79 0 81 1 98 6 100 19 100 26 100 28 100 52 100 64 100 66 100 74 100 77 100 99 100 100 100 100 100 100 83 100 71 100 68 100 57 100 50 100 49 100 45 100 37 100 36 100 36 100 29 100 10 100 9 99 1 98 0 92 0 91 0 34 0 28 0 
13 18 0 4 28 0 49 0 100 82 100 87 100 91 100 99 61 96 39 93 20 89 12 77 1 37 0 
22 21 0 0 1 0 9 0 41 1 99 4 100 6 100 9 100 23 100 38 100 60 100 98 100 99 95 100 86 100 86 100 78 100 72 100 27 100 8 99 3 73 1 33 0 
38 21 0 6 5 1 13 0 38 0 38 0 43 0 54 0 80 1 93 4 98 10 99 26 100 31 100 42 100 53 100 56 100 74 100 87 100 95 100 100 96 100 88 100 40 100 27 100 23 100 22 100 6 99 1 92 0 92 0 89 0 87 0 76 0 75 0 66 0 60 0 57 0 45 0 44 0 
39 15 0 15 0 4 1 2 3 0 26 0 32 0 44 0 46 0 53 0 80 0 84 0 85 0 95 0 98 9 99 18 100 37 100 87 100 90 100 92 100 98 99 100 95 100 74 100 71 100 64 100 42 100 36 100 24 100 23 99 3 92 0 80 0 58 0 47 0 40 0 36 0 36 0 33 0 19 0 
27 26 0 26 0 4 1 3 2 0 11 0 100 12 100 13 100 16 100 31 100 31 100 32 100 60 100 74 100 83 100 99 93 100 60 100 45 100 40 100 32 100 15 98 1 91 0 67 0 62 0 50 0 48 0 
11 37 0 27 1 6 13 3 15 1 75 6 97 85 100 98 100 98 15 92 8 67 1 
13 80 3 57 5 6 13 3 49 1 86 2 94 12 97 43 99 90 100 92 91 99 38 98 7 92 4 
16 57 0 0 2 0 41 0 53 0 73 0 98 12 100 55 100 57 100 62 100 76 100 96 100 100 81 100 28 98 10 95 1 
9 73 2 39 3 23 19 4 54 6 82 25 90 84 94 98 45 99 23 
0