20 5 0 0 4 0 20 0 40 0 53 0 59 0 61 2 98 4 100 16 100 44 100 69 100 77 100 97 97 99 91 100 69 100 0 73 0 51 0 42 0 
20 25 0 9 3 2 11 0 47 0 56 0 88 0 90 2 97 10 100 64 100 80 100 93 100 100 81 100 47 100 41 100 12 92 4 85 3 47 0 27 0 
18 4 1 3 5 0 50 5 97 9 98 66 100 78 100 91 100 92 100 93 100 95 99 97 96 99 92 100 53 99 8 94 6 83 2 12 1 
24 18 0 5 8 0 13 0 22 0 22 0 45 0 49 0 75 0 94 2 99 24 100 87 100 95 100 97 100 98 100 100 94 100 93 100 85 100 55 100 6 94 2 68 0 52 0 51 0 
18 11 0 0 9 0 17 0 42 0 74 0 84 3 99 11 100 30 100 84 99 100 97 100 72 100 40 100 20 99 3 81 0 67 0 25 0 
37 4 0 1 1 0 2 0 21 0 37 0 39 0 42 0 59 1 86 2 100 3 100 19 100 24 100 34 100 38 100 46 100 64 100 85 100 100 99 100 93 100 93 100 83 100 78 100 65 100 48 100 43 100 27 100 13 100 8 99 1 78 0 52 0 46 0 29 0 26 0 23 0 11 0 
30 5 0 1 1 0 8 0 15 0 25 0 37 0 67 0 67 0 70 0 92 2 98 16 100 32 100 34 100 46 100 54 100 57 100 60 100 92 99 100 98 100 90 100 67 100 36 99 18 96 6 92 0 84 0 64 0 31 0 23 0 
27 22 0 9 3 2 6 0 8 0 15 0 31 0 43 0 85 0 89 1 94 13 100 20 100 35 100 41 100 55 100 59 100 80 100 90 100 97 99 100 98 100 34 100 7 100 0 63 0 54 0 36 0 27 0 
21 24 0 3 1 1 8 0 82 3 94 4 97 9 98 14 99 37 100 70 100 95 100 98 91 100 24 100 21 100 14 100 9 100 5 99 1 85 0 49 0 42 0 
20 2 0 1 4 0 28 0 44 0 50 0 72 0 75 0 100 63 100 71 100 96 95 100 90 100 80 100 73 100 61 100 59 100 4 65 0 49 0 4 0 
21 12 0 8 2 4 5 0 10 0 82 2 85 5 88 14 92 55 100 88 100 95 97 100 86 100 64 100 55 100 46 99 21 98 9 97 0 52 0 29 0 26 0 
36 24 0 3 1 1 3 0 4 0 13 0 18 0 20 0 26 0 31 0 37 0 44 0 50 0 54 0 70 0 73 0 80 0 87 1 90 5 94 9 97 13 100 44 100 54 100 67 100 68 100 74 100 77 100 85 100 92 100 98 99 100 82 100 22 99 2 96 0 69 0 48 0 
23 29 0 8 3 0 9 0 35 0 36 0 72 2 90 6 98 38 100 49 100 57 100 61 100 92 99 98 98 100 72 100 57 100 54 100 51 100 24 94 1 88 0 77 0 62 0 
21 64 0 1 1 0 18 0 37 1 96 6 100 29 100 79 100 96 100 96 100 100 97 100 75 100 66 100 56 100 56 100 16 100 10 98 3 92 2 80 0 78 0 
19 69 0 42 1 34 2 12 5 1 14 1 60 6 96 8 97 44 100 62 99 84 97 89 95 97 90 98 79 100 53 100 23 100 11 99 0 84 0 
33 1 0 0 23 0 23 0 50 0 61 0 94 2 98 5 99 28 100 40 100 47 100 55 100 74 100 92 99 98 98 98 98 99 96 100 88 100 84 100 79 100 58 100 32 100 0 94 0 94 0 92 0 87 0 67 0 59 0 58 0 49 0 4 0 3 0 
43 3 0 1 4 0 8 0 16 0 17 0 19 0 23 0 27 0 30 0 45 0 46 0 46 0 62 0 67 1 99 9 100 15 100 16 100 27 100 38 100 43 100 52 100 52 100 52 100 85 100 86 100 89 100 100 99 100 98 100 95 100 75 100 75 100 69 100 12 99 4 90 0 88 0 76 0 49 0 22 0 22 0 18 0 7 0 
13 74 1 9 2 1 5 1 98 43 99 85 100 96 96 100 94 100 53 100 7 98 2 87 1 83 1 
22 51 0 12 1 5 11 3 14 0 30 0 53 0 57 0 76 0 99 68 100 73 100 100 99 100 96 100 95 100 89 100 49 100 39 100 39 100 22 95 5 93 0 62 0 
40 1 0 0 25 0 60 0 64 0 68 0 70 1 88 5 99 42 100 45 100 61 100 67 100 80 100 91 100 97 98 100 80 100 78 100 61 100 60 100 53 100 52 100 48 100 30 100 20 100 18 100 10 92 3 83 0 83 0 83 0 46 0 38 0 35 0 34 0 33 0 19 0 14 0 13 0 10 0 5 0 
11 72 0 14 2 1 22 0 34 3 71 6 100 91 97 100 88 100 19 97 3 89 2 
37 1 0 0 2 0 10 0 20 0 27 0 33 0 38 0 59 0 64 0 64 0 78 2 98 9 100 34 100 55 100 65 100 70 100 75 100 87 100 99 100 100 96 100 91 100 84 100 75 100 32 100 22 99 10 96 2 87 1 54 0 54 0 38 0 28 0 20 0 13 0 6 0 6 0 
13 74 0 23 1 1 5 0 26 0 49 0 84 2 99 42 99 69 99 86 93 98 71 100 53 100 1 
14 13 0 5 1 1 41 1 85 3 99 33 99 93 97 98 93 99 91 98 9 95 3 50 1 25 0 19 0 
26 8 0 0 1 0 2 0 15 0 19 0 27 0 39 0 60 0 70 0 76 0 79 2 100 22 100 62 100 63 100 67 100 92 100 98 100 100 81 100 74 100 72 100 46 100 41 99 1 65 0 18 0 
45 13 0 3 1 0 6 0 9 0 12 0 34 0 35 0 35 0 35 0 38 0 42 0 47 0 63 0 67 0 75 0 85 0 89 0 90 1 95 2 99 16 100 34 100 34 100 44 100 45 100 46 100 96 99 100 96 100 95 100 77 100 58 100 51 100 22 100 11 99 5 98 3 97 1 85 0 77 0 60 0 53 0 50 0 26 0 15 0 14 0 
27 2 0 0 19 0 61 0 71 0 83 0 86 0 100 38 100 56 100 71 100 74 100 81 100 97 100 100 88 100 64 100 63 100 53 100 51 100 45 100 17 100 16 98 1 42 0 40 0 30 0 20 0 5 0 
31 19 0 2 1 1 2 0 11 0 58 1 96 2 99 15 100 32 100 39 100 42 100 66 100 68 100 85 100 96 100 100 95 100 88 100 66 100 60 100 35 100 23 100 20 100 10 99 5 98 0 83 0 80 0 80 0 63 0 44 0 40 0 
23 3 0 1 5 0 10 0 19 0 75 4 96 8 97 70 100 75 100 82 100 87 100 89 100 97 100 98 100 100 84 100 50 100 39 100 9 90 2 79 1 66 0 53 0 24 0 
20 12 0 8 3 2 11 0 23 0 51 0 60 0 73 0 96 13 100 92 99 97 95 100 54 100 19 100 5 94 0 92 0 77 0 73 0 41 0 21 0 
36 17 0 10 1 2 6 1 7 0 26 0 50 0 52 0 54 0 64 0 84 0 88 0 99 8 100 13 100 25 100 33 100 38 100 46 100 86 100 100 100 100 84 100 84 100 75 100 74 100 61 100 50 99 14 98 4 96 3 82 0 80 0 39 0 34 0 32 0 30 0 24 0 
10 38 0 6 1 3 10 1 61 3 98 53 100 100 99 100 54 100 9 100 4 
8 57 2 29 3 3 11 0 71 15 94 98 92 97 9 88 5 
35 15 0 3 1 0 2 0 13 0 26 0 46 0 54 0 80 0 88 0 93 6 100 13 100 25 100 27 100 38 100 82 100 94 100 99 94 100 73 100 62 100 45 99 36 96 9 94 1 83 0 81 0 78 0 45 0 34 0 32 0 31 0 30 0 22 0 19 0 19 0 
13 71 0 33 1 17 2 7 8 1 25 2 74 3 80 11 100 66 100 92 91 100 60 99 29 94 0 
19 64 0 35 1 25 2 15 3 7 8 0 16 0 68 3 84 12 99 20 99 27 99 100 98 100 79 100 74 100 46 100 44 100 1 81 0 77 0 
41 6 0 3 1 0 6 0 7 0 11 0 50 0 51 0 60 0 62 0 78 0 85 2 98 29 100 45 100 48 100 49 100 65 100 76 100 97 100 99 99 100 83 100 79 100 59 100 50 100 49 100 44 100 34 100 22 100 17 100 4 100 2 94 1 58 0 57 0 38 0 34 0 34 0 32 0 28 0 25 0 24 0 
24 13 0 0 2 0 39 0 53 0 74 0 84 1 100 4 100 12 100 12 100 25 100 58 100 96 99 98 98 99 94 100 86 100 32 100 1 95 0 84 0 82 0 81 0 42 0 35 0 
11 45 0 10 8 9 9 4 23 2 88 54 98 85 98 96 84 99 23 89 8 57 0 
31 32 0 2 1 0 11 0 51 0 70 0 80 0 84 0 85 0 91 3 94 9 99 30 99 44 99 56 99 72 99 74 99 82 99 90 99 95 99 98 97 99 96 100 29 100 19 100 3 100 3 85 0 62 0 59 0 47 0 38 0 36 0 
37 23 0 7 1 5 3 2 6 0 15 0 19 0 28 0 33 0 38 0 49 0 72 1 99 47 100 58 100 72 100 86 99 97 98 99 97 100 81 100 72 100 72 100 41 100 36 100 32 100 24 100 12 100 11 99 5 98 0 96 0 81 0 77 0 58 0 52 0 45 0 38 0 37 0 
43 18 0 5 1 0 4 0 15 0 16 0 17 0 27 0 66 0 69 0 73 0 82 0 85 0 87 0 91 0 99 53 100 61 100 62 100 66 100 69 100 70 100 76 100 79 100 86 98 95 92 100 80 100 25 100 20 100 18 100 17 100 17 100 4 96 1 83 0 81 0 80 0 68 0 66 0 60 0 51 0 50 0 47 0 39 0 
14 38 0 25 1 15 7 0 16 0 19 2 90 3 100 39 100 95 95 100 93 100 92 99 10 93 2 70 0 
11 12 0 0 39 3 76 7 94 16 95 98 99 98 85 97 22 85 3 69 1 15 0 
12 7 0 1 13 0 43 0 48 1 85 18 96 52 97 97 78 96 50 91 4 74 2 63 1 
16 42 0 9 3 4 4 0 58 0 67 0 70 4 97 67 100 72 100 95 97 99 90 100 72 100 55 100 43 100 37 100 0 
36 6 0 1 6 0 8 0 52 0 52 0 66 0 67 0 92 0 98 0 100 18 100 26 100 30 100 44 100 60 100 66 100 91 100 95 100 97 98 99 82 100 71 100 48 100 20 100 15 100 8 99 2 93 0 88 0 75 0 70 0 64 0 59 0 49 0 37 0 27 0 24 0 
17 22 0 4 1 0 14 0 33 0 84 7 98 8 99 43 100 55 100 72 98 93 95 98 71 100 19 100 6 93 1 86 0 45 0 
13 0 0 0 60 1 77 12 96 69 100 83 99 93 97 97 94 100 81 100 37 100 34 98 3 63 0 
31 1 0 0 6 0 11 0 33 0 39 0 41 0 55 0 63 1 99 9 100 13 100 27 100 74 100 100 97 100 96 100 88 100 84 100 72 100 71 100 54 100 49 100 22 100 11 100 3 96 1 65 0 50 0 45 0 31 0 25 0 14 0 
27 5 0 0 10 0 21 0 65 0 68 0 78 0 93 0 96 0 98 34 100 61 100 80 100 85 100 88 100 99 98 100 82 100 65 100 54 100 52 100 14 98 2 79 0 51 0 48 0 47 0 42 0 33 0 
28 4 0 0 1 0 3 0 17 0 67 0 86 1 100 62 100 69 100 83 100 100 96 100 94 100 85 100 83 100 74 100 68 100 56 100 46 100 17 99 2 90 0 72 0 70 0 52 0 47 0 43 0 36 0 28 0 
15 9 0 3 7 1 17 0 70 0 95 41 99 100 98 100 87 100 64 99 2 87 0 71 0 66 0 61 0 24 0 
25 1 0 0 5 0 36 0 37 0 55 1 80 2 86 5 99 14 100 17 100 25 100 52 100 58 100 88 99 97 98 99 95 100 90 100 68 100 49 100 25 100 21 99 8 89 0 29 0 4 0 
7 95 1 12 4 7 24 8 84 19 100 81 83 98 16 
33 18 0 7 1 1 5 0 8 0 14 0 37 0 41 0 71 0 85 0 92 1 97 3 100 18 100 34 100 51 100 55 100 61 100 71 100 92 100 95 98 98 92 100 80 100 43 100 42 100 12 100 11 100 7 100 7 98 3 85 0 73 0 59 0 45 0 
23 5 0 2 1 1 2 0 5 0 33 2 96 6 99 40 100 43 100 77 100 83 100 91 99 99 98 100 63 100 57 100 34 100 31 100 16 100 3 100 2 79 0 29 0 28 0 
39 14 0 7 1 1 8 0 43 0 47 0 66 0 87 0 89 0 93 0 97 4 100 35 100 42 100 66 100 70 100 72 100 74 100 90 100 91 100 94 99 99 97 100 86 100 85 100 74 100 72 100 68 100 62 100 41 100 27 100 24 100 17 100 11 99 7 96 1 88 0 80 0 51 0 42 0 18 0 
29 12 0 1 10 0 47 0 58 0 87 0 100 8 100 30 100 44 100 48 100 59 100 63 100 69 100 90 100 93 100 98 100 100 90 100 67 100 65 100 26 100 25 100 6 94 2 85 1 60 0 48 0 46 0 32 0 32 0 
32 15 0 3 3 0 7 0 10 0 43 0 54 0 59 1 97 8 100 20 100 28 100 36 100 44 100 92 99 98 94 99 83 100 71 100 65 100 63 100 61 100 50 100 31 100 24 100 14 100 8 99 5 89 0 89 0 57 0 36 0 20 0 20 0 
25 13 0 5 1 1 3 0 27 0 53 1 85 2 99 25 100 38 100 41 100 66 100 69 100 70 100 85 100 90 99 97 95 99 59 100 37 100 33 100 26 100 25 100 22 98 6 96 0 48 0 
17 32 0 9 4 2 6 1 22 1 51 1 51 2 70 5 88 10 95 28 99 79 100 84 100 91 98 100 93 100 28 100 6 98 0 
36 6 0 0 1 0 7 0 10 0 13 0 53 0 54 0 65 0 65 0 67 0 88 0 97 1 100 8 100 12 100 15 100 24 100 28 100 33 100 33 100 52 100 65 100 90 100 100 99 100 95 100 75 100 50 100 48 100 45 100 31 98 4 94 0 89 0 77 0 31 0 12 0 
29 2 0 1 4 0 9 0 17 0 19 0 32 0 51 0 58 0 67 0 79 0 84 2 100 10 100 18 100 20 100 27 100 29 100 89 100 97 95 100 91 100 76 100 67 100 35 98 0 97 0 73 0 46 0 16 0 9 0 
16 57 0 31 1 8 3 7 4 4 12 0 24 1 100 25 100 78 100 97 98 100 88 100 43 100 27 94 1 81 0 77 0 
26 4 0 0 23 0 28 0 31 0 45 0 100 6 100 27 100 46 100 53 100 62 100 87 99 93 98 98 92 100 35 100 24 100 8 100 2 100 2 79 0 78 0 70 0 61 0 37 0 32 0 13 0 
19 26 0 5 1 5 1 0 4 0 19 0 39 0 61 2 73 4 81 9 99 14 100 92 99 96 96 99 92 100 64 100 25 100 22 100 0 35 0 
17 43 0 15 1 6 5 5 6 0 50 0 90 7 98 30 99 89 99 91 99 99 87 99 71 99 69 99 29 98 19 95 8 76 0 
6 3 4 9 90 29 96 85 75 98 49 61 6 
29 26 0 5 1 1 4 0 50 0 59 0 61 0 65 0 66 1 91 3 98 14 100 17 100 25 100 27 100 75 100 100 93 100 80 100 79 100 36 100 24 97 7 94 1 86 0 68 0 68 0 50 0 44 0 43 0 29 0 
15 22 0 14 7 8 21 1 47 1 60 1 93 4 97 9 98 81 100 88 98 95 88 99 77 100 64 100 19 76 7 
32 17 0 17 0 5 1 3 7 3 7 1 13 0 20 0 29 0 44 0 64 0 72 0 73 0 85 0 87 0 88 0 90 3 97 6 98 33 100 77 100 100 98 100 74 100 65 100 60 100 58 100 53 100 51 100 5 99 2 90 1 72 0 56 0 
13 21 0 17 2 1 18 3 60 4 72 7 88 16 97 74 100 96 84 99 66 100 18 100 18 82 0 
11 92 1 48 3 3 28 2 74 4 88 6 93 9 94 44 93 95 83 99 78 99 3 
46 26 0 0 2 0 6 0 6 0 11 0 13 0 55 0 60 0 65 0 69 0 81 0 89 0 96 2 98 13 100 18 100 21 100 37 100 45 100 60 100 72 100 75 100 79 100 88 100 97 100 98 99 100 90 100 89 100 56 100 50 100 46 100 45 100 37 100 34 100 31 100 18 100 15 100 4 100 4 99 1 89 0 89 0 85 0 77 0 71 0 47 0 
14 1 0 0 2 0 20 0 31 0 31 3 100 92 100 98 94 99 84 100 67 100 31 97 7 71 1 10 0 
18 46 0 30 1 0 4 0 28 0 54 0 76 1 84 8 93 15 100 58 100 73 99 84 96 97 90 100 70 100 2 80 0 61 0 59 0 
37 10 0 8 1 0 7 0 24 0 38 0 45 0 49 0 50 0 51 0 58 0 73 0 77 0 85 0 88 1 92 2 95 9 99 23 100 34 100 37 100 83 100 95 98 98 96 100 79 100 69 100 55 100 34 100 13 100 13 99 1 75 0 73 0 72 0 56 0 39 0 36 0 11 0 
20 46 0 21 1 6 3 2 10 2 67 2 76 2 93 3 94 9 97 29 99 41 100 60 100 69 100 88 100 96 99 98 69 96 52 91 10 85 7 63 2 
29 7 0 2 5 0 12 0 48 0 84 0 91 0 94 0 98 8 100 9 100 44 100 57 100 65 100 70 100 70 100 98 100 100 98 100 68 100 66 100 8 100 0 92 0 89 0 88 0 59 0 36 0 23 0 9 0 8 0 
39 33 0 1 1 0 4 0 10 0 23 0 51 0 54 0 71 0 77 1 88 6 93 23 99 31 100 45 100 45 100 46 100 54 100 70 100 84 100 93 100 96 98 97 96 100 82 100 81 100 75 100 72 100 60 100 47 100 34 100 32 100 32 100 29 100 24 100 13 100 11 98 6 96 1 62 0 57 0 
50 28 0 0 1 0 25 0 30 0 39 0 43 0 50 0 56 0 60 0 63 0 79 0 88 0 99 6 100 11 100 22 100 51 100 55 100 57 100 64 100 80 100 90 100 95 100 98 99 100 96 100 87 100 81 100 63 100 60 100 60 100 59 100 54 100 53 100 40 100 39 100 26 100 18 100 15 100 12 98 0 85 0 81 0 78 0 71 0 64 0 61 0 50 0 50 0 36 0 30 0 
40 0 0 0 14 0 17 0 51 0 56 0 84 0 93 0 100 33 100 41 100 44 100 48 100 49 100 49 100 59 100 64 100 64 100 90 99 96 97 100 92 100 78 100 77 100 72 100 56 100 48 100 47 100 36 100 29 100 21 100 20 100 14 100 9 100 8 99 5 96 0 77 0 77 0 48 0 16 0 14 0 
46 6 0 6 0 3 5 0 10 0 14 0 26 0 33 0 38 0 38 0 51 0 51 0 53 0 59 0 63 0 63 0 93 0 99 0 100 1 100 15 100 22 100 45 100 58 100 60 100 63 100 69 100 78 100 84 100 84 100 86 100 98 100 98 100 100 94 100 92 100 67 100 62 100 22 99 4 96 0 92 0 75 0 69 0 58 0 46 0 41 0 13 0 
43 3 0 3 0 2 4 0 21 0 22 0 22 0 33 0 34 0 39 0 43 0 51 0 57 0 67 0 80 0 81 0 97 11 100 22 100 58 100 65 100 94 100 98 100 100 90 100 85 100 70 100 60 100 51 100 41 100 39 100 34 100 32 100 30 100 29 100 25 100 18 99 10 94 2 91 1 86 0 86 0 57 0 32 0 19 0 
19 25 0 7 1 0 2 0 13 0 84 0 85 4 100 99 99 100 91 100 76 100 74 100 58 100 53 100 23 100 10 98 1 89 0 48 0 37 0 
32 7 0 2 1 0 26 0 32 0 44 0 45 0 58 0 69 0 97 3 99 17 100 32 100 45 100 57 100 87 100 97 100 99 93 100 88 100 80 100 65 100 65 100 59 100 59 100 48 100 34 100 28 100 26 100 14 99 0 95 0 46 0 19 0 
13 16 0 5 13 1 69 7 90 9 97 26 100 64 100 90 99 92 98 100 79 97 27 87 3 60 0 
39 9 0 1 2 0 22 0 22 0 35 0 57 0 57 0 58 0 63 0 96 0 99 12 100 29 100 55 100 55 100 59 100 86 100 93 99 93 99 100 96 100 80 100 76 100 75 100 65 100 52 100 47 100 44 100 40 100 37 100 0 99 0 85 0 67 0 59 0 49 0 47 0 46 0 31 0 24 0 
42 21 0 5 1 1 2 0 16 0 20 0 24 0 27 0 47 0 56 0 61 0 62 0 78 0 83 0 87 0 89 1 94 3 97 5 99 15 100 24 100 27 100 73 100 90 100 92 100 93 100 98 100 100 99 100 95 100 67 100 61 100 51 100 42 100 37 100 27 100 3 99 0 92 0 83 0 76 0 72 0 63 0 62 0 
40 5 0 0 1 0 29 0 33 0 40 0 51 0 69 0 78 0 84 0 89 0 94 0 96 5 97 20 100 28 100 45 100 46 100 94 100 97 100 100 100 100 94 100 87 100 83 100 56 100 47 100 36 100 29 100 24 100 21 100 13 98 3 95 0 80 0 80 0 75 0 63 0 60 0 52 0 21 0 11 0 
6 52 2 20 18 18 53 49 88 93 59 98 50 
0