12 98 0 22 1 3 8 1 27 1 39 2 95 9 99 56 100 100 99 100 56 100 33 100 13 
15 24 0 6 3 4 24 0 98 2 99 58 100 61 100 88 96 94 95 99 92 99 35 99 27 99 7 98 5 67 0 
15 6 0 3 3 1 11 0 70 1 92 3 100 44 100 52 100 80 100 93 98 99 95 100 87 99 5 92 3 71 0 
23 31 0 4 2 0 28 0 35 0 45 0 55 0 78 1 83 2 88 5 97 9 99 22 100 49 100 55 100 97 100 100 93 100 38 98 2 94 1 79 0 78 0 63 0 62 0 
24 89 0 19 1 13 2 4 4 0 25 0 33 0 35 0 46 0 67 3 88 4 92 8 96 17 100 44 99 92 97 95 94 98 91 100 61 100 53 100 48 100 47 100 22 100 21 99 2 
21 53 0 3 2 0 49 0 52 0 89 0 92 2 100 6 100 28 100 40 100 46 100 66 100 71 100 84 100 93 100 98 97 100 43 100 28 100 12 97 0 84 0 
40 3 0 2 2 0 21 0 31 0 31 0 34 0 38 0 47 0 61 0 62 0 93 1 100 4 100 44 100 93 100 99 100 100 92 100 87 100 84 100 81 100 73 100 66 100 51 100 48 100 47 100 30 100 26 100 24 100 5 100 3 99 1 92 0 85 0 85 0 77 0 55 0 44 0 40 0 25 0 15 0 
10 28 1 0 15 3 76 6 83 24 96 38 100 58 99 96 92 92 33 88 3 
41 31 0 17 1 2 5 0 14 0 15 0 35 0 37 0 54 0 56 0 64 0 73 0 79 0 89 0 90 1 95 3 97 6 100 23 100 26 100 26 100 27 100 36 100 37 100 45 100 55 100 78 100 84 100 100 100 100 97 100 75 100 73 100 61 100 36 100 17 100 12 100 9 99 0 79 0 72 0 52 0 48 0 
16 6 0 3 1 2 6 1 83 12 93 17 96 49 99 93 98 100 88 100 76 100 50 100 18 96 8 87 1 64 0 17 0 
19 2 0 0 31 0 65 0 69 0 77 2 93 3 98 4 99 13 100 22 100 32 100 57 100 76 100 87 99 99 97 100 61 100 19 99 4 98 0 
28 6 0 0 20 0 31 0 34 0 69 0 70 0 72 0 88 1 98 23 100 30 100 36 100 49 100 50 100 58 100 83 100 87 100 100 98 100 88 100 69 100 47 99 4 94 2 75 0 49 0 46 0 39 0 20 0 
22 52 0 18 1 2 11 1 21 1 62 1 69 1 93 3 97 4 99 23 100 56 100 57 100 69 100 90 99 100 91 100 72 100 41 100 16 100 2 95 1 74 0 67 0 
30 24 0 13 1 5 5 2 20 0 30 0 35 0 44 2 93 3 96 4 99 37 100 58 100 62 100 78 100 99 97 100 92 100 88 100 87 100 49 100 47 100 23 100 15 100 14 99 1 83 0 66 0 64 0 63 0 58 0 26 0 
40 10 0 3 2 3 2 2 3 1 9 0 30 0 30 0 43 0 49 0 65 0 75 0 95 0 98 14 100 16 100 25 100 44 100 55 100 59 100 61 100 68 100 74 100 89 100 93 100 100 95 100 55 100 54 100 19 100 13 100 11 98 3 95 1 93 0 90 0 79 0 72 0 60 0 39 0 24 0 23 0 
22 2 0 1 1 0 5 0 9 0 38 0 75 0 87 0 99 0 100 23 100 66 100 93 100 98 97 99 55 100 0 92 0 85 0 79 0 67 0 52 0 51 0 48 0 
22 19 0 4 2 0 11 0 26 0 63 3 93 4 99 5 100 41 100 48 100 86 99 96 92 99 83 100 27 100 14 99 1 92 0 89 0 80 0 80 0 59 0 56 0 
14 68 0 19 5 3 7 0 42 0 56 8 98 18 99 42 99 53 99 72 98 92 87 98 81 98 12 98 9 
21 19 0 14 1 9 2 0 13 0 71 1 91 2 100 36 100 50 100 86 100 97 96 98 91 99 83 100 69 100 4 97 1 78 0 66 0 43 0 27 0 20 0 
54 3 0 0 8 0 13 0 13 0 17 0 24 0 25 0 33 0 45 0 48 0 51 0 77 0 79 0 94 4 99 6 100 12 100 29 100 35 100 46 100 50 100 54 100 94 100 100 100 100 97 100 96 100 94 100 51 100 47 100 46 100 41 100 39 100 26 100 23 100 18 100 13 100 0 96 0 96 0 92 0 81 0 77 0 74 0 68 0 62 0 54 0 45 0 43 0 30 0 21 0 20 0 15 0 14 0 6 0 
46 18 0 3 1 0 19 0 53 0 57 0 59 0 61 0 68 0 80 0 86 0 90 0 93 1 98 1 98 2 99 5 100 11 100 24 100 37 100 41 100 44 100 45 100 57 100 58 100 59 100 63 100 72 100 76 100 90 100 100 97 100 75 100 73 100 59 100 40 100 16 100 7 100 7 100 6 99 0 80 0 69 0 68 0 52 0 37 0 28 0 22 0 
36 20 0 3 2 1 3 0 7 0 51 0 56 0 74 0 79 0 83 0 88 0 98 4 100 12 100 35 100 57 100 63 100 66 100 71 100 90 100 94 100 95 100 97 100 99 96 100 70 100 55 100 40 100 38 100 33 100 32 100 5 98 2 92 0 78 0 78 0 32 0 32 0 
38 21 0 5 1 2 4 0 13 0 26 0 37 0 40 0 42 0 78 0 78 0 83 0 97 0 100 22 100 36 100 52 100 64 100 69 100 76 100 86 100 95 100 100 85 100 85 100 58 100 48 100 47 100 36 100 15 100 8 100 5 100 0 95 0 92 0 59 0 56 0 55 0 53 0 28 0 
16 11 0 4 4 0 7 0 15 0 50 0 89 2 100 27 100 63 100 80 99 99 95 100 28 96 7 91 2 79 0 47 0 
37 2 0 1 3 0 20 0 41 0 47 0 51 0 64 0 72 0 80 0 83 0 89 0 100 20 100 40 100 40 100 46 100 58 100 74 100 86 100 97 99 99 97 100 85 100 76 100 60 100 22 100 16 100 14 100 10 100 6 100 4 94 0 94 0 86 0 60 0 35 0 18 0 5 0 
13 32 0 1 2 0 89 10 99 61 100 92 97 97 94 100 72 100 25 100 24 100 3 80 1 49 0 
15 3 1 2 2 0 44 0 75 1 89 6 98 14 99 80 100 92 90 95 87 98 49 99 32 93 6 90 2 21 1 
15 12 1 6 18 0 39 3 97 9 99 53 100 85 100 95 98 97 95 100 89 100 22 95 8 93 3 81 1 40 1 
19 4 0 1 1 0 55 0 57 1 96 8 99 18 100 25 100 40 100 73 100 82 100 92 100 99 98 100 26 100 16 99 7 84 0 39 0 9 0 
30 1 0 0 17 0 69 0 83 0 97 2 99 10 100 14 100 24 100 36 100 56 100 57 100 69 100 74 100 87 100 91 100 97 100 99 84 100 66 100 17 98 2 84 0 75 0 67 0 61 0 60 0 51 0 46 0 33 0 10 0 
12 39 1 1 12 0 35 0 81 0 84 8 90 34 99 85 96 98 89 99 69 100 11 92 3 
16 46 1 38 4 20 11 19 13 13 26 3 52 1 59 1 98 37 99 61 99 85 95 96 93 100 72 100 14 89 4 73 1 
20 97 0 20 1 11 2 6 10 2 22 0 65 1 77 2 89 3 97 57 100 86 99 93 97 95 96 99 89 100 70 100 48 100 45 100 17 100 12 99 1 
31 0 0 0 1 0 17 0 30 0 38 0 38 0 46 0 58 0 67 0 78 0 85 0 85 1 96 9 98 9 98 45 99 82 100 95 96 97 95 98 94 100 63 100 49 100 41 98 18 94 8 89 4 84 1 77 0 76 0 72 0 3 0 
16 3 0 0 18 0 85 5 100 7 100 39 100 56 100 74 100 88 100 96 99 100 87 100 57 98 22 89 2 67 0 38 0 
16 32 0 9 4 0 14 0 20 0 76 0 80 0 97 40 100 83 100 92 100 94 98 96 96 99 79 100 70 99 8 69 1 
13 43 3 8 5 0 41 1 81 4 97 5 99 14 99 62 98 66 97 88 91 95 89 98 69 97 8 
37 1 0 0 23 0 36 0 40 0 50 0 60 0 79 0 79 0 80 0 83 0 96 0 97 8 100 16 100 18 100 34 100 69 100 74 100 95 98 98 95 100 86 100 64 100 63 100 47 100 44 100 16 100 16 100 9 100 8 100 3 96 0 70 0 63 0 55 0 53 0 46 0 38 0 
11 26 1 11 9 2 75 5 92 7 98 75 94 90 86 98 42 98 16 78 8 40 1 
33 2 0 0 15 0 43 0 49 0 51 0 52 0 57 0 70 0 84 0 84 1 96 2 97 10 100 16 100 23 100 24 100 47 100 79 100 87 99 97 97 100 94 100 93 100 75 100 71 100 45 100 45 100 39 100 27 98 8 97 3 92 0 51 0 50 0 
24 16 0 2 2 0 27 0 67 0 69 2 97 11 99 19 100 37 100 47 100 75 100 96 97 99 92 100 63 100 60 100 57 100 18 100 15 99 9 95 1 46 0 46 0 32 0 30 0 
16 36 0 8 3 2 6 0 17 0 50 1 99 28 100 99 99 100 91 100 36 100 19 99 11 97 5 95 3 70 0 45 0 
39 34 0 7 1 3 3 1 7 0 24 0 25 0 32 0 49 0 52 0 54 0 61 0 70 0 75 0 80 3 86 6 90 16 100 30 100 32 100 40 100 43 100 63 100 79 100 82 100 88 100 100 99 100 97 100 90 100 86 100 67 100 58 100 56 100 55 100 45 100 24 100 6 98 4 90 0 88 0 
35 41 0 18 1 7 2 0 16 0 46 0 84 0 95 0 97 3 100 5 100 10 100 20 100 23 100 25 100 52 100 71 100 93 99 98 98 99 96 100 89 100 79 100 64 100 45 100 26 100 17 100 3 98 0 97 0 84 0 79 0 75 0 70 0 61 0 61 0 59 0 
25 16 0 5 2 3 5 2 9 1 13 0 34 0 58 1 96 4 97 17 100 47 100 61 100 64 100 70 100 95 99 100 87 100 83 100 83 100 51 100 13 100 6 86 0 58 0 30 0 17 0 
25 4 0 1 13 1 13 0 56 0 64 0 79 0 82 1 100 19 100 36 100 64 100 67 100 99 100 100 80 100 37 100 32 99 7 96 1 91 0 84 0 82 0 63 0 60 0 29 0 27 0 
23 55 0 13 1 3 3 3 3 1 12 0 30 0 40 0 56 0 65 1 82 7 93 12 96 29 100 47 100 54 100 82 100 97 99 100 77 100 63 100 57 100 4 88 1 59 0 
27 4 0 2 1 1 7 0 55 0 60 0 82 0 86 3 92 7 99 25 100 50 100 67 100 68 100 87 100 92 96 97 89 99 71 100 54 100 46 100 45 100 42 100 30 100 17 98 1 77 0 60 0 52 0 
14 28 0 6 1 1 3 0 7 0 37 0 42 1 96 15 100 76 100 98 97 99 85 100 8 98 2 85 1 
21 49 0 8 1 5 3 0 10 0 17 3 98 6 99 21 100 38 100 47 100 62 100 77 99 99 95 100 68 100 68 100 51 100 41 100 29 98 15 94 1 70 0 
16 38 0 2 3 2 3 0 7 0 61 1 75 3 95 7 98 35 99 73 100 94 99 99 92 100 88 100 86 99 1 39 0 
35 14 0 4 2 2 6 0 10 0 24 0 50 0 57 0 82 0 85 3 99 6 100 12 100 47 100 55 100 58 100 59 100 89 100 96 99 100 94 100 93 100 93 100 90 100 82 100 77 100 63 100 51 100 20 100 20 100 18 100 7 100 3 95 2 89 1 52 0 48 0 
9 60 0 1 9 1 55 2 65 9 75 70 96 96 92 99 71 97 4 
32 0 0 0 7 0 26 0 38 0 45 0 67 0 67 0 67 0 72 0 73 0 91 1 98 30 100 41 100 48 100 53 100 91 100 95 100 100 100 100 100 100 95 100 93 100 88 100 76 100 67 100 31 100 17 100 4 93 0 79 0 58 0 32 0 
19 10 0 4 7 1 13 0 79 0 90 2 100 23 100 46 100 61 100 86 100 97 97 100 92 100 30 100 22 100 18 99 9 89 0 38 0 11 0 
37 16 0 4 1 0 4 0 17 0 33 0 36 0 41 0 68 1 94 2 97 9 100 16 100 30 100 30 100 60 100 88 100 90 100 92 100 95 100 98 98 99 96 100 77 100 63 100 53 100 41 100 31 100 30 99 14 96 0 78 0 57 0 57 0 56 0 54 0 53 0 38 0 25 0 
25 26 0 18 2 5 9 0 43 0 48 0 52 0 56 0 68 0 69 0 92 0 98 2 99 17 100 25 100 72 100 73 100 82 100 95 100 99 98 100 10 98 6 84 2 68 1 51 0 38 0 
23 45 0 45 0 11 1 0 3 0 3 0 6 0 30 0 83 0 94 0 99 23 100 42 100 63 100 95 99 98 95 100 83 100 83 100 57 100 49 100 15 96 1 63 0 55 0 
26 27 0 12 1 0 5 0 16 0 70 0 75 0 78 0 95 0 96 18 100 30 100 33 100 41 100 88 99 100 95 100 76 100 74 100 44 100 40 100 22 100 22 99 1 94 0 65 0 56 0 28 0 
28 5 0 0 2 0 27 0 46 0 71 0 79 1 94 12 99 37 100 61 100 86 99 97 96 100 90 100 81 100 81 100 79 100 71 100 68 100 54 100 43 100 23 99 10 97 1 90 0 77 0 36 0 28 0 16 0 
17 11 0 8 3 3 8 0 16 0 91 4 95 12 100 41 100 63 100 100 100 100 14 100 9 100 9 100 2 90 1 77 0 69 0 
28 3 0 0 10 1 32 6 94 7 96 8 97 10 99 11 100 14 100 27 100 41 100 64 100 84 96 91 93 94 90 98 81 99 73 100 56 100 36 100 27 99 1 86 0 51 0 50 0 37 0 30 0 22 0 17 0 
29 0 0 0 7 0 30 0 53 0 53 0 78 0 86 1 99 6 100 18 100 20 100 90 100 91 100 100 98 100 80 100 76 100 74 100 68 100 53 100 31 100 7 100 0 89 0 80 0 75 0 54 0 52 0 42 0 39 0 
33 11 0 7 1 5 2 1 5 1 5 0 37 0 38 0 73 0 81 0 85 2 95 14 100 51 100 53 100 59 100 59 100 80 100 86 100 91 100 100 100 100 99 100 79 100 40 100 34 100 32 99 3 98 0 92 0 88 0 86 0 68 0 35 0 32 0 
30 6 0 3 1 0 6 0 21 0 27 0 42 0 60 0 69 0 74 0 79 1 97 11 100 77 100 78 100 84 100 98 99 100 98 100 95 100 57 100 45 100 43 100 30 100 6 100 5 100 4 92 0 87 0 65 0 33 0 28 0 
32 1 0 0 3 0 20 0 26 0 68 0 76 0 93 0 99 36 100 52 100 53 100 60 100 72 100 82 100 100 100 100 99 100 90 100 75 100 67 100 59 100 49 100 42 100 39 100 37 100 28 100 26 99 3 95 0 95 0 76 0 42 0 11 0 
37 3 0 1 5 0 31 0 36 0 62 0 63 0 67 0 70 0 75 1 95 3 98 6 99 6 99 12 100 15 100 18 100 23 100 44 100 49 100 52 100 88 98 97 97 100 94 100 80 100 80 100 73 100 63 100 35 100 15 100 4 98 2 78 0 35 0 25 0 22 0 17 0 12 0 
30 0 0 0 5 0 15 0 20 0 60 0 74 0 88 0 100 5 100 7 100 24 100 45 100 63 100 81 99 93 98 99 88 100 86 100 65 100 60 100 31 100 30 100 19 99 6 93 0 74 0 69 0 45 0 42 0 29 0 21 0 
37 1 0 0 11 0 24 0 25 0 29 0 70 0 73 0 85 0 85 0 93 3 99 7 100 23 100 38 100 42 100 50 100 59 100 75 100 78 100 86 100 94 99 100 94 100 92 100 89 100 63 100 60 100 51 100 46 100 43 100 36 100 25 100 9 100 2 99 0 71 0 70 0 30 0 
18 10 0 3 1 1 2 0 6 0 48 0 85 0 91 9 99 30 100 70 99 98 98 100 87 100 67 100 44 99 11 98 8 92 0 22 0 
33 33 0 0 2 0 2 0 5 0 14 0 42 0 59 0 100 4 100 62 100 67 100 78 100 78 100 79 100 91 100 93 100 100 98 100 92 100 91 100 72 100 61 100 53 100 40 100 12 99 0 80 0 78 0 71 0 61 0 55 0 53 0 47 0 40 0 
11 63 1 11 4 4 9 0 59 10 95 52 100 85 96 98 77 100 20 96 14 67 1 
25 11 0 9 1 3 5 1 22 0 32 0 63 0 73 1 93 5 96 21 99 27 100 40 100 43 100 54 100 68 100 97 100 98 100 100 66 100 41 100 18 100 7 97 4 89 3 69 1 52 0 
20 1 0 1 0 0 30 0 38 0 68 1 97 16 99 50 100 59 100 62 100 84 100 99 100 100 81 100 59 100 55 100 45 100 43 99 2 94 0 76 0 
15 74 0 25 3 10 4 7 6 3 28 1 39 6 92 8 99 90 100 97 100 98 97 100 73 99 47 98 28 92 6 
22 14 0 6 2 1 7 0 8 0 19 0 29 0 63 2 97 3 100 24 100 41 100 83 100 98 98 100 72 100 46 100 45 100 35 100 32 99 12 91 1 50 0 47 0 
25 9 0 3 1 3 1 0 2 0 8 0 9 0 68 0 78 1 100 3 100 30 100 38 100 93 100 98 100 98 100 100 81 100 81 99 49 97 19 93 1 91 0 58 0 48 0 45 0 31 0 
8 7 1 1 5 11 80 22 98 55 93 81 71 85 39 85 9 
23 0 0 0 2 0 16 0 28 0 46 0 64 0 89 0 96 2 97 10 100 36 100 78 100 98 100 100 98 100 96 100 72 100 65 100 51 100 6 98 2 93 1 73 0 39 0 
30 5 0 0 11 0 19 0 50 0 51 0 57 1 83 2 96 10 98 20 100 26 100 31 100 42 100 42 100 60 100 84 100 88 100 96 93 100 85 100 74 100 43 100 20 100 1 91 0 56 0 41 0 40 0 35 0 30 0 22 0 
36 0 0 0 8 0 16 0 28 0 36 0 53 0 62 0 65 0 85 0 89 1 92 4 98 5 99 7 100 9 100 11 100 43 100 49 100 80 100 88 100 94 100 99 98 100 74 100 66 100 52 100 41 100 40 100 31 100 8 100 4 96 1 81 0 67 0 64 0 8 0 6 0 
37 9 0 2 1 0 28 0 79 0 84 0 90 0 96 0 98 1 100 10 100 41 100 43 100 62 100 70 100 77 100 77 100 95 100 99 99 100 98 100 76 100 58 100 37 100 16 99 1 91 0 76 0 57 0 55 0 54 0 53 0 53 0 38 0 30 0 21 0 21 0 18 0 10 0 
22 100 0 30 1 30 1 30 1 21 2 12 4 4 6 2 15 0 31 0 71 0 81 1 87 8 96 12 98 54 100 64 99 89 95 100 89 100 84 100 80 100 47 100 3 
37 14 0 3 1 3 1 1 3 0 6 0 9 0 32 0 43 0 49 0 60 0 92 0 92 0 95 0 97 2 100 9 100 31 100 40 100 53 100 89 100 92 100 99 99 100 91 100 80 100 80 100 75 100 70 100 55 100 31 100 20 100 15 100 14 99 2 94 0 91 0 60 0 17 0 
12 6 0 0 9 6 89 8 92 31 99 33 99 87 98 100 95 100 84 100 47 98 15 69 1 
36 2 0 1 2 0 20 0 23 0 25 0 52 0 91 0 100 5 100 47 100 48 100 61 100 61 100 75 100 80 100 83 100 97 99 100 87 100 77 100 63 100 60 100 56 100 10 100 9 100 9 98 4 91 2 82 0 74 0 66 0 45 0 37 0 20 0 18 0 4 0 3 0 
17 27 1 1 8 0 79 6 97 9 100 11 100 67 100 76 100 78 100 90 99 98 85 99 70 98 20 79 3 54 1 52 1 34 1 
43 26 0 18 1 3 5 0 9 0 11 0 15 0 47 0 64 0 71 0 74 0 97 3 100 7 100 10 100 22 100 23 100 25 100 43 100 50 100 58 100 71 100 77 99 97 92 99 91 100 85 100 82 100 71 100 70 100 53 100 52 100 45 100 37 100 37 100 31 100 4 100 4 90 2 82 1 68 0 63 0 59 0 52 0 43 0 
22 15 0 6 2 1 16 0 61 0 66 2 92 3 97 5 98 12 100 16 100 26 100 66 100 78 100 85 100 93 99 96 96 99 93 100 22 100 6 80 0 39 0 29 0 
15 2 0 0 34 0 74 3 90 10 94 26 98 28 98 55 98 81 97 99 94 100 37 100 36 100 0 65 0 7 0 
22 27 0 10 2 3 4 0 8 0 25 0 64 0 79 0 94 6 100 82 100 85 100 88 99 90 98 98 92 100 41 100 37 100 34 99 4 91 0 67 0 66 0 56 0 
31 7 0 0 1 0 2 0 16 0 17 0 30 0 69 0 79 4 91 8 96 14 99 29 100 55 100 79 100 100 99 100 75 100 60 100 56 100 48 100 40 100 38 100 24 100 13 100 8 93 1 78 0 62 0 57 0 56 0 21 0 9 0 
31 31 0 5 2 0 9 0 21 0 54 0 68 0 72 0 81 0 88 0 100 4 100 25 100 26 100 69 100 79 100 84 100 98 99 100 89 100 88 100 71 100 70 100 45 100 30 100 20 99 10 97 1 72 0 65 0 49 0 36 0 33 0 
19 18 0 12 1 5 4 0 11 0 20 0 52 0 68 0 84 4 100 23 100 94 98 100 71 100 42 100 26 100 19 100 9 99 1 79 0 43 0 
38 12 0 8 1 0 5 0 16 0 32 0 43 0 56 0 57 0 69 0 85 1 91 4 100 12 100 23 100 40 100 42 100 45 100 63 100 96 99 100 95 100 80 100 49 100 26 100 7 100 4 100 3 96 1 93 0 83 0 71 0 59 0 58 0 54 0 53 0 34 0 34 0 27 0 13 0 
19 7 0 3 8 1 12 0 69 1 77 8 99 15 100 27 100 69 100 77 100 85 98 95 91 100 84 100 57 100 30 100 28 100 16 96 4 87 1 
41 8 0 4 1 1 6 0 18 0 24 0 34 0 64 0 68 0 72 0 76 0 90 0 93 0 98 8 99 21 100 25 100 29 100 67 100 70 100 82 100 90 100 98 100 100 96 100 70 100 66 100 64 100 62 100 61 100 59 100 55 100 45 100 26 100 21 100 13 99 7 97 3 79 0 78 0 55 0 49 0 9 0 
30 93 0 20 1 10 2 6 3 3 4 2 8 0 20 0 27 0 49 0 56 0 68 1 82 3 90 5 97 9 100 14 100 23 100 32 100 59 100 88 99 97 96 99 95 100 86 100 78 100 69 100 36 100 32 99 12 99 12 96 1 
44 28 0 9 1 0 2 0 2 0 54 0 57 0 70 0 90 0 91 1 98 5 100 5 100 12 100 13 100 22 100 24 100 33 100 43 100 51 100 52 100 53 100 73 100 78 100 100 99 100 86 100 64 100 60 100 53 100 40 100 24 100 16 100 5 100 3 100 1 96 0 85 0 81 0 76 0 64 0 60 0 57 0 56 0 37 0 31 0 
28 6 0 1 1 0 5 0 6 0 19 0 35 0 58 0 74 0 86 0 86 1 94 10 97 26 100 46 100 72 100 77 100 94 99 100 98 100 95 100 33 99 0 99 0 98 0 78 0 65 0 45 0 27 0 15 0 
37 6 0 1 2 0 10 0 16 0 27 0 32 0 65 0 75 0 77 0 89 0 92 0 97 19 99 35 100 41 100 53 100 56 100 58 100 59 100 89 100 91 100 92 100 97 100 99 98 100 76 100 52 100 45 100 37 100 14 100 2 94 0 89 0 23 0 20 0 16 0 9 0 7 0 
32 12 0 6 3 6 3 1 14 1 14 0 48 0 59 0 61 0 64 0 84 0 96 0 100 4 100 30 100 36 100 56 100 62 100 64 100 70 100 94 100 97 100 100 98 100 78 100 65 100 5 100 3 89 0 88 0 88 0 72 0 62 0 56 0 
10 79 0 17 4 3 19 2 26 0 49 3 78 10 96 31 98 98 96 96 2 
35 9 0 2 8 0 16 0 24 0 41 0 56 0 70 1 83 3 100 15 100 15 100 23 100 24 100 30 100 34 100 61 100 75 100 86 100 92 100 100 95 100 80 100 67 100 39 100 38 100 14 99 4 96 2 91 0 68 0 48 0 37 0 35 0 31 0 19 0 13 0 
12 11 0 7 18 5 30 4 39 3 76 3 80 28 96 81 100 95 62 96 11 38 2 20 0 
39 0 0 0 4 0 10 0 22 0 23 0 60 0 62 0 94 0 95 1 99 4 100 6 100 11 100 28 100 55 100 64 100 88 100 100 99 100 89 100 80 100 72 100 62 100 61 100 45 100 39 100 29 99 0 99 0 98 0 91 0 85 0 83 0 77 0 57 0 32 0 26 0 26 0 9 0 8 0 
12 84 2 24 3 6 9 2 74 3 82 12 89 33 98 97 97 100 75 100 58 99 36 95 9 
20 1 0 0 80 0 87 1 95 5 100 34 100 44 100 53 100 77 100 84 99 97 96 100 62 100 23 96 2 89 0 76 0 54 0 42 0 31 0 15 0 
33 6 0 1 3 0 12 0 23 0 24 0 43 0 43 0 50 0 50 0 60 0 67 0 70 0 94 4 96 13 99 30 100 44 100 66 100 72 100 97 100 98 95 99 85 100 31 100 23 100 15 96 5 91 1 81 0 29 0 27 0 22 0 19 0 15 0 
20 57 0 23 1 0 3 0 23 0 39 0 82 0 83 2 92 23 98 57 100 68 100 69 100 97 95 100 69 100 62 100 59 100 54 99 20 96 0 88 0 
0