37 10 0 4 2 1 5 0 11 0 19 0 28 0 41 0 48 0 52 0 57 0 85 0 91 1 98 2 99 3 100 12 100 13 100 31 100 46 100 60 100 66 100 76 100 80 100 99 99 100 87 100 77 100 74 100 47 100 47 100 16 99 0 83 0 67 0 58 0 39 0 28 0 15 0 
24 15 0 2 2 0 23 0 92 0 100 26 100 33 100 55 100 98 100 100 98 100 95 100 88 100 68 100 38 100 32 100 28 100 19 100 10 95 0 80 0 79 0 75 0 36 0 33 0 
29 1 0 0 9 0 58 0 72 1 100 8 100 12 100 22 100 25 100 29 100 53 100 56 100 72 100 75 100 82 100 100 97 100 95 100 81 100 80 100 54 100 33 100 30 100 17 100 12 100 9 100 3 96 1 89 0 5 0 
20 47 0 3 2 3 2 1 12 0 28 0 44 0 66 0 74 0 100 81 100 82 100 94 99 95 97 100 84 100 51 100 22 100 20 100 5 94 1 73 0 
21 66 0 10 4 6 8 1 22 0 29 0 63 0 79 0 91 0 93 0 97 8 98 20 99 41 100 45 100 60 100 81 100 99 98 100 50 100 38 100 0 92 0 
16 16 0 0 9 0 39 0 55 0 61 0 95 2 98 35 100 97 99 100 88 100 85 100 50 100 48 100 7 91 2 84 1 
25 11 0 0 2 0 12 0 13 0 17 0 39 1 80 2 91 4 93 10 97 29 99 64 100 78 100 96 100 99 100 100 56 99 10 96 0 95 0 67 0 59 0 53 0 29 0 26 0 12 0 
16 17 0 4 6 0 53 0 76 0 90 0 99 27 100 73 99 98 93 100 34 100 22 100 10 96 2 92 0 58 0 30 0 
11 88 0 68 3 26 22 15 32 12 37 5 73 16 81 28 86 75 79 88 55 90 34 
22 74 0 38 1 8 2 6 4 1 24 0 45 0 47 0 61 1 85 8 96 39 100 44 100 51 100 85 100 99 100 100 87 100 71 100 64 100 52 100 24 100 5 86 0 
23 0 0 0 14 0 40 1 100 42 100 49 100 74 100 76 100 95 98 100 87 100 81 100 77 100 67 100 59 100 44 100 30 100 17 99 1 96 0 95 0 63 0 61 0 6 0 
17 7 2 1 6 1 7 1 8 1 30 1 61 1 64 3 85 13 93 70 97 94 97 99 93 100 61 94 6 55 4 15 2 9 2 
22 41 0 8 4 0 5 0 48 0 57 0 58 0 81 1 91 10 95 35 100 64 100 88 100 92 99 99 95 100 92 100 89 100 75 99 16 97 1 87 0 76 0 63 0 
11 61 0 5 1 2 45 1 63 2 68 9 100 89 99 98 81 100 56 100 10 83 1 
25 8 0 0 5 0 12 0 19 0 35 0 89 0 99 0 100 5 100 31 100 32 100 34 100 71 100 93 98 98 89 100 51 100 42 100 19 100 17 95 2 94 0 84 0 73 0 63 0 51 0 
19 3 0 1 7 0 16 0 40 0 64 0 93 6 99 63 100 93 97 100 93 100 72 100 63 100 48 100 9 98 3 64 0 38 0 33 0 23 0 
34 4 0 2 1 0 19 0 19 0 25 0 29 0 45 0 45 0 49 0 95 22 100 28 100 32 100 45 100 75 100 78 100 80 100 90 99 100 97 100 88 100 77 100 69 100 48 100 12 100 10 99 2 97 0 76 0 62 0 61 0 59 0 59 0 11 0 7 0 
38 2 0 1 11 0 28 0 30 1 95 3 97 7 99 20 100 37 100 46 100 52 100 54 100 59 100 63 100 65 100 73 100 74 100 81 100 89 99 98 97 100 82 100 79 100 58 100 54 100 46 100 32 99 10 92 0 84 0 83 0 75 0 73 0 72 0 63 0 60 0 50 0 26 0 12 0 
43 17 0 5 1 0 4 0 25 0 30 0 47 0 77 0 97 1 99 4 100 6 100 18 100 21 100 40 100 49 100 56 100 65 100 70 100 71 100 79 100 90 100 97 99 100 97 100 92 100 84 100 82 100 59 100 54 100 53 100 35 100 13 99 3 93 0 86 0 78 0 77 0 69 0 61 0 56 0 42 0 42 0 34 0 29 0 
22 6 0 4 3 2 8 0 18 0 21 0 32 2 60 5 96 15 100 18 100 26 100 33 100 86 98 98 87 99 32 99 15 97 11 94 5 81 2 72 0 13 0 10 0 
23 12 0 7 4 1 14 0 45 0 67 0 69 6 99 12 100 23 100 36 100 70 100 95 99 97 96 98 87 100 2 96 0 84 0 73 0 57 0 54 0 48 0 40 0 20 0 
14 19 0 7 1 0 34 0 83 2 100 20 100 57 99 69 98 99 95 99 34 97 19 95 7 88 2 83 1 
24 63 0 14 1 4 3 1 18 0 23 0 50 0 85 0 98 0 99 23 100 32 100 49 100 73 100 86 98 97 91 100 86 100 86 100 76 100 50 100 47 100 30 100 25 100 23 96 2 
30 12 0 4 2 0 11 0 30 0 35 0 49 0 57 1 71 2 85 3 99 6 100 23 100 68 100 79 100 84 100 91 99 99 95 100 84 100 72 100 56 100 43 100 23 99 8 99 8 96 0 95 0 50 0 48 0 48 0 13 0 
26 18 0 1 2 0 13 0 16 0 40 0 71 0 87 1 99 21 100 45 100 53 100 57 100 81 100 91 96 98 92 99 78 100 22 99 4 96 0 87 0 84 0 64 0 62 0 50 0 43 0 40 0 
13 24 0 2 4 1 43 1 68 2 78 7 82 23 94 52 99 84 99 99 93 99 20 99 2 58 0 
56 3 0 3 0 0 6 0 8 0 15 0 51 0 57 0 64 0 88 0 90 0 90 0 92 0 99 0 99 3 100 5 100 26 100 27 100 66 100 70 100 79 100 90 100 93 100 98 100 100 99 100 96 100 90 100 89 100 76 100 69 100 67 100 58 100 53 100 37 100 28 100 27 100 23 100 11 100 9 100 8 100 5 98 2 87 0 79 0 77 0 77 0 74 0 64 0 51 0 38 0 31 0 29 0 27 0 24 0 23 0 19 0 
21 0 0 0 11 0 41 0 97 22 100 96 99 98 97 100 73 100 58 100 41 99 4 97 3 91 1 88 0 71 0 68 0 56 0 52 0 50 0 35 0 26 0 
26 33 0 15 2 9 5 4 8 0 59 0 84 2 87 13 100 50 100 52 100 81 98 94 95 100 82 100 60 100 58 100 56 100 55 100 45 100 32 100 26 100 13 99 0 56 0 38 0 35 0 35 0 
30 10 0 4 1 2 8 0 18 0 46 0 84 2 93 3 96 9 100 12 100 26 100 27 100 61 100 85 100 88 100 99 99 100 84 100 76 100 54 100 44 100 40 100 37 100 8 99 1 82 0 75 0 66 0 52 0 51 0 45 0 
12 97 0 32 1 26 3 10 10 0 33 0 49 0 66 3 92 17 100 90 100 99 95 100 34 
27 5 0 2 4 0 10 0 12 0 36 0 37 0 53 0 98 8 100 58 100 90 99 93 98 100 92 100 52 100 35 100 26 100 18 100 15 100 14 100 1 83 0 75 0 51 0 42 0 34 0 10 0 7 0 
27 3 0 0 12 0 15 0 35 0 37 0 60 0 75 1 95 3 100 34 100 61 100 62 100 85 99 97 98 100 81 100 58 100 33 100 33 100 6 100 5 96 0 94 0 82 0 42 0 41 0 26 0 9 0 
24 1 0 0 43 0 54 0 70 0 75 0 81 0 97 0 100 3 100 13 100 22 100 34 100 87 100 94 100 96 99 99 97 100 82 99 9 98 1 97 0 88 0 84 0 73 0 71 0 
0