4 91 118
17 37 47
40 25 6
77 127 167
120 144 156
233 77 208
21 33 131
148 83 146
192 193 116
35 166 71
112 130 105
204 89 202
180 76 135
37 123 5
43 216 172
26 146 219
126 57 24
254 45 95
19 193 211
243 31 202
65 231 36
161 75 88
35 51 225
5 45 242
63 17 51
58 208 163
20 218 106
55 217 154
204 143 108
207 247 112
205 144 69
74 106 110
13 24 59
167 4 90
33 193 193
91 243 175
151 97 53
7 17 38
86 192 85
27 102 205
47 200 1
148 87 5
22 179 221
95 91 247
111 17 206
190 0 104
200 211 24
128 58 89
145 56 220
58 132 221
144 116 189
244 142 243
144 83 104
130 154 38
125 82 170
255 31 199
14 68 212
149 221 46
27 62 105
179 231 169
191 173 129
136 38 184
197 11 35
228 137 181
192 126 190
53 24 35
80 170 162
197 3 106
194 175 45
170 155 28
56 191 155
151 63 60
147 213 75
7 111 226
136 224 208
243 135 41
77 140 112
195 105 217
146 189 246
10 229 1
250 153 58
68 224 218
138 241 247
235 169 155
159 246 156
104 3 221
204 251 123
98 165 89
215 81 119
245 85 170
53 55 3
7 92 98
167 57 219
201 254 4
137 212 171
10 118 168
12 34 33
249 97 252
196 67 83
251 245 163
148 94 102
112 199 95
136 95 121
114 70 240
93 157 211
250 228 178
188 173 180
119 176 197
195 149 86
46 69 39
234 208 3
64 87 54
9 42 30
116 227 93
66 117 13
67 146 193
29 232 41
1 5 4
80 126 24
91 22 198
111 73 32
217 126 111
158 156 109
131 84 114
167 175 212
70 224 51
166 97 190
130 102 254
11 144 108
240 123 0
113 174 112
168 174 182
166 221 217
189 99 252
168 181 228
4 59 117
241 191 215
192 17 163
10 200 103
253 25 8
144 158 107
114 132 56
72 183 186
214 75 56
135 211 48
221 14 45
22 25 172
97 47 155
101 155 235
14 252 88
101 81 62
44 226 84
255 205 130
223 29 185
49 214 78
104 115 207
151 17 194
247 68 90
244 83 167
250 147 4
133 109 103
143 104 205
126 178 159
250 15 38
88 27 235
229 71 239
142 169 200
56 161 2
216 8 17
147 111 57
211 12 221
115 97 62
76 174 21
73 5 101
33 25 157
174 122 167
109 2 16
227 251 255
17 158 214
230 222 72
101 163 154
184 7 254
154 51 70
15 236 18
2 65 210
101 99 222
107 208 209
74 223 196
243 185 244
83 12 83
179 191 106
178 33 52
65 249 116
82 139 125
172 151 220
114 250 67
164 38 179
197 186 37
150 179 246
30 81 197
83 192 13
188 203 221
68 3 41
110 75 232
37 19 163
100 67 28
222 162 74
29 22 2
103 203 15
35 197 74
125 187 37
118 84 67
218 164 160
220 217 20
95 158 215
114 50 82
139 53 35
249 220 254
166 175 181
130 237 11
184 183 143
164 243 17
177 135 6
221 189 125
178 68 0
80 84 140
89 247 184
229 42 72
212 160 222
81 49 186
40 70 185
62 205 99
53 49 164
188 155 52
248 194 155
124 92 37
106 36 127
41 191 26
126 9 25
134 100 65
253 218 132
125 8 213
229 116 253
179 67 55
104 168 50
20 51 186
242 49 52
31 219 44
173 162 230
250 85 62
2 30 186
71 110 160
177 62 130
20 10 137
220 8 150
70 210 239
200 125 150
155 54 28
219 12 199
159 112 56
146 233 73
254 232 110
105 150 225
229 5 174
237 233 17
38 191 246
218 66 244
52 50 144
134 103 29
172 62 58
2 88 63
97 207 191
12 54 110
207 161 202
242 223 214
57 131 240
20 32 80
238 159 148
196 131 224
193 77 38
179 55 246
56 189 158
85 125 20
253 194 16
107 204 254
213 160 31
227 42 176
57 67 159
105 104 66
6 153 11
72 146 125
83 197 45
163 113 218
202 29 37
79 110 164
170 179 143
80 79 191
63 158 213
23 188 144
169 215 106
188 202 156
4 103 238
233 78 99
195 18 118
15 12 178
193 218 234
114 52 157
42 92 98
217 202 122
31 103 42
212 233 244
13 205 210
240 166 73
134 132 0
131 72 185
202 81 23
178 138 48
118 4 142
213 67 91
200 76 198
177 1 178
228 88 192
108 179 231
204 10 148
81 129 52
92 215 198
143 225 215
228 19 138
159 96 227
35 220 50
147 59 88
17 147 12
184 245 31
42 173 134
160 165 210
193 206 237
69 76 115
176 34 65
11 227 201
24 215 133
0 35 90
245 125 94
100 115 6
127 48 138
47 136 66
134 228 145
85 173 94
193 92 41
210 7 214
46 28 150
163 129 88
42 224 47
247 67 189
77 30 100
250 28 242
194 143 252
21 199 154
40 59 239
122 222 213
71 141 51
244 204 127
148 105 146
116 125 117
92 239 134
4 48 42
80 186 120
20 5 123
244 28 25
72 249 191
9 40 229
205 168 186
168 95 124
155 12 165
77 56 33
35 206 172
196 236 238
65 142 77
144 93 109
22 85 216
60 82 97
12 112 255
179 177 221
148 148 125
116 111 195
71 180 237
31 31 52
154 173 130
6 189 185
193 163 152
49 74 78
67 142 114
98 143 135
37 205 138
198 14 49
55 70 255
2 253 57
113 228 175
118 153 6
175 26 83
21 133 247
84 244 173
125 82 49
3 95 123
234 174 237
155 169 245
212 162 194
38 234 52
86 212 89
199 75 93
158 136 56
137 18 24
192 130 117
166 24 142
44 249 156
189 64 27
213 186 135
190 89 91
251 255 241
20 109 41
64 41 100
59 62 172
235 9 147
237 225 106
126 174 103
252 146 80
190 169 255
55 199 166
232 81 104
123 151 137
48 147 123
156 153 32
79 170 0
136 182 13
176 224 40
157 4 62
43 188 86
17 235 77
22 50 116
106 119 86
113 182 249
139 151 237
186 30 179
159 45 219
125 45 70
73 76 162
111 216 8
109 133 243
41 8 61
93 82 180
5 182 224
121 4 30
150 32 37
67 1 21
120 105 141
112 236 5
176 173 73
19 199 22
85 69 195
128 41 20
49 17 92
36 216 198
14 96 233
75 246 188
255 137 70
74 146 176
51 93 186
63 133 72
252 203 211
44 152 44
125 204 180
26 110 198
148 211 96
154 20 175
223 104 193
53 149 179
178 147 198
171 45 160
183 170 214
87 130 105
42 72 218
124 224 172
235 80 7
143 41 18
130 193 120
211 156 126
181 167 181
100 20 40
195 71 68
142 94 50
158 103 67
168 110 190
93 208 32
121 22 106
59 170 174
250 200 79
176 124 58
87 18 243
79 32 111
138 188 183
42 7 228
79 60 220
170 66 42
110 181 50
230 10 247
48 16 36
24 129 210
20 61 5
211 242 162
53 105 142
198 86 7
25 62 204
79 51 187
199 194 31
48 96 240
170 33 118
75 71 113
234 25 75
13 79 114
74 17 144
53 53 187
87 146 160
6 75 99
76 185 66
81 89 172
240 201 58
13 5 25
63 213 77
167 194 108
183 242 61
23 36 100
111 43 76
66 65 169
164 110 219
185 184 248
175 225 242
201 71 143
242 112 104
160 233 223
104 22 227
96 12 92
191 64 143
222 255 43
245 41 98
232 71 251
15 140 39
200 138 84
30 217 36
118 157 2
77 34 184
97 159 254
167 177 72
33 18 152
55 111 237
63 100 133
38 156 254
20 231 195
90 35 215
46 140 124
68 246 66
9 102 229
218 42 164
255 12 48
106 238 11
94 59 180
206 246 121
66 211 105
90 95 162
245 109 135
48 229 23
49 226 5
75 120 114
28 32 33
242 134 27
31 204 185
14 152 234
81 42 223
94 226 186
133 229 206
237 59 195
46 35 95
243 67 190
50 137 242
130 49 249
27 8 46
240 108 51
20 195 144
107 191 68
24 246 176
111 133 12
18 25 12
178 158 180
69 234 85
76 158 62
78 80 193
190 164 167
110 70 148
230 152 52
59 161 202
119 220 130
55 249 23
9 50 169
185 48 110
33 195 150
108 117 38
101 240 121
189 149 239
212 65 108
15 194 110
44 176 193
207 106 107
79 230 140
140 243 78
14 35 152
90 221 215
0 149 72
248 16 157
155 207 174
130 149 167
145 47 122
88 177 75
168 179 86
92 29 235
19 195 218
225 51 83
121 148 178
229 83 29
128 187 25
127 76 194
124 242 65
152 242 251
120 138 24
0 0 0
