147 238 253
170 122 33
227 62 214
9 53 199
142 186 230
182 74 55
232 140 17
255 53 57
12 238 173
178 12 215
148 0 48
229 252 77
195 111 92
182 0 176
57 159 203
163 232 83
2 97 97
236 200 111
54 212 251
134 52 156
112 204 132
223 48 36
75 193 186
13 232 219
179 193 28
28 57 105
65 181 48
191 127 118
212 229 170
14 116 235
24 67 204
19 206 52
147 237 44
194 186 49
68 167 154
162 202 198
58 83 154
169 201 131
58 29 65
36 122 54
109 237 126
173 184 135
185 166 70
72 156 7
197 84 214
35 7 111
45 224 140
175 14 89
44 6 30
10 80 178
163 9 168
178 212 55
213 187 86
96 21 76
13 244 115
105 36 181
36 219 89
252 251 163
107 9 176
120 161 43
85 44 208
228 46 211
69 255 223
58 65 184
42 136 87
24 111 224
37 227 95
209 221 226
213 209 188
175 136 216
235 248 3
217 178 192
138 164 135
5 218 182
218 60 254
211 7 105
86 91 83
141 221 142
201 115 11
239 37 8
206 31 216
247 1 130
226 230 108
197 149 21
222 103 191
234 118 12
236 114 2
145 32 91
108 172 197
180 185 189
5 149 64
236 121 151
226 6 58
149 191 45
140 112 201
200 8 131
21 129 28
31 91 253
150 134 253
250 12 140
128 33 193
185 52 201
57 25 113
139 210 122
140 63 54
56 69 105
49 163 21
126 94 212
87 19 74
229 89 159
104 120 77
128 233 19
112 53 54
114 188 151
93 92 8
225 162 55
141 143 213
74 47 29
81 105 83
144 157 117
80 199 32
69 88 69
240 247 117
156 238 232
56 199 28
107 182 80
13 2 205
78 152 75
132 1 130
184 251 196
136 93 148
225 149 68
255 5 38
250 148 65
124 96 168
158 52 186
102 85 55
198 186 138
142 226 168
208 245 220
199 235 203
171 24 253
136 34 197
247 123 145
74 42 215
97 94 2
86 205 79
138 228 252
254 150 45
185 120 181
240 170 61
91 87 252
21 21 59
76 15 241
44 99 158
110 169 151
241 191 150
9 51 173
130 137 211
57 191 232
9 79 20
200 23 159
151 172 157
42 182 8
88 240 199
56 178 103
20 154 205
198 149 46
105 246 250
156 57 124
10 110 47
33 33 197
33 195 223
234 191 13
75 116 73
154 85 68
62 215 67
164 168 184
3 114 111
84 80 68
55 77 78
47 168 45
96 188 223
228 195 18
12 22 229
98 242 155
74 35 84
33 2 32
67 185 34
40 96 147
225 168 255
242 227 216
15 119 235
86 196 173
231 2 254
55 103 107
11 170 173
169 246 136
71 118 117
248 78 21
229 88 186
43 65 180
149 25 48
102 94 200
119 146 253
104 172 185
94 199 28
77 106 65
235 236 176
192 124 5
224 132 232
32 199 109
248 60 159
116 78 75
201 59 245
14 188 39
132 78 153
47 56 30
104 72 67
115 182 84
224 194 183
176 161 147
247 5 185
24 95 3
249 223 175
203 227 71
31 206 146
139 44 58
118 140 85
207 76 147
82 41 159
145 170 52
162 61 64
166 158 139
32 201 33
147 240 209
248 186 144
124 19 52
125 103 168
188 98 80
54 78 77
200 77 231
6 54 172
47 60 222
146 20 63
193 217 180
227 187 216
56 44 151
127 135 17
50 204 15
94 91 119
58 48 228
250 44 64
171 134 17
134 39 37
0 70 56
223 91 185
128 93 211
98 223 204
7 174 251
148 198 1
220 62 140
184 243 184
33 92 240
149 166 47
86 141 237
126 53 171
215 218 77
155 6 112
140 239 106
142 186 77
161 130 78
148 150 225
143 55 136
47 253 173
113 82 249
245 59 69
29 20 139
188 19 181
67 43 42
252 194 98
143 86 14
148 182 12
43 109 156
44 153 158
49 231 171
132 34 117
222 104 176
94 233 16
159 107 157
101 164 168
153 56 21
171 225 189
158 20 3
242 150 244
185 174 14
89 198 91
71 79 244
91 88 159
254 212 141
190 164 227
4 140 70
191 242 62
207 206 224
232 173 83
122 149 38
231 18 127
68 220 100
7 248 126
42 149 237
231 124 216
71 143 206
65 145 116
238 253 117
190 94 153
129 27 149
140 145 131
39 0 49
66 226 197
249 85 80
121 113 48
167 99 24
202 129 77
66 5 88
64 199 241
235 135 126
84 17 208
195 180 216
254 11 118
29 17 229
21 121 120
110 250 170
78 72 124
107 57 244
170 224 231
53 126 64
142 15 230
227 211 8
68 244 127
40 49 255
159 241 94
110 188 209
173 48 21
60 251 88
135 251 226
42 77 245
101 59 43
254 6 217
73 16 118
72 74 197
234 16 23
79 40 91
134 104 9
126 215 35
23 218 76
250 221 63
227 47 100
42 24 72
251 153 131
107 169 92
234 193 88
17 249 248
132 81 214
103 111 59
27 26 129
69 134 125
92 110 75
114 108 230
88 79 211
231 247 136
215 39 206
151 3 162
194 16 192
163 128 154
60 79 85
139 178 146
95 16 92
140 226 134
154 76 236
191 242 38
144 157 151
201 156 5
160 16 4
128 174 244
241 101 49
7 132 224
181 96 39
98 247 195
216 153 80
115 74 173
68 230 165
9 15 141
229 88 250
17 32 245
14 173 42
91 247 36
208 89 25
70 48 3
221 66 132
192 73 93
123 242 12
243 223 105
165 231 188
35 36 21
211 13 81
224 63 242
68 90 107
39 172 31
104 218 20
190 76 81
104 126 238
232 69 145
29 192 107
135 62 168
116 55 176
34 89 60
165 53 14
63 133 79
3 216 85
126 147 250
22 139 36
122 42 74
133 103 211
117 108 38
0 98 213
236 127 56
56 171 241
83 137 254
204 1 132
205 161 48
216 88 7
0 66 134
234 106 66
230 145 152
154 196 213
239 221 69
50 186 152
140 244 242
36 99 8
141 204 253
187 16 49
109 16 126
190 38 213
104 115 74
90 88 67
199 215 166
13 125 144
24 141 234
142 75 214
132 128 155
74 27 73
156 200 106
222 119 41
128 141 52
197 159 149
248 196 200
188 104 57
71 82 52
24 149 245
157 1 59
130 120 0
20 72 100
191 205 74
184 184 223
140 206 37
71 90 7
76 100 190
17 19 118
241 233 43
198 232 226
41 161 216
205 43 44
135 243 191
83 60 216
182 149 18
47 52 252
234 240 61
7 89 221
162 74 227
69 21 205
138 180 5
34 206 13
29 237 27
181 34 219
152 181 221
196 158 151
120 62 134
132 11 218
157 115 227
87 116 138
215 143 245
25 37 117
127 138 26
227 4 254
151 85 196
143 207 169
70 232 137
142 194 108
225 191 1
252 8 232
47 62 170
173 159 159
79 251 231
247 104 153
229 63 9
231 220 78
144 197 212
151 155 123
58 110 231
101 192 155
141 176 32
67 33 150
153 185 154
117 26 137
153 82 250
227 161 181
15 52 88
102 47 216
142 62 178
67 255 239
20 182 223
249 177 56
80 159 205
212 115 18
191 12 67
157 151 152
160 32 238
174 63 176
102 26 83
117 59 102
207 25 100
180 65 127
40 10 123
13 122 145
189 22 140
206 70 108
255 144 125
100 144 218
92 125 160
102 107 70
237 189 26
152 119 126
125 82 209
199 95 103
3 219 154
215 141 187
104 79 74
172 49 187
68 197 93
27 20 24
102 26 51
170 152 206
86 146 254
43 89 226
107 138 80
246 47 20
6 191 245
247 110 211
156 87 7
159 45 45
146 75 57
108 196 201
195 86 160
246 237 109
56 141 15
125 81 100
32 205 162
136 11 198
19 27 13
24 201 7
148 53 205
167 7 207
111 252 50
235 44 100
61 166 141
11 159 173
242 196 217
152 56 116
32 126 180
33 29 52
151 123 146
175 228 59
89 176 164
60 138 229
76 232 10
59 186 84
125 110 200
102 160 213
157 231 253
86 45 64
128 184 125
172 98 41
59 19 238
145 133 16
61 13 156
9 18 118
135 21 127
236 239 237
125 29 41
201 194 116
123 76 115
166 253 124
25 197 2
30 63 162
104 46 132
5 156 133
188 212 69
241 160 217
101 66 3
163 192 126
15 226 112
157 45 47
109 231 252
235 39 155
48 53 145
46 138 98
216 16 95
226 30 37
68 146 154
15 94 66
66 91 89
128 241 136
147 0 13
203 58 23
249 133 194
237 175 28
143 62 19
143 178 187
244 10 239
71 233 123
23 34 173
248 110 216
128 115 9
11 229 23
168 92 196
105 95 188
121 155 57
66 225 62
67 240 144
66 193 4
253 118 188
116 127 225
152 151 159
201 159 35
121 11 130
236 220 194
12 169 185
65 239 78
146 133 83
140 222 48
33 133 154
15 229 42
155 235 44
64 64 225
36 0 174
187 157 1
51 204 31
63 35 253
54 116 247
23 201 27
141 170 140
115 102 67
152 126 225
75 128 103
27 200 7
184 181 247
102 94 45
133 165 186
236 185 8
52 19 240
44 216 85
88 216 227
147 184 179
194 239 162
101 126 247
254 135 248
146 100 198
177 53 119
45 184 66
27 58 130
22 43 237
139 132 165
244 174 45
243 110 213
107 171 34
210 244 226
95 120 176
42 94 68
29 169 113
72 255 66
0 0 0
