7 50 125
211 14 216
61 13 233
63 45 191
23 221 186
243 123 20
20 177 78
1 159 158
74 154 86
134 66 208
249 131 118
64 154 247
199 154 78
131 142 153
98 1 176
19 68 122
148 94 120
181 209 203
170 22 238
19 26 188
175 208 221
18 173 162
52 159 65
5 47 193
64 137 96
228 53 161
67 221 47
67 32 37
11 211 160
239 179 178
88 123 151
180 211 122
102 1 186
24 19 191
30 75 112
83 140 204
226 54 187
4 49 167
57 170 83
197 218 171
218 232 34
145 118 24
233 174 214
187 184 127
189 114 75
214 204 46
172 190 78
92 99 222
40 193 198
24 140 126
40 95 143
157 50 196
68 103 148
65 166 1
146 111 87
105 101 31
201 126 213
39 11 196
135 78 44
20 192 159
238 47 129
179 206 186
40 239 186
35 63 92
91 197 67
23 83 123
33 192 128
45 230 70
146 113 151
153 219 53
66 180 60
225 191 124
52 142 246
68 218 213
172 250 122
252 216 172
84 185 187
151 76 52
112 237 241
232 175 25
92 20 117
248 57 176
184 14 1
148 139 230
114 89 197
93 214 219
117 230 243
241 151 93
132 222 198
141 156 119
26 146 110
75 211 98
249 4 129
182 207 46
133 101 230
114 132 106
255 148 186
193 251 66
214 240 197
215 60 131
26 61 70
33 40 29
156 148 149
212 10 34
57 93 94
92 22 84
142 180 183
66 163 31
12 102 92
33 173 127
84 154 235
62 68 27
41 67 9
39 77 60
244 165 165
88 74 119
59 201 235
22 211 92
94 183 244
126 135 75
247 22 179
26 214 235
174 34 63
85 22 249
206 154 98
108 228 162
35 51 236
70 41 121
194 4 86
174 147 97
242 77 87
11 0 218
86 62 79
82 63 241
191 201 140
212 199 112
136 159 134
112 215 233
114 139 103
35 44 175
220 29 36
1 188 136
49 70 106
197 245 27
53 102 222
242 138 115
199 87 86
34 56 171
80 118 59
43 186 85
7 52 252
217 221 39
208 251 144
55 130 167
149 224 219
139 22 225
49 47 24
171 220 164
162 233 178
255 14 56
59 178 40
43 183 214
137 24 9
4 144 17
147 254 142
225 52 166
169 82 81
87 155 15
96 6 67
152 31 127
59 55 68
102 42 92
60 116 43
172 14 132
185 219 39
103 64 150
63 195 17
56 52 252
181 233 14
22 45 13
119 26 116
8 182 210
223 240 44
208 9 207
22 56 84
119 49 125
174 214 236
215 241 146
211 69 61
28 130 79
88 234 64
209 195 35
233 182 141
15 191 235
129 125 134
224 214 140
237 49 133
35 89 246
103 238 33
168 81 127
125 243 159
18 175 189
252 51 7
146 240 175
223 145 53
17 140 57
165 43 48
166 188 201
116 149 135
20 166 166
150 58 250
142 60 14
199 71 162
217 40 93
32 234 6
26 110 95
141 19 231
88 145 151
87 73 189
0 200 201
48 83 57
40 172 219
189 160 205
243 232 165
228 131 117
51 182 124
27 181 196
225 7 70
56 175 0
233 33 112
30 87 59
11 152 185
34 21 77
222 86 54
100 185 195
128 87 86
132 207 55
47 153 114
161 205 150
212 198 58
45 125 138
159 151 109
141 84 185
207 165 254
43 72 78
198 253 154
172 141 169
110 100 86
82 49 223
181 227 162
121 29 173
94 106 23
170 56 236
154 224 223
41 74 121
191 193 105
91 204 163
81 11 210
15 250 30
26 94 209
227 9 101
198 144 8
132 108 64
198 97 3
59 34 130
229 232 239
142 161 142
126 179 115
138 166 242
221 238 67
190 175 14
250 131 72
82 21 47
116 250 167
238 51 245
150 159 2
239 239 53
138 41 27
159 106 184
101 208 172
228 127 240
108 1 168
149 248 207
24 251 149
241 26 182
99 177 173
90 138 202
221 73 189
148 151 34
194 242 139
121 105 140
178 231 21
255 195 4
144 235 42
89 223 192
110 128 241
155 71 121
243 203 147
5 36 84
26 228 68
21 131 79
14 141 135
101 62 43
223 239 109
240 231 139
8 221 120
71 147 101
144 41 195
44 113 97
241 206 246
7 206 117
184 95 73
137 215 167
7 202 193
215 114 160
70 142 204
41 91 100
212 138 9
251 210 33
7 29 178
60 243 50
172 232 86
72 36 250
131 155 31
19 83 89
81 23 14
71 188 68
14 248 217
108 225 42
79 27 143
84 124 21
178 243 98
17 18 197
139 119 37
84 22 166
165 166 65
192 163 64
155 36 132
172 130 174
16 88 154
202 94 97
98 252 22
167 213 63
86 149 13
2 185 107
112 28 44
124 129 109
44 64 4
122 57 176
212 159 110
65 253 120
104 201 133
193 155 73
128 36 30
3 96 45
248 48 37
200 63 49
105 111 141
104 90 249
11 2 158
172 252 186
236 104 199
215 230 161
253 226 18
56 16 110
166 226 1
11 17 20
215 11 28
144 97 29
252 219 39
151 147 52
110 1 113
130 166 177
130 225 237
178 197 120
247 116 223
2 27 102
140 254 196
15 33 121
187 192 5
213 179 240
9 83 15
234 210 209
93 90 180
75 161 94
28 104 2
63 124 144
202 111 213
239 38 57
193 162 130
130 155 3
184 124 157
99 60 189
179 184 248
55 130 73
133 96 31
195 112 6
9 247 50
207 118 142
106 140 148
213 137 215
10 12 116
164 203 243
124 79 126
92 105 218
89 144 50
90 25 220
224 132 227
139 18 125
159 71 39
123 44 131
232 42 154
159 125 241
153 208 118
123 236 159
97 89 48
114 1 107
178 106 127
231 235 192
241 51 7
192 238 112
75 207 119
9 203 144
247 66 49
206 205 208
59 111 61
217 242 137
226 93 190
165 201 233
254 216 114
201 38 141
72 145 17
142 190 8
219 0 9
112 36 148
151 177 101
75 248 89
14 8 44
31 46 252
84 74 123
109 255 28
50 38 252
92 151 200
151 143 57
104 141 52
185 134 113
26 125 26
211 164 184
132 15 44
89 81 182
11 253 99
115 184 252
91 38 207
94 180 245
3 123 249
87 133 31
28 206 64
71 20 11
57 236 243
195 49 156
160 117 169
183 246 220
19 210 174
106 122 58
58 123 120
223 153 44
203 250 249
203 7 51
246 160 157
144 214 213
231 0 209
196 84 135
250 102 167
177 42 206
110 51 242
96 95 97
88 225 72
220 172 88
20 52 193
64 219 27
18 197 163
232 137 227
27 102 51
239 38 189
238 55 148
240 152 214
59 134 166
223 28 164
241 159 201
67 16 93
246 176 28
4 188 191
91 150 40
21 41 89
116 148 227
196 127 254
225 241 152
79 117 99
210 98 149
79 179 20
24 74 75
94 123 172
186 254 87
89 131 207
78 43 130
35 104 163
172 232 68
228 132 71
68 232 155
227 10 216
101 81 54
216 94 249
156 74 62
4 109 126
91 128 38
158 161 113
203 8 116
33 141 97
46 22 78
126 37 135
23 121 189
226 40 171
9 118 88
74 42 73
191 86 95
161 253 8
75 155 238
130 157 20
19 199 249
7 9 70
131 208 95
221 120 88
113 35 136
198 162 42
153 175 230
236 118 233
155 4 80
191 131 233
41 26 52
77 182 231
91 241 95
193 204 2
49 251 71
247 141 50
196 39 241
111 146 213
85 148 68
195 149 93
40 241 216
138 47 172
226 167 216
114 87 213
237 52 121
10 53 82
70 188 52
215 254 172
137 19 136
139 20 83
75 76 188
204 239 236
170 49 171
208 65 243
61 232 176
163 144 90
43 51 181
234 198 149
248 123 229
207 37 96
222 150 53
111 113 35
192 183 131
64 251 138
79 114 144
85 7 106
174 50 242
131 187 182
93 69 10
183 248 79
73 180 97
59 85 159
90 4 168
254 74 236
184 199 101
44 59 30
96 166 172
83 62 101
47 223 198
166 193 41
59 72 119
215 224 83
101 14 176
12 236 11
76 100 71
243 191 35
62 197 80
36 76 28
229 249 60
196 215 133
221 23 23
10 85 125
118 73 45
231 212 193
89 241 104
139 223 200
191 159 29
68 119 1
105 201 30
194 105 57
233 196 12
12 184 240
86 95 30
37 128 114
252 203 82
46 192 242
75 134 45
6 243 131
113 66 107
145 188 232
49 224 56
55 84 236
36 127 184
112 37 245
190 131 113
29 72 47
56 83 119
200 246 93
125 246 64
159 187 89
94 236 103
202 151 198
121 42 44
142 21 214
178 154 52
25 217 211
65 216 127
127 115 191
84 220 175
229 225 9
45 103 14
85 164 223
189 94 120
41 136 117
135 211 103
110 207 26
255 99 118
112 253 9
85 218 246
85 92 138
41 38 70
187 196 159
129 198 166
22 188 52
135 194 82
57 127 38
176 142 187
146 236 86
164 18 96
167 25 151
115 13 40
5 91 110
127 194 66
21 37 8
74 121 62
58 120 244
204 225 124
228 62 182
37 209 28
228 25 133
109 120 203
155 64 26
35 215 240
51 110 233
164 110 20
114 76 168
245 22 113
134 25 111
181 213 205
101 129 213
31 102 175
182 149 57
69 130 26
175 190 33
48 13 161
45 247 168
177 76 185
110 113 202
190 73 69
84 111 40
200 169 233
27 225 138
61 158 198
75 187 35
155 195 147
151 10 11
38 142 19
144 203 127
117 193 76
125 41 73
145 75 216
218 167 242
252 197 243
251 145 233
40 157 83
21 241 144
229 188 91
56 250 69
88 36 5
148 74 221
75 239 199
64 197 43
127 241 92
75 88 242
157 177 204
67 82 182
96 137 20
100 172 11
217 35 98
124 20 79
231 6 147
146 68 165
144 59 51
160 84 222
226 68 102
154 171 104
110 132 239
17 11 166
146 253 206
207 156 44
37 192 67
13 53 186
13 94 87
41 239 254
42 97 142
25 167 184
173 63 227
128 198 249
51 254 183
248 69 20
186 86 239
110 242 30
67 149 4
66 223 133
124 171 247
249 8 254
38 249 206
22 223 247
147 215 152
32 58 143
64 251 212
156 158 90
249 144 166
44 176 252
235 97 88
1 165 149
81 223 162
9 60 246
158 76 84
84 255 212
232 102 14
14 62 193
119 19 38
211 138 78
225 226 0
13 126 72
74 147 251
121 199 3
18 141 38
84 148 217
80 158 237
20 248 48
18 119 231
248 116 180
24 115 54
95 57 129
182 14 78
68 51 144
251 228 62
139 136 50
157 21 177
50 179 88
61 76 199
82 32 215
25 56 253
23 115 25
228 224 14
74 0 95
204 206 118
104 161 118
32 138 23
224 25 102
227 211 83
210 145 167
77 84 18
196 208 250
142 53 223
133 140 98
225 116 193
63 131 57
69 88 235
44 105 8
117 2 156
207 187 137
120 231 47
192 250 36
51 183 125
18 34 128
40 250 21
38 100 69
55 230 241
185 150 118
105 33 118
2 60 70
100 79 72
74 73 38
135 204 163
202 154 46
45 10 133
114 93 84
95 42 43
153 56 55
96 4 57
118 153 155
206 188 40
196 139 202
223 53 48
246 31 242
202 194 231
203 26 245
187 82 108
138 0 22
55 151 163
237 149 206
108 253 188
93 93 168
94 52 91
59 34 242
162 159 57
82 132 141
85 193 8
61 64 252
44 156 10
82 110 7
165 182 125
89 79 108
96 193 154
204 129 192
191 60 77
249 170 23
82 16 116
104 165 45
55 234 32
97 100 213
242 149 231
109 135 216
162 67 159
129 197 23
201 206 121
55 103 36
11 211 206
146 30 199
10 223 54
239 202 38
127 179 189
35 211 142
90 48 222
73 196 44
165 211 117
252 40 163
165 12 57
218 211 13
231 30 145
22 146 91
233 25 148
181 249 193
72 38 124
73 5 237
107 52 208
87 241 78
1 171 143
176 149 59
12 47 250
98 95 240
130 220 96
170 105 216
19 216 198
13 32 178
57 114 62
171 119 198
206 22 53
190 95 150
51 143 226
118 139 98
102 93 10
164 42 186
141 105 80
4 73 165
36 173 135
143 244 4
179 90 166
34 91 71
180 53 71
246 160 152
121 50 147
62 187 245
237 52 79
55 199 235
178 193 233
14 155 248
194 115 243
200 17 47
14 168 54
120 154 91
148 17 72
8 168 209
25 104 141
145 196 175
224 241 72
196 69 160
120 69 120
197 44 57
209 174 38
102 157 246
35 35 243
21 77 70
245 81 112
7 220 139
98 32 54
59 184 47
105 104 159
255 169 201
177 221 128
63 139 138
148 183 166
26 201 45
26 41 105
176 155 226
39 36 36
132 226 145
234 126 220
168 63 208
202 245 157
224 129 12
77 53 201
134 65 45
253 174 208
70 252 66
109 190 59
86 32 196
170 182 167
142 38 254
92 123 242
2 118 189
219 25 130
38 176 20
107 116 233
247 250 146
213 100 105
29 120 79
192 125 171
220 169 151
9 230 93
85 11 134
225 210 132
220 63 79
111 81 75
177 241 138
185 235 140
48 22 201
210 241 167
184 175 20
168 138 9
223 245 250
1 187 213
215 39 19
158 128 250
129 71 126
95 8 40
23 25 67
127 62 151
58 82 154
20 142 69
64 233 139
68 133 101
206 205 245
232 41 158
153 233 80
143 237 83
74 61 18
185 136 103
231 80 108
196 97 118
140 221 90
170 52 40
167 61 134
217 225 61
239 181 189
61 74 228
15 24 206
181 22 193
186 81 142
116 130 74
32 33 104
96 110 236
70 97 186
53 196 54
160 216 249
39 248 37
34 37 57
189 6 26
12 60 197
191 20 161
141 92 8
142 67 200
100 208 112
36 60 175
105 98 52
88 108 2
3 233 234
249 79 171
140 112 112
253 225 204
207 5 35
107 108 8
197 58 110
99 153 153
129 58 110
202 205 57
26 248 37
199 188 37
222 189 247
37 69 232
57 63 152
16 234 199
96 24 156
8 193 0
222 76 220
0 55 73
223 134 115
243 51 45
156 252 12
183 222 205
244 50 136
79 39 167
208 219 187
235 107 40
178 19 33
19 184 205
55 160 155
68 108 154
87 65 33
234 64 200
139 208 70
247 91 48
172 45 90
235 31 237
96 82 87
110 144 197
15 189 41
218 12 77
246 129 159
171 70 135
117 114 240
95 87 187
91 180 205
198 3 86
130 180 153
124 42 10
14 165 121
31 252 89
147 240 196
169 128 36
211 242 87
246 160 217
216 150 44
200 145 74
79 190 249
22 220 210
19 127 139
17 7 66
207 160 207
148 65 40
63 54 81
226 195 244
228 189 93
127 108 140
121 104 60
194 64 86
16 72 103
42 251 236
64 207 159
40 140 38
57 200 234
75 154 6
224 106 71
53 32 109
191 9 110
116 33 70
118 214 111
203 217 185
243 62 68
226 48 80
228 227 25
54 108 165
76 141 19
238 57 254
48 211 193
28 43 107
60 37 179
81 47 96
80 100 24
21 176 129
255 1 210
31 224 228
10 99 32
178 53 47
129 164 242
230 58 62
34 253 179
64 18 232
159 215 162
196 68 131
209 123 142
255 0 8
51 164 59
46 119 177
76 36 183
44 121 86
82 228 62
68 131 92
234 105 53
199 9 217
53 127 119
2 105 127
11 17 87
149 255 234
8 64 85
203 50 250
19 218 10
228 66 231
206 3 24
149 26 103
221 38 24
87 84 40
2 61 35
255 254 251
221 102 149
30 155 42
94 95 246
164 3 35
221 229 198
31 96 146
224 135 170
22 155 144
104 205 49
182 244 81
85 0 183
31 156 199
83 139 1
218 241 133
109 93 160
38 69 129
229 104 19
148 198 45
223 142 34
13 189 92
222 74 103
3 166 192
80 228 38
159 132 19
174 157 77
68 199 171
105 229 112
210 194 58
29 218 145
215 49 96
87 177 77
95 141 213
137 12 118
129 23 229
124 30 64
107 9 216
76 71 223
9 56 159
222 101 17
192 52 216
111 186 106
25 62 212
140 109 45
227 210 0
229 55 118
176 63 18
198 102 17
97 23 75
201 125 138
5 244 63
247 190 138
50 240 230
36 200 96
216 119 7
8 83 191
224 192 190
243 0 255
68 73 146
37 88 255
189 33 18
10 7 58
207 208 173
225 8 185
138 253 59
239 4 34
141 82 170
89 231 158
182 28 215
117 82 171
151 215 121
171 46 14
121 253 40
143 99 155
232 60 125
25 218 229
181 57 159
205 18 72
219 235 230
181 143 102
118 180 154
20 196 189
90 109 199
198 36 125
204 144 203
125 184 231
215 42 126
176 59 18
169 64 179
248 207 235
121 76 63
86 199 203
62 211 37
133 70 171
28 178 111
95 201 199
254 106 56
54 221 19
140 180 131
31 165 11
103 42 243
236 102 249
202 6 212
78 140 220
70 113 83
92 85 191
181 235 164
203 89 94
166 43 166
11 62 160
238 68 64
247 23 192
254 182 83
168 236 179
185 234 101
81 200 177
46 125 150
227 62 173
29 240 240
127 4 32
74 128 187
65 202 43
28 101 8
62 99 58
49 193 129
96 231 211
114 100 108
57 31 113
224 143 146
131 25 112
61 176 145
30 96 221
253 178 181
191 137 158
247 118 32
45 4 140
88 25 126
19 28 144
138 56 102
144 99 116
78 57 132
39 43 108
203 226 245
106 238 239
89 71 6
167 139 7
18 192 37
131 105 96
143 111 106
161 29 142
60 62 65
85 45 223
116 212 186
128 26 28
205 217 103
47 180 144
211 180 18
254 5 144
50 34 237
161 10 4
201 80 122
93 190 223
228 9 55
227 207 17
61 217 247
196 193 89
81 236 156
134 194 217
3 121 201
237 199 94
16 236 58
137 84 199
26 181 21
183 131 191
213 69 235
197 10 227
104 244 31
178 136 75
167 149 248
100 141 75
199 93 2
205 129 220
162 164 78
142 4 111
201 226 101
227 175 66
206 94 176
6 52 221
143 198 1
182 160 115
231 80 197
206 223 231
187 62 63
50 165 99
225 113 96
254 9 131
227 96 182
147 38 248
69 202 176
78 165 243
20 27 164
88 40 145
1 142 60
63 77 181
18 178 203
231 242 223
147 103 51
91 201 200
88 190 9
226 85 235
197 204 196
101 209 191
240 95 46
159 66 105
228 89 155
16 195 19
37 94 172
78 85 228
235 44 185
233 44 68
46 212 93
187 229 193
127 133 14
209 239 91
77 228 204
117 225 155
57 2 155
125 165 187
153 123 53
25 98 143
90 21 29
115 191 78
124 201 234
142 77 40
136 20 29
197 192 168
223 153 23
211 33 210
34 214 170
226 165 61
72 20 104
182 80 197
61 1 52
150 228 166
237 147 88
137 199 206
119 86 133
101 54 119
166 78 2
164 188 0
97 82 215
27 97 128
94 92 181
16 7 214
225 145 117
238 33 58
101 98 250
156 205 231
64 210 246
87 36 128
12 67 182
241 50 250
194 129 102
48 60 61
102 185 23
26 135 95
161 95 146
177 140 47
114 105 95
212 21 91
210 162 198
248 36 142
3 208 171
85 196 33
54 242 142
184 34 49
44 213 137
15 55 202
95 189 178
47 234 74
74 81 172
11 122 19
96 88 163
195 122 181
26 139 158
178 44 210
179 11 251
181 207 182
50 176 157
231 24 115
126 156 83
144 181 44
74 191 193
121 28 222
148 10 66
212 225 224
143 250 142
235 56 50
34 165 242
195 249 84
113 190 241
18 207 224
1 36 65
194 45 49
198 124 192
218 42 82
4 206 229
148 92 229
5 112 232
230 77 78
127 207 137
44 243 237
169 136 104
177 255 36
187 200 5
148 70 95
52 134 139
90 71 244
47 54 74
254 174 4
161 227 129
249 106 243
52 52 196
23 220 143
76 25 24
128 144 96
97 85 210
144 190 56
24 135 215
218 114 134
121 209 255
193 135 94
243 249 210
27 178 118
250 125 235
248 167 54
255 164 85
187 65 178
227 207 9
61 226 196
163 149 63
228 245 24
168 104 2
82 66 224
147 23 41
78 212 199
166 118 232
254 38 183
239 178 87
226 51 230
0 184 11
33 77 27
22 230 153
48 251 97
165 86 109
254 213 179
73 85 73
240 3 221
105 80 170
18 153 96
182 29 186
160 200 111
190 181 71
239 38 131
168 86 90
202 88 145
105 152 136
91 108 162
232 138 93
143 191 230
61 170 255
199 215 233
217 226 78
238 63 100
177 201 64
32 7 64
44 105 100
68 40 103
161 143 42
20 203 165
124 15 107
85 62 90
69 19 178
221 23 96
164 208 176
50 8 31
170 164 138
191 92 132
17 113 239
220 215 35
70 158 173
197 129 145
82 115 150
75 188 61
135 27 252
96 161 167
130 239 2
150 174 81
92 125 230
247 100 15
203 244 220
28 127 119
10 94 232
174 235 90
33 85 198
20 197 158
194 97 17
57 137 36
61 215 119
242 59 211
242 128 43
248 250 197
17 105 172
248 246 124
63 169 187
20 199 9
47 42 220
238 128 118
77 69 94
94 106 229
71 140 242
24 231 250
3 147 104
166 128 166
83 206 231
37 82 88
252 13 220
164 231 64
85 146 134
162 118 77
213 206 78
201 50 196
83 131 147
220 165 45
71 28 12
143 114 150
33 226 197
182 93 149
164 207 52
150 4 204
31 120 247
204 42 201
35 254 159
73 134 167
220 205 136
67 242 63
1 25 95
7 202 125
218 209 180
218 46 233
175 212 77
24 116 42
19 80 183
216 188 2
79 251 55
31 129 169
179 238 188
249 3 46
69 56 37
17 108 236
208 33 204
253 96 55
46 7 157
53 55 169
54 123 94
69 213 171
207 169 18
171 248 199
127 115 75
237 231 5
132 255 191
123 137 193
124 71 182
46 20 189
82 242 236
167 40 74
249 45 251
195 160 199
227 176 202
11 228 221
169 110 74
196 22 254
152 75 158
40 191 111
175 160 252
213 18 255
198 7 159
137 221 173
98 47 97
210 128 79
53 88 118
84 117 229
183 32 13
145 242 16
80 221 246
66 75 201
74 171 102
161 29 226
190 142 97
223 136 173
252 150 178
193 179 212
229 45 22
231 52 201
123 234 134
210 176 201
71 67 212
2 173 92
116 66 88
232 29 33
49 157 41
196 241 62
110 16 208
155 70 172
223 77 234
219 36 152
179 123 66
109 231 200
81 153 55
232 72 6
64 125 88
246 158 115
183 95 59
145 134 213
72 61 97
64 97 13
84 58 71
53 184 125
162 121 112
67 113 64
9 145 158
251 43 208
5 9 248
175 71 115
187 169 223
116 108 82
101 201 166
70 22 94
153 54 169
124 252 103
212 155 90
246 100 92
52 77 192
137 39 94
14 47 49
53 226 225
17 142 42
18 178 94
27 167 162
193 133 176
114 151 44
143 114 209
159 167 33
150 11 220
191 54 69
175 221 41
26 114 188
170 83 235
203 56 119
102 65 81
248 144 208
110 222 106
119 127 224
148 136 160
146 108 8
75 6 133
5 146 68
197 120 53
179 205 199
232 83 34
143 245 12
138 81 84
221 135 116
238 24 66
118 109 40
117 54 29
23 194 96
22 147 245
247 168 245
211 126 82
150 227 29
116 153 115
46 213 252
72 33 240
40 175 87
118 156 232
174 159 35
78 109 114
217 197 174
249 93 92
195 32 122
218 216 70
163 249 155
241 114 111
148 49 174
89 205 120
193 179 162
6 251 229
191 117 127
14 231 251
31 84 133
14 62 10
175 91 3
130 255 64
69 39 23
243 203 201
88 160 106
109 206 191
121 41 66
55 166 109
57 232 70
118 242 32
59 202 112
235 109 96
114 77 191
32 207 91
77 211 98
117 226 27
163 209 75
88 20 194
225 12 81
155 120 164
120 201 126
237 26 59
143 110 212
29 198 136
10 80 68
253 116 117
255 206 157
141 216 85
108 221 205
113 124 84
122 155 165
184 11 165
18 22 88
56 70 202
29 92 242
202 18 166
136 82 163
195 254 20
6 161 48
91 121 48
164 82 58
193 108 194
99 78 21
198 204 189
185 23 235
35 134 94
53 232 122
68 13 61
165 13 61
60 58 82
161 127 87
69 227 148
132 248 218
156 210 2
228 78 204
213 113 127
153 64 151
111 55 48
3 93 232
210 190 126
0 92 195
25 218 140
66 191 70
115 106 129
72 240 41
124 211 36
25 198 6
146 160 133
1 181 33
122 29 150
99 13 112
190 214 84
238 91 189
110 59 144
86 9 0
186 22 155
134 100 254
168 209 89
44 77 19
94 92 46
229 104 107
230 241 255
9 194 153
238 105 222
139 140 204
123 160 10
79 150 218
132 121 173
166 77 50
113 168 22
206 29 109
31 211 14
216 184 70
96 123 45
30 89 69
27 203 176
8 12 76
140 125 51
179 72 233
156 113 47
54 66 70
10 90 23
155 173 29
27 8 6
42 235 29
13 216 39
87 251 251
70 58 27
18 8 60
174 0 138
36 35 24
148 211 57
143 102 14
14 167 73
223 128 39
0 24 47
243 102 131
147 48 21
100 115 249
88 110 56
135 214 181
112 134 83
0 3 175
30 103 50
146 207 12
237 56 237
134 43 176
194 27 103
161 164 243
71 211 167
245 3 181
199 85 40
68 28 121
179 123 181
159 120 186
238 64 167
42 83 143
77 236 166
232 127 96
136 70 231
134 154 15
38 87 50
115 219 15
103 159 251
110 33 205
139 180 124
138 207 104
63 234 14
81 99 117
122 173 116
253 200 255
114 57 120
95 114 251
157 81 55
128 20 149
219 135 9
169 184 163
100 234 159
204 243 190
149 129 21
133 26 213
215 94 199
142 97 255
74 1 20
159 79 145
116 237 184
92 114 226
0 53 196
40 111 174
15 39 146
128 93 26
131 40 67
175 108 121
206 55 246
48 189 204
199 127 24
8 162 80
54 85 144
127 81 159
12 163 75
225 197 37
46 101 61
77 114 69
15 200 137
197 227 134
111 136 103
12 234 12
47 132 29
126 33 215
151 190 166
237 120 6
252 109 90
225 254 88
147 154 28
12 142 121
245 216 187
112 23 200
50 140 166
40 16 185
130 236 23
38 133 184
19 181 185
99 30 193
42 252 232
106 151 51
102 141 134
250 44 159
192 162 7
91 236 180
216 66 90
220 149 115
35 29 235
227 133 240
111 72 187
85 163 16
91 50 57
147 89 113
179 165 52
169 73 205
21 188 219
64 125 85
198 130 220
171 5 211
4 206 152
101 181 144
213 249 201
165 51 97
240 89 106
56 30 93
202 169 57
48 157 165
103 102 173
166 222 57
67 144 152
155 156 7
40 4 18
240 9 159
116 229 239
128 12 91
18 223 145
37 63 74
3 38 63
8 85 148
251 21 203
230 89 241
61 223 85
22 158 83
134 181 65
81 255 236
79 20 1
52 135 55
194 124 5
190 111 74
90 17 128
30 14 67
47 90 106
13 121 64
214 27 39
136 132 57
151 131 44
240 229 222
114 14 170
81 5 24
178 232 102
195 180 146
148 196 226
185 224 28
142 133 139
5 206 250
64 112 126
37 179 58
113 208 171
162 240 176
159 65 6
234 212 90
32 231 88
142 246 54
15 42 3
215 204 75
38 118 82
164 70 173
50 92 65
195 111 9
228 173 79
8 70 82
194 148 235
29 88 92
55 145 167
237 165 102
174 193 214
164 236 53
253 168 13
12 59 43
126 133 1
248 182 44
14 66 14
213 168 251
138 63 154
171 128 174
212 116 49
99 183 212
125 241 33
123 211 201
125 116 77
77 215 1
191 25 137
125 191 89
212 72 56
213 149 138
240 69 138
58 253 0
45 103 116
138 180 175
231 242 66
247 167 151
208 231 20
242 28 225
17 92 192
105 138 90
160 85 197
234 190 60
47 120 174
91 62 138
214 78 223
38 48 252
202 86 145
152 25 143
131 212 249
37 200 101
211 42 229
216 127 165
100 33 78
198 223 250
215 191 195
5 121 98
164 5 143
38 58 69
244 22 234
103 241 49
23 34 235
103 70 100
241 47 200
224 57 214
108 146 105
183 97 92
212 244 89
81 180 116
223 194 42
85 11 129
47 93 34
124 90 185
211 52 155
107 205 234
75 90 118
241 194 101
11 251 105
4 34 139
5 180 136
61 76 14
60 167 73
235 54 81
171 112 108
115 159 17
251 161 208
190 181 206
44 45 14
29 198 67
217 128 108
36 52 65
66 238 34
238 167 118
145 147 208
84 28 1
157 77 94
254 103 182
93 8 240
36 199 160
24 149 205
105 241 190
229 31 179
27 214 236
130 78 81
43 240 83
24 43 37
159 4 187
103 195 237
0 219 39
207 70 193
163 106 75
248 83 130
71 146 68
146 47 111
28 187 89
97 42 3
215 153 24
83 160 48
90 251 23
180 197 215
227 189 40
118 175 215
90 230 240
239 154 188
214 93 79
252 66 29
107 199 76
63 129 38
23 49 162
219 64 59
174 6 140
159 164 3
61 122 212
60 135 245
8 103 200
62 40 175
86 182 11
39 160 2
128 104 140
244 210 70
15 210 108
2 145 82
48 152 249
0 134 253
239 103 162
248 28 134
187 207 102
199 2 159
171 117 171
153 70 190
57 105 35
100 178 247
41 221 44
40 86 146
181 77 95
209 185 16
158 218 223
157 64 106
185 26 31
244 108 216
6 240 140
106 224 152
226 104 120
246 101 20
15 116 28
210 152 86
62 105 10
24 136 26
88 158 183
100 22 193
125 217 5
41 36 43
56 109 134
253 25 45
132 129 118
16 92 226
230 22 255
126 227 129
153 43 229
1 2 153
143 254 47
206 253 220
234 147 104
134 107 62
241 174 239
92 231 72
31 166 213
139 2 202
86 175 184
97 91 56
63 14 180
246 47 242
71 61 77
190 32 22
115 70 251
216 254 57
91 250 180
183 151 54
216 172 174
252 36 130
51 174 41
177 255 11
237 96 235
144 129 184
166 230 230
176 115 147
251 136 224
227 184 4
41 210 216
173 20 236
68 189 49
114 142 92
128 164 117
200 166 96
181 101 40
111 85 160
33 16 213
67 172 254
142 183 158
48 74 225
63 133 14
165 83 102
247 27 158
139 240 249
249 45 106
52 28 49
242 133 180
142 207 249
134 135 252
196 223 9
179 177 253
22 155 15
65 47 41
66 136 151
172 175 162
116 41 152
15 13 96
11 233 239
79 150 29
61 235 80
69 41 185
246 63 193
131 27 85
220 159 152
102 168 97
136 73 112
47 191 181
54 232 219
71 188 92
41 215 77
219 249 137
219 22 243
167 205 226
222 197 127
25 20 74
20 43 114
133 101 184
63 26 41
101 209 103
196 142 52
139 14 22
198 154 183
70 106 104
182 58 168
144 17 72
206 172 154
158 2 47
228 140 232
72 203 183
77 138 112
133 221 16
48 246 213
59 26 196
171 91 138
23 41 4
1 5 217
204 6 169
60 59 70
48 19 234
82 233 185
38 226 175
84 47 95
228 242 253
26 6 111
182 208 82
64 64 26
70 50 24
241 171 203
165 135 6
184 103 106
172 238 225
191 116 124
121 158 107
207 151 189
224 35 178
73 70 72
98 164 222
15 215 183
39 222 181
241 28 91
88 167 66
169 129 65
235 205 253
10 248 152
56 17 128
212 148 50
73 144 202
203 59 113
37 241 39
86 19 189
25 179 68
178 102 175
13 2 119
177 129 77
115 228 39
12 97 158
177 109 138
180 14 16
145 210 163
34 167 7
183 248 159
124 182 43
55 51 43
194 27 212
184 191 154
142 150 45
243 252 243
57 220 239
171 159 192
191 184 214
236 27 202
73 125 72
204 186 228
109 90 137
234 89 15
195 44 94
61 219 71
95 53 187
118 10 184
109 143 165
255 106 186
109 122 4
208 87 31
124 129 244
128 48 224
186 43 54
170 147 11
193 227 138
188 61 23
235 122 52
218 111 55
55 181 15
243 90 36
153 217 64
41 137 172
73 252 235
53 100 91
102 176 173
69 132 187
2 165 76
217 212 53
118 144 151
67 74 169
37 47 200
236 67 170
121 165 222
61 79 88
220 100 114
14 160 11
101 177 47
207 173 18
112 18 187
138 44 82
100 219 108
93 13 131
108 235 255
137 4 143
191 25 130
188 182 210
242 23 187
231 180 120
134 237 140
111 69 208
22 92 21
75 63 174
140 61 200
37 8 206
28 245 146
221 19 248
120 26 31
196 188 223
191 201 63
160 161 85
248 137 59
193 167 21
82 55 34
182 230 193
202 103 160
104 157 124
115 224 172
156 16 164
243 220 215
89 155 214
6 117 179
73 203 232
7 40 156
161 44 97
250 212 36
56 148 142
91 116 85
141 161 191
239 33 86
250 112 88
190 211 18
184 57 34
157 0 7
190 34 127
213 7 219
174 29 72
222 72 252
98 231 151
53 49 51
194 31 116
49 20 220
214 144 142
238 14 36
2 89 114
105 78 211
105 176 172
190 123 32
114 176 149
205 169 150
42 109 29
140 43 39
188 94 145
248 2 152
252 105 169
91 101 100
218 161 218
57 41 162
23 195 202
142 229 186
40 234 127
227 175 135
90 12 71
120 231 107
114 16 215
173 50 30
229 163 160
255 164 198
13 89 81
175 105 150
47 9 62
208 235 63
44 253 145
30 77 75
84 11 7
221 113 140
234 87 40
147 243 89
227 8 170
234 214 124
161 119 233
215 206 29
33 227 236
160 203 189
115 232 211
190 19 202
107 9 98
232 48 252
194 48 7
208 251 197
29 15 155
29 164 244
182 218 110
56 202 151
61 103 210
75 122 83
70 35 220
227 247 121
87 137 219
172 170 186
28 174 22
116 252 101
66 217 120
114 40 1
4 254 174
67 48 182
27 201 40
192 51 151
145 167 180
69 216 218
42 165 209
214 175 209
2 166 251
252 107 160
146 68 169
238 147 13
46 86 155
74 2 98
131 102 240
220 227 238
48 97 85
235 169 168
86 196 107
153 150 163
228 229 6
82 36 161
232 200 50
110 221 35
147 136 13
100 32 52
197 108 220
191 31 39
224 122 82
6 246 173
254 34 170
99 71 138
32 7 202
207 56 220
72 67 110
175 38 155
70 143 51
148 34 190
41 253 0
187 43 123
169 214 235
132 255 238
24 194 82
125 62 191
29 131 70
76 89 189
10 26 141
173 253 7
87 18 58
77 90 93
168 70 229
231 253 163
99 214 219
92 120 250
122 121 212
167 190 229
234 141 159
38 66 166
243 184 141
212 95 88
108 50 172
105 101 130
200 20 37
250 54 107
151 17 47
124 48 134
188 69 154
247 20 64
173 159 216
2 206 158
80 82 172
51 60 216
194 209 255
95 169 123
187 82 4
54 192 227
49 231 175
75 13 58
251 217 230
157 88 76
54 145 30
142 11 47
8 92 112
246 181 213
120 211 202
143 164 118
159 14 113
41 68 83
212 143 126
99 76 25
94 78 142
84 43 16
112 31 164
201 246 168
198 228 142
138 15 24
193 144 148
204 158 232
130 128 85
35 32 181
37 47 47
219 144 198
135 138 60
224 29 126
169 45 162
35 229 155
156 115 199
86 180 112
94 95 167
62 120 199
246 152 19
51 118 53
217 81 164
77 23 175
225 27 78
159 58 134
189 95 243
187 101 172
60 198 157
159 86 220
95 210 116
153 39 198
3 213 95
121 67 162
218 26 226
169 130 246
7 173 166
42 26 7
143 19 235
186 126 179
166 208 188
137 122 8
253 47 66
147 142 126
137 74 144
244 128 119
167 185 159
27 143 54
40 135 218
49 219 163
226 134 157
228 14 134
45 97 91
170 103 168
45 123 188
20 54 6
152 217 154
181 242 82
159 249 44
4 24 236
5 29 79
45 203 56
98 164 64
123 38 127
94 116 236
12 209 36
5 200 221
239 225 112
111 6 222
166 103 145
216 240 15
29 249 11
29 166 195
31 87 252
52 68 215
254 41 202
128 143 68
90 211 70
39 167 156
77 145 243
116 227 240
55 31 129
96 123 62
125 70 49
43 64 246
174 55 41
95 163 98
72 202 67
9 16 12
36 249 38
90 133 66
99 177 169
41 234 3
144 127 241
68 83 141
33 236 65
60 5 109
24 77 156
134 180 79
243 212 59
86 203 241
96 200 16
47 20 191
163 213 206
223 129 190
253 122 174
62 118 111
233 197 169
28 208 188
192 224 103
233 205 48
13 161 252
231 193 208
34 168 35
41 255 81
116 193 2
2 108 234
29 91 3
83 198 182
249 130 33
183 175 64
147 7 64
172 16 133
52 46 20
15 217 104
142 97 114
152 168 25
244 90 25
116 230 189
168 11 108
147 245 57
3 255 242
141 51 226
99 162 20
19 236 133
96 106 202
122 61 6
62 152 144
1 162 122
206 114 187
67 65 143
30 139 37
0 252 251
105 114 39
226 232 250
98 209 30
244 152 31
97 93 37
151 161 107
36 202 71
118 6 72
134 68 183
108 72 62
180 245 169
81 25 104
247 12 150
205 139 114
181 3 3
80 132 31
160 62 23
71 192 90
134 181 67
107 173 144
191 155 237
109 136 120
218 242 32
183 201 87
72 119 121
127 83 61
75 70 129
236 16 194
20 30 206
179 83 60
61 160 147
86 158 49
187 31 47
130 60 211
63 178 90
27 132 39
90 81 158
68 215 144
2 173 23
228 88 236
21 18 108
0 124 111
44 255 173
64 203 49
200 130 234
88 132 162
106 198 115
203 215 3
42 3 248
52 145 46
114 197 50
199 104 38
62 138 184
239 245 50
16 139 239
117 21 78
5 222 58
146 201 33
70 43 28
170 242 216
131 254 201
66 247 71
224 217 241
106 222 194
149 68 143
66 113 207
96 147 107
118 157 219
244 149 131
127 56 62
109 29 46
148 146 150
164 188 18
199 138 234
143 151 36
99 1 2
211 204 182
76 41 169
64 106 9
241 254 141
233 164 208
184 112 248
59 77 247
94 49 234
39 220 196
236 24 226
6 13 157
61 244 239
55 217 158
34 89 247
134 20 142
189 254 89
31 127 74
85 111 3
91 131 5
114 14 36
39 31 30
15 225 196
220 103 9
170 70 147
191 147 35
144 245 59
90 107 188
236 26 81
64 123 82
235 203 166
229 215 211
212 5 61
153 154 134
242 90 104
113 156 99
50 239 76
184 17 136
182 248 74
75 127 65
146 144 200
47 84 108
140 251 122
63 77 194
123 250 100
183 91 123
115 0 127
24 62 168
202 69 234
169 81 52
104 158 24
171 47 166
252 213 224
254 96 112
194 26 106
200 199 55
100 172 140
27 134 64
120 165 65
171 34 133
75 26 180
109 109 69
21 240 13
70 101 101
210 9 41
157 233 145
8 245 107
187 6 188
199 214 140
38 3 86
247 35 33
10 240 50
121 151 25
29 8 239
147 254 181
243 237 66
253 136 187
0 179 133
154 210 37
25 121 95
123 77 134
98 213 148
109 59 206
116 253 218
13 244 217
22 85 51
191 159 224
180 8 174
190 29 126
29 64 39
101 193 145
215 85 204
93 168 245
191 238 200
126 179 123
172 195 45
39 146 140
233 55 196
234 63 240
224 21 52
44 127 158
242 216 53
225 187 82
246 113 207
95 245 128
163 7 237
246 241 130
34 210 208
188 80 134
109 29 112
240 155 168
76 152 219
115 234 103
60 60 132
183 187 219
102 134 149
244 4 202
190 223 56
152 102 232
159 196 104
215 192 64
178 242 54
140 215 241
166 156 156
219 41 246
230 52 10
120 96 187
69 241 38
65 224 0
19 74 155
194 206 214
33 53 137
218 214 134
18 105 122
146 222 138
123 7 61
20 78 23
139 190 126
217 119 204
199 50 214
129 185 82
232 27 116
212 211 47
120 229 70
223 215 209
203 156 90
36 215 81
152 71 54
193 187 91
132 22 71
137 32 228
175 200 168
240 139 10
235 35 168
121 84 246
56 100 182
253 83 68
49 63 4
124 156 188
115 139 246
184 63 39
182 39 33
128 239 223
202 215 159
192 25 168
193 129 128
143 135 45
25 95 79
210 63 176
92 129 137
157 135 158
24 94 12
1 116 5
43 165 155
239 101 118
250 133 16
122 154 127
176 240 106
35 227 179
243 38 126
171 48 177
206 7 235
48 47 97
141 112 197
85 164 44
14 55 248
4 88 59
94 189 74
160 91 159
217 134 42
205 168 10
73 146 244
71 92 236
210 245 4
167 85 236
161 23 182
131 3 236
5 168 108
140 246 47
135 64 205
15 54 42
215 163 203
46 255 13
242 227 249
229 187 182
31 200 186
151 200 30
120 62 55
63 41 218
93 73 237
152 250 216
93 197 47
73 64 197
215 57 196
160 247 148
28 61 93
223 217 125
112 196 94
185 122 85
73 194 140
12 195 40
134 225 185
17 37 56
202 16 150
53 98 143
181 224 144
17 166 152
100 175 255
188 227 105
170 53 177
201 112 39
171 145 211
91 162 120
155 239 141
38 228 206
23 54 118
230 88 241
192 164 38
95 201 161
234 89 27
145 6 195
16 196 150
58 98 153
32 105 118
123 129 146
74 148 192
234 215 200
75 206 157
183 9 207
56 166 115
25 125 101
13 108 240
249 168 88
38 89 50
99 222 244
40 218 81
228 75 4
108 121 2
118 87 194
238 201 75
87 166 138
230 105 246
222 151 64
138 63 161
17 28 188
79 24 156
96 6 36
30 59 170
148 219 1
99 244 56
244 62 223
196 236 220
206 162 196
218 189 127
52 54 204
247 205 142
213 105 116
162 89 235
99 30 164
47 38 110
16 110 131
7 137 201
150 213 196
25 246 85
65 38 169
146 40 212
69 206 191
133 26 69
190 177 166
37 65 254
6 224 149
199 35 60
61 229 66
103 131 152
76 56 5
87 62 108
106 125 53
147 104 255
24 55 9
220 51 157
52 63 238
222 192 244
195 14 150
210 51 121
56 20 229
229 239 38
68 241 44
110 99 116
215 37 48
24 157 100
40 0 209
152 114 29
174 146 133
161 116 58
173 53 179
89 50 6
164 49 254
45 108 61
53 72 34
120 82 237
32 154 31
3 89 151
235 154 240
85 147 9
163 148 252
80 84 12
15 236 67
221 186 31
247 159 7
202 45 140
45 62 33
102 77 100
190 207 36
9 219 2
18 159 118
8 222 147
77 29 52
212 143 41
73 27 114
83 25 12
131 228 203
51 119 5
116 75 21
230 107 21
43 211 115
208 120 17
33 11 248
79 242 41
167 197 126
246 190 156
215 78 215
27 3 181
106 82 224
217 93 95
85 216 194
92 215 157
146 38 145
182 38 93
161 220 211
78 64 77
7 230 180
89 113 184
203 131 216
244 31 148
202 98 9
191 251 128
107 93 18
210 25 161
220 39 70
60 125 101
21 226 25
114 135 116
72 35 105
192 248 121
121 255 76
123 99 156
134 214 119
140 194 30
69 216 142
143 216 181
146 149 233
86 57 68
141 146 49
109 6 218
136 56 113
113 134 197
190 249 60
141 46 134
205 9 170
94 138 75
252 107 164
135 117 23
182 184 94
192 4 63
127 3 166
146 174 182
40 75 55
254 53 185
196 226 191
100 128 241
199 32 222
9 129 229
194 139 221
17 105 170
36 148 119
143 57 42
33 201 252
251 173 214
161 93 136
250 243 213
142 6 24
125 104 56
43 25 81
142 99 7
41 194 114
79 249 24
66 61 219
177 121 244
60 62 223
190 208 134
72 225 144
222 11 169
94 121 225
109 133 150
224 32 9
253 241 60
83 94 205
28 221 79
76 175 91
85 254 252
2 79 174
12 160 232
243 200 252
135 254 108
74 166 130
210 170 171
106 206 37
147 81 196
130 25 124
77 200 48
116 211 103
242 56 255
24 212 108
181 3 205
22 80 34
47 28 100
118 145 131
245 83 138
44 34 4
188 191 5
88 187 30
199 166 191
118 64 211
243 36 24
236 13 24
244 240 9
143 128 213
126 108 226
82 83 157
100 9 239
8 133 168
116 89 114
221 80 207
211 124 103
63 169 183
73 107 211
151 18 245
59 219 2
147 60 193
61 246 87
3 143 159
107 151 3
242 44 96
126 111 122
77 86 142
62 115 80
216 7 202
108 159 31
201 52 175
96 222 234
76 13 253
99 172 38
206 175 158
236 14 207
21 219 107
18 204 98
25 191 94
214 113 230
222 32 224
189 248 147
245 92 96
52 64 169
116 54 224
35 43 133
243 18 23
201 164 153
199 117 107
151 27 215
144 17 84
118 75 21
123 121 112
240 147 58
164 152 57
161 189 110
150 157 232
28 145 130
132 53 6
73 250 85
214 228 10
94 101 161
178 125 173
158 252 81
68 205 46
162 210 214
131 50 142
126 58 184
86 61 209
107 150 81
198 46 123
122 95 197
170 54 67
83 107 95
227 46 69
160 43 177
0 99 147
137 122 4
110 42 21
50 229 25
32 147 245
135 10 67
64 69 170
47 222 50
93 30 169
75 70 103
45 45 224
205 99 199
109 203 186
159 133 85
147 29 185
249 191 138
114 17 24
188 26 158
158 203 61
150 85 239
20 52 92
99 68 118
86 224 209
186 76 130
31 29 33
65 61 127
31 91 76
30 210 163
74 211 8
119 213 233
134 11 26
149 50 239
241 98 250
8 143 29
241 96 206
121 196 183
6 123 129
126 200 72
157 73 193
141 229 23
31 109 197
31 197 72
34 222 31
237 228 7
47 198 52
127 80 90
58 214 130
211 227 65
219 169 56
48 131 112
8 53 78
55 218 55
56 86 42
63 193 30
50 73 238
106 170 1
93 102 122
232 143 6
113 133 233
42 135 151
71 62 244
78 36 193
55 37 174
107 251 213
194 51 115
216 240 45
24 60 52
179 80 73
156 100 135
43 148 244
49 22 198
196 192 146
171 237 92
3 89 103
197 214 132
73 4 68
128 208 247
183 198 191
184 56 95
112 82 150
61 167 42
165 147 245
133 76 122
196 118 87
171 242 234
104 208 15
203 112 95
66 227 177
17 17 54
178 229 119
210 9 156
237 149 34
112 1 222
132 137 201
25 134 54
47 193 226
102 10 47
153 79 236
226 104 98
45 145 15
226 201 221
28 158 48
223 238 4
166 229 80
218 239 14
49 205 253
177 130 64
159 125 40
212 192 102
73 37 70
211 4 61
227 105 97
135 45 246
144 234 39
227 149 3
63 28 71
17 70 1
159 219 101
207 10 136
207 194 51
247 19 51
117 164 11
194 111 81
38 159 142
147 47 176
62 228 6
201 239 49
119 156 217
216 66 124
196 222 37
52 58 235
194 1 79
198 4 18
236 43 27
229 61 246
200 161 144
137 116 105
63 23 34
151 114 200
231 249 165
32 27 77
80 9 101
169 38 199
0 203 193
104 218 51
121 167 190
70 51 137
75 230 125
130 147 49
214 25 172
78 165 50
155 179 33
162 209 97
67 221 54
139 178 187
105 117 156
48 93 122
87 44 146
217 140 248
77 5 60
122 158 0
93 16 50
109 110 143
22 71 215
44 180 98
181 12 134
182 230 4
40 147 147
29 177 65
77 239 30
93 21 193
182 196 29
109 204 99
154 209 36
89 97 90
82 14 38
211 30 74
4 88 217
240 167 189
2 174 38
73 253 63
196 182 206
63 175 36
191 93 24
236 24 203
104 209 191
206 152 180
219 196 23
65 66 165
229 173 66
89 222 142
124 253 148
46 226 67
248 117 213
3 19 113
216 163 96
186 139 248
190 223 111
241 55 67
67 136 156
181 203 53
200 8 180
35 6 114
206 170 131
17 27 66
95 186 152
19 105 124
233 198 181
112 140 15
62 250 237
72 143 166
213 182 14
13 253 241
130 128 67
25 16 241
105 234 48
42 57 234
150 151 52
153 22 173
199 116 28
73 43 142
33 156 140
165 62 190
255 187 125
206 206 136
102 111 81
7 3 102
100 117 62
171 205 2
217 74 49
57 221 18
31 128 57
100 6 77
224 201 116
6 68 180
245 232 158
0 38 168
225 248 157
176 199 233
196 116 247
195 47 28
73 15 178
12 255 66
20 80 29
135 222 17
250 33 21
219 16 162
87 118 176
45 170 77
188 187 161
172 127 106
82 43 21
0 248 126
96 168 20
59 55 128
157 74 248
243 100 185
171 235 204
131 142 213
253 170 241
157 174 225
250 44 27
234 192 226
197 29 121
238 28 40
141 136 91
205 197 48
91 129 2
82 81 229
4 204 75
216 50 57
10 145 211
45 241 81
167 84 125
48 190 71
50 18 11
10 138 13
2 30 81
112 166 169
63 187 86
61 229 221
151 205 82
156 163 112
189 227 173
193 229 30
210 53 74
211 142 33
64 42 213
169 162 150
112 74 201
81 188 231
99 58 146
247 34 100
85 205 152
113 4 3
217 17 244
3 197 90
102 241 46
247 177 50
241 232 195
50 62 120
9 202 32
123 187 202
173 182 97
79 46 118
194 139 37
39 29 154
25 133 19
182 252 0
227 217 5
223 119 73
253 207 176
11 240 210
247 66 162
6 58 180
66 15 61
55 60 175
255 217 207
115 230 230
151 245 228
9 174 214
116 0 142
108 242 88
68 24 41
40 98 159
252 44 159
7 233 141
216 151 187
1 159 4
138 144 56
234 104 229
222 139 47
47 170 13
123 147 153
181 21 50
202 1 240
152 97 82
231 154 157
127 200 248
88 3 206
27 231 49
23 55 191
52 108 47
130 246 252
34 45 174
169 80 128
203 124 9
9 66 12
190 142 110
111 183 222
224 8 50
138 129 166
91 201 218
124 225 178
254 60 187
24 191 190
239 220 246
178 164 24
111 102 129
223 160 19
174 161 154
23 71 220
130 79 41
125 148 86
34 136 25
5 189 172
41 31 81
117 155 216
110 223 27
47 25 90
138 125 153
155 59 225
208 131 110
112 131 25
153 201 238
10 46 161
164 241 132
15 43 139
52 131 30
179 97 229
221 51 195
203 146 84
252 217 179
3 87 90
200 25 220
50 104 219
106 59 172
207 179 104
170 30 25
124 144 171
30 208 246
76 88 53
152 140 93
221 80 48
102 88 224
53 43 219
17 240 81
215 181 56
26 180 239
48 111 7
230 45 198
157 190 56
28 19 52
235 43 21
2 195 219
130 249 104
220 20 59
210 250 26
211 233 143
1 123 224
207 85 173
100 60 201
163 125 234
28 30 192
246 13 19
215 225 21
170 134 88
46 6 14
232 33 21
236 58 224
38 3 117
222 156 146
213 215 178
123 209 85
222 38 95
119 137 118
178 61 86
10 250 232
153 181 142
192 243 114
3 202 203
177 136 2
127 195 205
13 177 17
230 206 190
121 214 236
242 130 202
232 125 42
52 216 39
69 103 144
174 81 144
52 175 194
200 246 167
194 50 101
83 51 164
172 66 69
87 41 214
155 6 214
210 109 224
215 168 43
125 106 221
83 138 200
185 4 126
20 229 105
219 174 198
40 140 232
166 209 56
14 92 213
100 61 131
141 95 149
57 5 24
192 185 77
29 11 93
72 76 31
242 241 194
91 71 172
111 33 123
89 217 91
23 57 134
242 254 132
244 43 24
213 186 17
54 156 17
212 42 136
126 79 186
144 74 210
90 180 43
251 144 44
65 113 25
249 78 232
251 49 249
12 135 73
30 102 71
227 248 209
51 53 213
118 141 245
100 146 207
232 219 254
1 176 124
109 140 36
121 189 218
192 22 65
180 155 185
169 222 28
74 166 57
198 153 28
199 154 253
150 212 193
114 108 144
114 225 24
168 10 83
234 48 98
185 157 31
145 64 212
187 165 140
177 162 210
43 48 75
239 49 121
160 190 118
171 254 226
157 97 124
111 90 100
61 31 97
7 129 228
192 160 30
114 72 151
146 117 26
162 20 32
160 43 83
152 140 61
17 20 93
26 132 231
221 205 231
79 68 141
104 42 218
246 162 29
231 72 31
177 37 146
219 32 14
32 142 118
115 47 26
94 217 0
221 77 161
185 235 128
55 124 178
48 252 118
99 28 160
231 244 124
190 81 61
180 105 194
34 223 34
242 251 118
129 95 177
5 57 42
189 57 55
152 253 228
71 79 181
152 10 28
181 186 37
168 60 165
158 143 14
81 124 132
42 103 22
43 165 129
70 220 151
141 197 89
125 22 127
212 56 76
38 173 197
124 171 189
199 30 105
183 115 148
201 10 101
164 93 28
50 69 29
36 55 50
59 212 240
162 88 219
25 114 44
105 176 13
67 175 0
212 234 162
64 207 52
90 7 46
76 158 12
155 96 207
112 221 140
174 130 52
169 157 227
129 147 249
11 49 193
226 67 240
70 126 249
44 126 238
184 4 94
149 123 149
120 254 227
90 238 55
236 164 41
123 26 185
249 128 109
201 228 241
137 102 249
26 136 250
31 144 142
122 183 14
237 126 150
53 187 156
132 113 39
132 119 199
236 19 74
45 25 73
84 183 246
153 47 156
98 26 178
138 198 252
9 57 70
251 240 53
77 28 174
156 46 237
82 56 50
196 98 53
191 234 192
234 255 186
131 76 240
116 58 82
137 44 250
157 132 74
222 247 149
51 21 240
94 144 110
137 154 130
227 4 238
23 46 5
34 74 201
104 36 154
113 84 6
142 228 108
44 117 8
85 204 169
195 227 239
140 207 18
110 22 240
67 223 85
34 182 77
19 190 0
45 27 13
79 191 34
12 39 243
57 158 208
182 75 8
118 8 54
125 171 23
61 198 155
249 156 128
76 153 78
126 161 173
46 216 209
18 197 238
188 67 67
59 78 59
102 196 159
255 170 119
7 243 148
103 249 186
202 228 168
60 115 123
101 174 246
200 53 250
23 241 157
18 129 52
36 111 169
197 1 118
77 9 59
223 57 121
215 86 183
45 165 80
106 250 68
146 224 251
123 191 46
110 65 116
29 121 74
143 151 195
240 15 28
203 117 72
174 105 188
238 94 131
65 238 44
82 231 76
213 81 138
29 6 161
207 175 79
101 123 238
89 123 109
138 119 134
72 27 202
143 220 162
36 127 50
112 103 25
69 170 159
120 73 54
113 20 240
213 189 11
107 126 114
214 238 139
184 20 109
111 86 142
71 71 55
151 135 55
22 3 43
15 194 168
102 110 183
214 201 204
113 138 21
94 118 96
68 243 49
90 58 120
215 196 10
158 229 248
12 143 254
123 194 192
80 14 182
69 143 188
202 26 102
167 56 105
22 98 253
176 55 242
179 57 166
66 105 182
122 44 37
108 102 54
15 223 38
117 116 135
3 167 243
218 171 119
146 8 250
28 69 116
72 180 234
91 173 213
43 253 242
213 43 177
216 16 91
26 17 165
237 239 129
135 115 122
28 231 243
152 207 105
105 254 133
184 1 17
147 253 173
204 202 78
200 70 241
64 58 95
143 110 67
186 184 54
32 217 71
125 144 107
203 59 140
171 136 109
85 35 69
50 212 222
195 146 223
76 228 84
19 177 59
14 174 142
165 61 33
206 25 89
111 44 206
84 25 191
82 207 77
114 119 135
241 138 0
58 234 17
81 82 48
118 213 127
149 68 25
179 55 22
169 169 96
136 161 61
26 98 96
220 68 140
11 232 239
158 43 145
77 127 162
90 204 197
175 109 132
119 116 52
153 142 19
122 167 254
24 207 231
235 238 120
89 182 202
230 213 218
179 27 6
236 13 151
1 238 192
219 98 3
75 171 146
148 255 247
125 25 66
180 14 99
15 84 108
79 150 240
189 230 208
228 108 75
109 208 51
29 14 82
64 242 154
49 161 189
162 112 52
231 174 1
151 85 57
222 15 71
184 139 109
13 136 102
228 233 203
227 244 243
209 240 76
105 28 183
136 166 154
26 188 10
226 130 82
232 149 219
18 232 195
32 128 187
59 197 237
90 120 49
172 168 118
67 139 154
203 103 55
48 89 119
82 154 159
119 135 84
209 47 222
101 66 244
58 122 45
62 154 162
118 4 91
208 98 195
3 251 73
91 119 252
100 79 227
140 97 223
115 189 226
210 177 66
62 221 4
156 246 132
73 215 36
49 103 240
182 79 206
226 222 241
177 52 88
254 82 247
183 189 63
31 146 9
246 55 43
99 86 160
97 73 97
254 148 107
47 77 161
179 169 63
214 237 30
123 1 45
48 76 240
233 164 135
63 207 34
106 147 86
112 15 92
209 209 239
201 210 81
137 189 194
25 157 98
58 179 61
241 7 253
192 136 18
152 120 98
105 103 109
47 66 110
187 10 254
158 109 126
10 14 169
64 191 26
197 177 98
233 105 226
237 202 90
0 227 63
94 4 220
18 188 121
171 245 238
172 79 194
16 99 253
39 22 136
14 248 68
56 155 37
243 243 231
131 24 38
22 45 95
91 216 252
186 176 221
117 139 186
90 13 28
131 108 238
19 92 214
14 253 236
20 107 78
23 248 44
246 82 208
135 135 195
122 133 189
189 155 221
199 245 187
21 220 220
125 199 141
145 7 218
214 109 248
167 13 110
99 167 13
217 0 237
127 245 74
137 17 84
106 55 62
83 49 21
254 151 152
60 253 51
151 208 45
127 52 148
171 174 183
212 73 20
179 39 254
177 19 57
127 55 226
114 130 106
105 13 10
193 32 94
175 50 59
83 204 246
22 122 253
55 247 52
196 71 47
55 231 126
235 72 230
91 205 35
204 75 155
233 142 91
10 253 170
220 88 125
53 0 79
75 25 123
183 236 89
69 105 170
202 217 171
71 116 52
57 3 42
103 162 98
74 254 244
225 43 221
89 68 30
31 111 136
101 141 86
125 155 20
5 218 228
254 103 100
216 203 228
38 39 214
247 146 21
78 120 71
128 219 7
62 76 214
206 139 33
106 111 64
214 12 76
100 160 43
44 95 70
200 170 25
103 118 232
123 42 196
168 200 161
78 113 250
50 22 92
83 89 145
76 86 96
188 187 28
26 205 146
73 241 92
64 110 131
193 17 22
100 35 103
78 137 35
197 206 223
231 111 0
233 16 49
0 102 247
212 125 211
141 252 224
146 165 78
42 193 224
167 10 236
86 5 47
193 171 249
51 161 58
184 87 196
246 120 59
166 124 14
165 198 123
213 86 149
35 193 224
242 39 25
31 250 30
193 81 201
8 21 151
195 33 185
247 112 23
135 77 0
235 6 35
48 118 94
188 200 94
69 237 241
115 99 167
229 50 112
168 251 7
122 51 174
60 0 112
145 236 44
11 137 204
98 47 247
193 183 124
140 6 56
176 208 103
141 0 14
156 210 2
97 223 169
5 154 177
96 66 255
248 138 125
214 95 15
9 79 135
76 68 138
251 66 82
74 66 86
127 70 172
29 221 28
100 199 176
143 58 203
74 83 74
5 155 115
188 23 165
187 73 77
27 82 235
85 235 192
59 131 171
7 55 30
64 209 43
60 253 65
202 180 94
178 40 204
187 251 134
129 229 136
186 17 32
204 105 255
126 197 185
216 47 84
27 36 244
250 167 79
251 178 174
14 167 235
179 107 12
151 251 234
42 114 89
37 208 55
69 111 180
120 114 218
149 229 159
233 51 65
57 73 143
118 72 8
65 220 159
237 178 190
173 33 52
105 84 169
195 16 140
244 43 242
209 106 174
93 97 89
204 201 238
37 89 14
51 253 57
10 114 23
124 202 113
2 154 55
118 96 214
3 97 243
200 158 152
10 56 87
55 190 84
221 204 68
94 220 24
74 27 80
110 149 251
61 188 35
193 4 182
179 209 107
82 228 127
37 237 223
56 57 90
232 155 104
136 211 215
189 220 207
122 115 232
243 49 113
232 161 35
15 243 82
187 244 109
34 150 115
114 248 8
155 219 176
129 204 229
70 171 217
26 210 126
255 34 197
43 206 218
220 131 194
22 127 65
59 70 207
163 127 121
58 237 62
69 194 29
248 145 197
75 229 58
134 245 238
231 201 29
61 243 22
200 180 165
234 167 74
231 7 209
0 15 139
163 56 108
173 176 38
185 146 49
188 90 169
60 171 199
9 237 122
223 231 24
252 44 78
107 69 158
192 178 237
119 37 117
222 2 137
25 169 48
240 178 137
233 40 46
136 13 77
2 251 162
22 208 207
14 158 152
32 160 221
141 126 104
190 214 162
54 172 56
254 58 58
81 77 244
125 38 149
104 25 37
136 233 244
79 76 117
127 34 180
162 183 24
201 135 20
21 35 232
7 239 44
110 83 109
243 114 5
119 43 240
229 114 47
47 38 228
131 237 132
157 188 188
7 21 154
222 244 80
161 94 207
208 41 51
187 190 47
132 179 66
134 241 141
40 244 150
82 191 140
3 187 156
65 182 53
207 223 150
245 52 17
66 187 123
137 221 3
209 199 12
220 159 208
3 222 40
174 118 227
184 31 47
55 167 57
86 221 254
159 248 240
232 237 169
128 204 145
83 104 209
230 183 166
242 162 43
46 189 197
21 170 242
222 49 127
127 35 134
143 48 239
23 224 140
11 177 9
231 174 171
186 213 32
86 96 122
213 114 52
70 86 72
153 173 193
58 87 192
225 62 213
96 69 33
89 29 236
219 155 28
44 126 119
217 105 188
127 145 68
28 81 14
70 84 159
178 19 50
45 44 249
61 122 219
234 188 93
211 229 131
41 246 116
237 164 138
124 21 145
52 109 110
162 213 110
130 25 206
224 122 133
226 57 1
187 35 12
125 218 21
139 163 10
21 51 220
74 188 219
124 53 231
93 175 211
233 204 175
163 101 249
212 81 127
147 188 57
44 44 111
20 155 59
219 37 242
179 46 165
135 176 127
208 177 92
246 59 159
168 162 246
66 164 173
104 191 211
76 86 228
10 202 241
90 200 245
196 92 14
29 160 216
253 3 3
2 203 35
104 169 48
116 133 225
200 101 98
240 196 113
55 212 5
216 72 77
185 240 171
16 149 230
33 241 160
78 22 248
103 65 39
118 181 159
155 95 125
56 164 58
27 198 223
60 209 38
119 58 160
31 230 220
35 99 45
236 234 33
107 58 24
200 173 168
9 98 57
49 65 110
169 47 193
125 154 110
89 187 118
60 221 69
239 119 174
157 8 6
86 155 81
228 134 222
91 18 5
244 26 83
8 29 93
146 101 50
112 215 157
134 91 50
151 128 120
7 227 13
204 113 44
139 16 233
38 183 236
41 124 94
8 171 23
92 208 208
100 128 15
240 144 55
101 9 143
28 165 221
119 217 233
22 75 79
162 136 176
188 226 195
186 249 224
157 52 75
250 140 143
105 99 214
219 202 179
109 191 48
248 19 238
56 195 122
178 67 203
84 123 128
97 191 211
135 10 6
217 148 215
140 108 61
233 194 57
36 56 223
177 17 252
122 253 236
76 51 88
244 133 102
32 108 65
114 100 32
218 35 82
50 158 119
20 101 137
99 137 141
128 78 190
129 41 24
187 201 47
34 90 200
78 125 230
41 216 32
150 22 86
123 76 232
243 239 6
93 140 27
199 138 180
214 17 35
108 221 196
248 43 201
41 92 51
220 56 188
75 121 89
157 88 45
141 5 47
70 244 73
94 163 78
3 9 74
142 25 57
217 195 254
249 170 248
110 217 138
151 135 102
72 38 229
45 11 243
126 23 42
193 204 245
85 25 68
43 25 27
84 102 154
33 89 89
70 40 12
215 146 120
15 207 182
67 41 51
62 39 189
128 153 17
47 180 175
73 118 24
52 98 191
73 168 33
135 195 165
254 106 68
38 181 58
128 29 113
5 12 140
38 10 81
18 248 162
88 22 63
177 49 112
247 79 30
105 239 107
33 120 111
34 238 43
41 131 19
216 67 95
45 53 194
116 214 81
46 184 179
18 144 168
234 174 185
130 171 146
85 119 177
25 1 8
224 2 152
170 174 80
216 190 144
16 198 57
16 16 126
137 47 185
203 91 41
163 83 209
78 8 137
112 253 206
161 234 1
122 161 89
22 129 203
150 255 254
194 236 171
16 205 244
116 0 123
191 59 5
136 76 203
235 35 235
168 229 104
202 219 215
185 57 14
148 217 187
64 65 195
254 210 30
23 70 239
172 77 146
78 159 160
171 67 57
102 157 87
89 128 52
195 35 206
96 2 9
136 12 10
183 17 114
18 171 95
206 65 96
51 204 148
146 221 102
119 154 94
176 174 57
95 120 250
76 91 144
129 11 238
76 146 32
228 0 175
214 151 226
221 3 208
248 118 229
176 241 211
155 118 166
50 10 196
57 37 215
28 48 119
248 18 73
125 78 68
194 220 76
22 236 73
211 222 38
162 162 255
234 210 47
227 223 82
159 14 229
175 38 146
108 107 78
215 8 223
174 133 68
197 58 20
68 64 130
66 122 9
182 14 44
63 123 51
30 190 209
141 190 102
47 83 246
46 247 128
120 201 9
50 123 28
29 170 85
240 60 67
254 42 154
149 249 226
255 240 102
142 174 240
214 21 130
60 163 140
166 42 139
253 129 101
223 158 72
169 134 94
114 49 34
248 198 154
25 83 91
56 35 38
9 9 234
44 245 235
8 80 62
97 81 221
3 63 242
96 209 204
38 202 192
79 230 243
180 175 92
8 41 31
3 93 21
196 127 45
113 53 91
252 69 184
192 20 155
1 158 194
70 212 46
18 229 63
181 166 17
63 84 234
84 8 14
2 207 184
189 131 160
252 192 14
28 206 251
11 132 252
59 142 133
183 66 9
51 89 192
20 40 53
26 175 157
90 119 89
245 239 243
160 101 84
23 209 24
192 159 65
230 178 96
0 0 0
