127 209 186
114 205 209
48 77 75
146 254 35
143 181 80
49 150 229
89 29 235
11 40 44
179 179 32
36 27 197
97 174 35
155 143 35
98 185 90
84 217 80
186 210 250
50 135 82
101 92 51
237 50 214
54 114 18
36 120 237
47 69 166
155 107 212
26 255 138
180 3 117
11 81 245
104 57 70
67 171 50
132 119 39
21 58 223
175 139 235
141 14 32
125 237 64
20 216 224
95 241 169
70 69 135
37 14 146
45 59 81
140 250 60
11 212 158
213 195 0
60 250 244
50 62 18
190 197 198
36 12 220
115 43 194
55 33 102
238 155 186
129 204 194
148 110 112
161 135 189
233 1 85
197 90 97
210 33 22
9 92 196
18 225 142
31 97 14
146 182 31
178 72 185
224 44 252
194 234 241
123 22 113
111 106 166
91 73 36
57 110 142
107 94 35
103 195 132
162 20 57
161 64 154
168 130 80
106 122 110
57 10 92
225 88 247
106 157 254
180 233 240
4 187 54
198 235 249
95 0 203
70 121 254
226 105 238
153 139 89
134 3 205
162 166 81
109 91 144
240 5 66
174 208 114
199 176 89
10 225 92
136 142 115
105 79 230
29 164 27
161 173 140
32 82 59
201 255 11
192 201 228
186 226 174
40 148 135
87 223 27
221 59 105
238 60 109
15 92 219
165 127 209
63 175 152
182 87 217
240 145 182
220 176 218
12 102 140
34 126 61
226 79 169
246 111 176
179 122 41
232 110 36
187 112 45
157 30 77
224 174 24
20 159 139
63 230 125
205 244 223
0 77 181
27 51 212
242 137 206
75 33 249
237 53 77
98 68 83
171 46 120
209 92 28
181 152 24
98 71 17
150 134 19
209 82 194
238 21 46
50 31 228
193 25 41
126 171 62
175 170 207
64 214 85
94 140 205
4 2 25
90 40 230
65 117 251
207 218 17
30 118 170
206 175 112
178 189 49
152 96 106
31 10 177
157 24 7
95 46 197
142 51 161
191 178 36
9 55 86
29 82 50
193 57 63
56 248 141
244 12 102
61 226 44
45 164 12
254 46 211
165 202 134
108 80 107
217 215 7
67 139 83
187 107 185
64 186 255
205 167 204
213 1 46
117 210 222
201 224 209
119 73 252
252 98 123
31 103 37
28 39 245
28 40 79
163 199 19
26 106 60
217 44 105
70 115 53
237 95 125
131 75 191
163 91 165
46 138 47
109 68 234
168 119 125
219 89 139
62 205 20
191 14 186
181 186 18
156 110 185
251 243 163
127 227 224
219 183 11
126 4 250
15 95 205
250 57 185
222 243 114
204 47 152
214 228 56
66 154 189
181 36 108
114 30 3
93 168 20
38 197 231
78 139 6
116 218 110
20 164 144
163 150 240
209 225 193
57 8 72
104 135 25
109 226 230
195 250 78
181 11 166
66 62 239
87 40 41
158 93 16
13 59 127
138 72 210
142 205 12
133 78 105
150 203 248
61 205 141
116 127 234
61 183 216
242 82 230
96 174 39
11 177 40
108 233 5
214 216 248
213 69 108
93 131 135
7 111 9
170 235 255
221 130 112
170 236 6
216 108 180
103 189 167
226 214 237
37 190 112
98 88 236
209 246 206
233 223 138
13 211 139
40 142 195
219 218 83
190 61 10
106 7 231
68 146 188
167 33 40
240 233 16
157 96 194
133 205 249
171 190 13
243 63 244
54 187 13
26 82 177
181 87 216
42 227 63
149 1 77
205 69 124
78 12 181
146 29 162
86 207 218
10 212 45
141 168 78
214 61 12
204 220 246
109 165 36
26 254 0
112 95 239
66 200 36
83 196 114
176 130 125
61 171 91
197 235 33
251 189 3
111 139 89
1 211 70
161 134 53
253 214 195
204 116 25
198 16 65
170 218 243
86 234 41
247 242 201
131 198 238
204 73 105
246 142 81
89 124 88
90 60 52
148 148 30
218 136 229
203 109 233
13 4 238
247 99 162
26 174 53
169 36 97
153 37 166
139 221 150
86 132 61
127 19 229
214 60 254
158 77 218
143 39 211
230 82 36
214 105 241
158 36 28
202 60 253
51 123 113
39 222 9
174 48 72
76 43 102
44 184 191
255 46 150
5 210 242
38 65 140
18 43 87
226 55 156
56 121 189
222 112 35
192 168 220
228 48 109
193 54 31
99 93 111
225 126 125
224 172 126
142 239 244
152 250 214
125 36 19
23 135 131
240 57 94
89 215 176
5 31 147
34 215 64
0 47 168
174 11 88
2 39 139
179 228 168
124 192 0
21 55 229
157 67 3
153 18 196
134 52 208
243 4 131
81 16 127
34 125 174
227 199 44
89 185 177
97 171 104
207 129 191
129 159 3
219 123 2
171 230 183
218 200 29
116 73 243
84 213 219
28 209 177
190 152 199
42 176 101
157 87 77
1 255 178
60 176 179
211 24 138
98 66 125
111 141 211
87 49 163
105 246 170
12 200 82
47 210 14
169 222 101
61 89 93
160 207 135
91 22 105
139 82 118
195 243 67
7 42 108
195 86 173
74 176 121
176 196 196
24 101 220
195 230 143
7 118 245
47 37 223
224 33 44
0 32 152
220 247 170
209 47 132
56 69 113
20 248 237
110 72 92
8 70 58
133 191 250
54 129 132
160 87 38
163 164 15
205 183 187
104 153 163
245 165 140
242 225 208
34 149 51
76 177 222
104 97 226
8 129 184
70 226 54
51 254 0
4 147 137
108 127 5
156 19 252
138 209 181
130 86 105
218 200 46
25 92 9
8 165 27
109 72 95
191 134 52
18 245 18
109 19 135
240 83 86
138 176 107
15 84 164
155 40 145
243 216 203
216 244 199
140 66 221
145 237 156
129 178 21
111 37 82
127 107 12
15 96 224
20 61 167
38 183 244
206 1 170
235 68 28
224 225 84
223 208 253
241 86 37
0 48 122
31 231 76
197 94 80
164 158 113
230 241 246
152 100 64
236 213 95
234 116 227
19 142 142
175 204 107
250 145 140
100 156 50
244 3 84
121 31 44
0 10 140
250 70 219
7 208 73
249 236 217
186 93 7
113 48 41
129 5 74
165 143 229
18 90 10
247 244 1
175 193 54
244 205 187
94 203 11
67 232 40
77 80 21
203 19 127
26 67 154
91 152 58
83 200 182
246 210 42
116 82 221
8 75 34
99 163 72
113 155 24
237 230 242
41 247 153
179 226 141
102 191 65
164 10 104
52 32 75
113 215 219
2 234 62
23 236 104
126 200 217
114 58 108
38 31 58
106 78 68
130 212 245
50 251 126
115 203 115
100 1 211
176 242 213
23 71 125
61 223 241
171 234 245
230 61 142
130 242 191
6 31 140
242 185 226
128 107 181
198 84 255
255 59 7
23 73 34
193 61 48
28 116 197
197 114 51
128 170 117
137 198 28
38 134 63
96 242 237
168 22 132
76 124 44
108 123 125
170 43 66
213 184 202
48 92 208
50 178 181
139 18 39
3 212 52
66 221 233
78 119 27
93 182 171
186 84 173
211 208 186
55 249 54
69 121 246
234 121 159
146 115 184
31 105 94
55 87 248
242 200 16
121 108 161
192 100 106
7 164 57
124 80 27
197 211 201
247 199 167
22 153 10
37 26 7
153 114 141
212 123 198
251 113 35
84 140 119
71 213 25
120 5 0
145 18 92
196 20 110
163 76 41
73 173 23
137 49 161
228 159 149
201 198 107
133 9 239
173 27 168
202 193 66
164 146 72
115 240 169
85 158 104
22 228 37
93 90 94
201 90 234
244 186 38
120 190 16
142 135 243
240 222 119
64 17 69
172 95 245
50 16 138
132 14 46
188 244 230
176 22 38
67 171 53
75 157 83
166 23 120
18 103 195
253 58 79
58 184 106
189 217 239
179 195 108
85 40 26
135 1 201
30 120 31
109 121 86
243 99 69
42 53 189
47 161 35
49 150 78
56 201 73
91 98 89
214 231 76
224 67 58
36 30 149
7 115 121
40 47 111
243 41 42
130 77 133
51 2 213
212 156 149
8 215 38
63 58 223
119 10 229
212 29 12
80 253 228
117 145 73
178 195 17
87 75 20
197 19 168
157 110 219
150 51 124
104 97 12
248 138 22
246 146 148
180 206 243
248 205 3
4 202 244
100 200 55
166 41 174
195 66 65
89 165 23
75 224 60
75 22 163
87 223 130
218 236 56
47 240 233
129 165 47
193 223 217
154 102 26
135 251 1
31 158 164
83 164 147
52 143 91
8 45 243
130 255 139
85 30 163
146 25 42
61 47 46
57 79 239
119 12 104
87 219 163
151 186 187
243 26 64
131 48 53
66 154 197
152 112 166
29 212 209
21 72 171
220 96 18
235 182 60
65 94 110
157 166 131
230 253 35
209 81 251
214 52 153
99 189 32
165 8 133
202 250 162
152 184 85
158 187 89
17 151 87
169 245 207
72 2 214
106 32 196
4 150 114
172 251 148
117 215 4
15 225 167
64 235 158
35 117 243
251 158 197
34 183 225
37 226 79
33 185 90
172 218 133
14 228 218
231 137 244
78 161 220
215 85 153
79 255 3
0 69 33
41 108 240
155 206 111
37 161 11
68 44 54
183 221 243
225 21 166
252 131 19
108 42 148
121 180 165
65 127 93
66 50 233
37 161 68
130 152 193
242 237 153
96 126 183
34 86 108
71 210 155
207 87 88
107 176 51
146 97 30
62 111 163
88 17 105
110 248 132
46 134 95
115 36 82
131 50 58
156 143 220
155 103 68
252 32 107
53 44 155
59 178 240
107 62 129
32 218 78
156 178 142
181 112 230
160 137 158
222 158 179
205 29 137
37 1 57
28 41 244
53 211 174
204 78 91
56 98 37
117 126 227
110 105 9
179 138 253
254 127 106
233 220 101
68 141 72
61 131 8
29 242 82
84 54 32
30 4 84
155 13 152
26 165 173
134 105 194
101 49 137
24 2 137
58 253 246
22 141 145
51 20 114
103 30 124
255 208 167
4 163 36
109 24 232
211 101 68
153 109 80
252 70 65
232 142 235
148 36 64
243 139 0
17 79 52
85 160 163
1 97 158
58 27 54
213 56 8
14 201 249
40 140 177
49 25 167
14 232 168
183 244 127
39 236 215
98 180 118
200 24 210
101 210 136
214 27 178
56 44 202
174 253 152
80 52 13
114 133 75
178 215 57
151 154 65
42 208 138
202 163 244
161 198 209
156 215 150
43 211 144
43 145 8
160 121 46
64 35 57
236 168 247
75 59 116
143 89 208
236 98 152
73 104 164
242 50 144
55 192 29
143 116 189
130 215 63
27 238 154
67 67 53
135 143 128
138 18 114
146 162 156
175 66 201
118 68 245
167 211 241
132 65 129
14 164 145
196 15 162
252 168 244
40 81 127
97 122 52
212 127 138
249 188 46
156 103 9
46 14 107
185 74 244
179 255 2
59 53 169
63 96 193
186 50 195
245 88 114
46 183 201
192 151 127
6 4 37
40 90 60
25 189 59
23 204 146
212 230 82
124 164 242
238 33 200
18 144 176
129 200 235
106 178 135
191 0 201
228 117 166
73 47 0
143 187 243
68 62 42
1 82 254
100 143 111
71 168 193
90 58 234
17 214 70
232 198 216
242 25 199
106 171 193
69 116 114
107 204 90
1 95 168
218 92 230
201 249 184
20 94 162
222 17 197
158 43 190
123 236 174
70 157 201
91 208 247
74 107 20
54 28 0
62 245 59
166 126 136
4 42 94
71 240 54
232 175 2
63 55 30
43 95 1
68 245 90
64 231 211
115 159 72
130 98 10
70 176 24
81 207 252
211 145 19
176 111 21
145 66 34
78 65 163
250 11 52
58 125 149
108 40 249
61 233 120
5 124 0
43 210 238
90 90 126
253 30 131
7 114 25
138 142 194
237 23 227
18 13 135
194 162 145
236 36 8
10 163 109
184 47 131
206 58 108
197 86 11
146 41 14
205 46 237
209 104 182
204 27 178
212 126 145
92 78 214
158 139 145
185 216 52
226 69 149
159 111 190
207 37 231
183 219 243
75 31 51
142 10 75
98 135 237
110 82 179
193 107 179
222 99 154
132 224 219
151 126 115
41 190 165
202 159 230
30 8 84
208 51 93
198 168 185
72 83 116
243 199 84
14 75 158
231 43 14
11 199 179
58 65 251
195 224 219
239 83 189
34 241 152
119 2 239
65 101 226
243 4 113
46 50 230
235 55 57
33 30 91
224 161 74
64 124 169
108 43 149
158 116 140
227 44 230
182 242 229
44 165 80
153 48 177
133 149 200
129 83 252
28 43 97
70 137 185
162 84 162
5 239 31
131 26 146
164 242 53
112 235 189
20 57 174
90 73 20
15 251 217
200 142 18
160 102 54
91 13 9
245 112 120
48 73 110
11 84 77
10 231 191
3 8 79
226 156 147
37 83 221
160 183 120
78 253 52
135 77 149
25 59 100
227 98 176
122 32 134
131 139 135
81 49 22
38 19 32
224 236 165
104 198 172
34 66 224
24 147 125
137 107 24
219 123 113
48 145 105
254 143 212
178 208 6
68 29 141
174 109 169
18 251 137
56 53 158
82 141 229
60 87 141
6 174 91
192 150 142
214 246 202
40 87 180
237 37 253
45 25 199
165 48 248
126 176 212
138 147 60
162 219 159
114 173 243
34 12 241
234 85 115
214 100 18
47 145 252
71 42 73
41 73 96
193 79 121
122 231 161
13 250 213
188 198 143
228 49 62
174 60 147
65 99 154
240 108 121
192 226 87
173 201 130
255 216 196
124 72 80
152 164 255
218 125 244
13 142 50
148 192 246
119 13 73
188 90 151
192 82 103
88 133 72
157 121 100
16 243 88
206 87 202
70 7 152
0 224 129
95 34 21
87 224 194
217 115 60
188 17 130
38 88 91
100 229 74
215 162 57
189 200 250
210 140 168
159 189 113
210 190 223
113 0 171
11 61 229
80 202 192
38 10 158
222 48 210
9 1 20
44 1 195
197 163 208
175 81 234
3 167 49
205 211 91
43 151 238
70 181 209
198 224 16
21 170 67
11 129 95
169 212 37
14 225 192
141 80 106
80 80 194
102 50 43
115 16 117
238 51 189
71 65 53
113 235 85
224 88 85
214 129 30
68 104 232
255 131 194
75 167 19
155 246 195
122 89 204
64 159 111
180 50 220
204 177 20
145 207 239
102 63 84
111 137 181
202 8 195
179 40 165
211 205 206
39 87 100
68 16 3
60 242 43
181 231 140
73 129 101
246 157 251
4 114 208
30 50 215
79 207 70
190 57 224
26 194 87
146 106 142
108 102 227
191 91 231
82 151 77
191 49 16
204 180 136
111 48 44
206 66 87
225 15 141
48 41 128
203 96 175
159 253 139
161 81 68
28 71 111
177 42 157
31 25 158
190 127 250
30 42 226
46 203 125
104 213 69
135 53 171
187 238 46
26 52 25
135 37 96
60 255 226
168 191 24
85 13 169
116 250 93
172 73 84
131 207 40
157 238 186
15 69 247
195 170 4
88 112 179
251 187 238
156 209 95
151 205 41
97 100 202
223 126 75
86 114 8
67 151 180
9 15 60
56 32 82
231 78 161
238 146 175
122 181 42
168 102 61
114 114 112
13 143 16
220 16 223
233 12 1
151 201 38
92 183 128
153 248 207
132 85 50
82 233 139
82 193 214
18 187 125
138 168 218
159 176 198
51 139 202
23 37 137
32 44 206
97 45 93
75 117 172
19 197 89
103 67 241
215 165 210
106 129 50
176 229 11
181 131 117
41 233 163
23 210 96
173 11 121
31 180 243
85 255 130
187 247 161
232 0 93
195 124 100
58 37 11
101 171 191
250 42 168
211 79 178
249 81 101
155 244 170
15 65 168
147 193 189
165 238 249
67 112 207
92 7 11
0 167 11
138 147 148
237 12 76
190 73 253
236 248 176
240 40 162
15 0 83
41 142 15
135 242 6
213 145 191
196 228 182
141 207 43
102 26 19
106 47 197
255 38 71
32 195 230
125 72 103
179 122 142
81 137 195
42 21 52
247 183 227
16 167 38
77 33 41
228 247 212
45 82 62
221 116 36
208 43 7
254 48 205
170 65 198
75 255 13
182 98 127
101 176 205
218 80 36
32 68 205
237 74 240
134 104 37
73 186 78
28 254 24
43 156 98
6 238 109
139 26 182
31 199 149
218 95 194
65 70 10
190 15 198
245 43 142
173 241 228
245 201 215
196 162 65
178 72 103
200 129 81
196 102 58
213 120 99
81 117 132
127 76 121
206 119 191
61 71 36
80 204 112
32 96 37
162 58 245
179 62 149
245 65 22
142 76 150
127 88 168
39 156 186
72 61 146
2 32 4
56 218 101
150 22 120
147 86 107
169 49 71
255 79 175
235 122 226
171 65 98
26 50 249
171 148 227
58 44 254
3 156 78
11 157 91
15 202 219
52 137 63
72 73 180
214 21 166
165 176 152
50 200 254
95 246 52
140 191 157
88 49 49
65 245 169
5 237 73
7 165 136
156 103 136
143 82 111
215 0 105
123 101 62
230 52 89
225 88 69
155 50 73
72 221 14
175 75 58
74 114 132
35 246 59
72 80 209
80 18 198
64 3 225
50 227 37
35 13 113
52 150 92
18 139 244
27 119 51
226 49 206
251 12 212
121 166 59
196 56 174
217 116 161
80 107 218
123 139 246
19 29 162
197 132 242
102 92 173
53 235 187
228 205 34
147 106 158
29 139 226
245 22 142
103 58 240
149 235 203
223 252 242
74 191 188
112 35 181
132 9 179
219 63 206
13 186 55
159 142 119
141 184 212
3 235 120
125 91 67
132 12 38
104 126 108
135 168 131
215 167 29
221 192 189
73 141 83
8 84 157
24 106 124
221 244 95
80 128 228
96 82 15
3 10 32
6 245 5
87 205 109
238 5 103
68 190 36
147 151 57
188 60 78
165 54 10
125 201 35
182 156 221
199 191 179
94 42 168
166 32 164
223 9 235
149 91 243
86 7 81
108 230 182
188 176 2
54 75 229
141 249 55
241 17 149
84 39 91
140 127 68
76 3 229
159 67 45
247 136 183
208 182 106
132 80 252
53 74 145
136 28 210
192 175 109
48 195 182
40 96 150
210 160 56
26 198 153
45 211 8
5 43 251
75 19 216
126 133 147
62 71 8
220 161 13
188 179 130
178 67 38
226 21 71
124 22 19
60 160 204
221 250 160
6 250 144
200 160 136
203 201 133
150 129 176
25 166 36
50 54 65
99 159 240
117 59 246
237 49 161
156 195 120
74 249 35
218 236 34
55 2 123
0 233 99
100 25 121
74 214 61
153 97 162
235 48 90
66 66 74
168 238 120
205 67 89
124 154 216
6 34 65
86 67 109
241 80 1
93 240 252
191 55 57
23 220 224
56 137 146
138 150 27
27 60 65
137 196 166
64 206 124
65 108 155
31 10 151
226 44 132
183 103 98
62 82 99
207 243 135
43 158 188
228 101 0
222 111 50
212 133 201
101 151 179
9 140 146
48 232 219
207 157 122
144 228 216
178 177 126
247 206 217
1 174 225
139 41 148
101 235 49
222 210 147
113 231 87
205 14 115
70 130 35
28 247 159
83 221 55
135 198 204
117 218 72
235 91 9
93 25 80
121 29 56
196 16 206
165 56 218
6 144 226
242 194 135
236 133 17
124 142 82
4 131 144
133 43 112
69 8 14
126 155 43
63 151 229
200 10 180
235 53 207
70 73 181
18 21 249
27 191 64
141 126 183
212 237 194
227 6 121
15 113 168
151 56 207
164 184 173
43 53 219
119 150 76
44 245 36
195 136 134
247 213 230
119 42 207
186 23 48
8 251 96
252 74 46
96 5 144
107 239 122
34 44 0
195 204 55
230 209 223
173 232 101
177 226 186
80 212 36
71 70 221
164 101 246
0 127 246
121 89 138
16 191 141
222 213 60
9 122 134
170 184 191
94 157 95
150 107 216
246 191 88
24 218 203
246 202 141
140 89 148
11 24 240
206 72 7
20 29 230
120 168 19
103 159 71
107 29 140
99 29 53
249 214 97
175 161 244
87 83 193
24 100 141
1 157 159
8 153 1
198 172 31
78 246 246
139 113 180
166 110 32
28 170 153
151 72 105
145 18 23
36 159 34
144 108 53
18 172 104
101 33 175
251 9 159
62 221 91
79 46 179
238 248 24
75 66 173
152 128 162
145 10 38
188 254 8
204 139 189
0 119 93
139 78 29
197 182 222
197 244 249
122 1 158
105 75 69
171 210 110
24 162 199
126 161 126
103 118 186
219 244 80
227 201 165
254 99 210
47 124 76
214 21 203
123 98 98
134 62 59
126 151 174
206 33 217
251 82 218
139 99 179
176 172 243
208 61 39
78 87 114
233 201 134
153 171 58
183 190 119
60 107 184
28 28 83
119 69 243
4 71 61
17 240 137
232 145 5
160 28 219
40 105 214
235 98 136
126 58 157
93 225 251
100 176 164
93 161 41
220 56 195
84 96 41
75 21 64
164 210 59
72 12 89
98 135 92
11 51 245
242 98 157
194 93 55
224 202 226
0 0 0
