160 104 242
176 143 222
214 151 166
38 239 150
182 208 12
32 237 13
150 68 155
37 220 147
251 47 36
220 229 248
97 255 135
148 166 14
240 48 221
114 230 29
227 80 153
218 149 116
1 248 126
38 80 51
2 194 168
70 65 58
139 29 50
186 158 150
156 104 13
22 26 145
92 146 112
28 178 118
206 32 251
47 253 46
139 244 1
80 245 167
160 23 119
133 150 16
46 216 122
130 164 201
29 223 32
177 131 92
208 144 53
18 149 120
8 239 157
164 185 20
167 80 209
46 66 205
57 152 194
207 14 2
165 56 0
128 99 231
87 254 199
174 110 246
79 172 252
25 127 21
96 67 213
19 130 251
70 101 42
185 224 111
163 173 81
120 29 212
81 56 217
41 107 38
247 166 46
104 104 142
95 189 92
134 121 34
218 231 243
72 11 179
223 114 147
99 94 64
33 220 185
143 235 84
241 108 241
34 221 4
84 6 123
251 76 39
152 142 216
151 66 116
65 74 167
199 171 86
183 128 14
55 116 189
67 38 235
89 225 102
75 84 84
5 101 51
208 17 189
140 74 229
135 77 191
141 55 112
30 5 242
5 148 230
11 120 4
226 220 30
172 46 117
149 126 109
56 134 123
255 27 201
70 216 67
33 227 59
86 245 25
38 58 191
226 28 154
162 221 75
98 101 60
237 233 220
94 158 208
253 208 29
33 3 1
159 152 164
94 19 39
202 87 115
219 68 129
163 34 24
247 90 25
77 93 25
70 61 141
165 249 68
156 189 13
137 181 106
116 220 90
208 219 54
177 149 51
23 200 131
0 139 24
37 105 61
196 217 70
56 125 111
85 147 103
154 147 55
193 108 226
80 145 150
8 26 41
7 31 190
96 19 26
242 34 230
234 170 201
21 248 73
251 248 59
142 157 74
240 57 5
208 100 21
254 54 18
234 184 144
248 238 183
77 162 28
191 241 0
235 30 28
134 185 107
218 77 95
32 117 105
115 28 211
121 254 226
222 4 96
143 134 246
206 235 121
54 222 131
103 147 123
118 115 123
249 10 40
51 2 194
103 107 146
248 139 142
54 141 57
170 236 45
219 29 209
97 108 247
45 254 23
159 140 179
107 60 191
91 122 155
189 157 214
230 154 84
57 62 231
26 30 146
28 125 164
121 201 185
248 121 173
54 226 2
60 101 43
235 141 237
137 199 200
210 54 137
26 122 69
161 10 28
153 58 110
77 27 40
3 85 127
254 183 218
140 57 98
129 215 225
93 38 50
70 47 205
164 201 127
128 148 144
44 32 197
153 20 69
183 200 147
17 101 198
137 195 133
250 13 207
114 253 42
77 140 252
109 85 16
194 162 132
101 160 250
76 55 118
167 216 207
60 30 233
85 173 146
50 228 84
128 72 15
91 139 8
222 159 170
225 152 189
79 224 156
63 159 189
246 244 17
35 12 90
213 202 240
33 210 173
234 18 47
42 145 67
87 245 191
166 45 20
236 148 151
172 136 82
203 195 72
24 55 26
115 56 2
7 181 172
19 245 153
133 239 58
13 189 140
173 110 241
27 135 160
8 143 45
207 84 81
243 37 224
94 242 164
232 43 60
10 183 220
176 37 144
37 131 170
202 36 66
53 217 147
75 0 241
91 208 20
0 49 253
220 187 72
106 41 134
8 12 184
203 249 114
123 121 174
46 164 142
5 2 9
193 117 5
147 115 116
163 60 169
73 40 213
64 114 121
26 11 231
123 133 68
0 52 215
59 65 101
200 24 185
84 94 141
118 48 115
102 5 106
89 177 113
55 172 3
30 88 222
155 17 26
100 155 249
48 74 100
82 129 119
239 170 134
153 49 183
100 117 31
220 198 10
218 188 5
41 139 19
88 210 18
103 55 225
52 100 179
133 174 206
133 229 119
173 63 16
198 14 16
43 101 75
109 145 136
227 6 203
191 97 18
252 192 20
27 90 137
205 155 42
207 208 14
16 145 24
168 250 222
118 195 128
200 137 19
157 76 197
201 232 109
242 73 97
102 56 42
207 6 103
180 89 0
167 188 152
157 96 254
183 200 216
26 79 42
27 10 48
70 131 148
109 133 171
30 243 179
164 128 87
0 223 239
181 167 188
101 248 93
110 75 188
195 159 15
92 235 182
18 72 133
224 4 57
29 159 103
32 61 47
252 229 44
216 178 230
160 98 166
58 130 212
221 194 157
220 168 100
206 201 166
172 229 170
38 163 40
124 57 103
43 48 254
91 6 12
169 79 18
25 136 106
143 220 209
229 151 254
18 47 48
129 193 212
93 5 35
179 164 216
105 232 20
138 232 132
36 230 73
110 101 187
137 19 221
188 3 161
8 129 98
190 202 69
27 90 71
206 52 57
29 40 81
141 90 94
248 163 155
209 31 59
20 172 60
233 37 31
237 31 35
80 22 43
4 152 59
159 218 73
165 1 138
162 106 141
115 204 143
212 27 2
78 216 208
161 237 79
180 3 116
242 74 130
76 187 125
93 194 39
227 128 189
18 157 194
247 173 187
20 85 167
10 128 80
83 104 66
129 186 233
127 96 207
217 54 243
208 233 26
2 55 18
215 180 127
58 179 171
36 33 2
237 26 5
17 239 43
161 20 111
33 104 174
61 110 167
109 57 136
17 229 27
234 35 211
30 17 97
127 255 54
237 250 222
59 179 200
126 86 144
56 7 194
14 194 65
124 211 152
47 74 20
185 210 93
0 215 146
198 80 114
255 19 44
149 103 140
169 78 191
53 153 237
83 132 136
248 120 36
65 204 200
226 222 131
254 252 211
201 65 139
2 21 217
18 148 223
167 37 19
2 28 157
74 79 4
56 167 160
19 213 100
245 111 235
178 122 170
0 3 78
11 57 35
184 23 202
68 136 151
56 167 11
154 63 53
60 75 123
106 215 54
120 193 153
3 70 68
201 33 138
208 50 200
84 252 126
174 88 50
153 208 183
118 45 225
91 15 60
76 10 163
181 234 0
236 221 207
159 162 51
190 105 127
159 104 172
148 19 252
70 228 149
107 153 194
46 240 96
170 187 99
84 218 151
193 2 158
4 228 144
120 61 71
77 238 140
120 177 190
112 150 112
64 74 198
28 213 158
95 96 194
94 247 19
6 22 160
172 39 21
179 23 99
136 129 234
230 10 230
20 18 245
93 247 6
132 18 126
1 113 139
185 113 96
151 124 166
109 219 123
242 240 187
155 109 128
185 70 234
90 77 246
146 60 133
196 119 94
205 233 163
127 27 107
133 166 124
18 95 238
73 17 14
73 74 32
27 95 218
176 64 170
58 143 103
217 198 22
172 247 73
24 72 34
226 243 99
166 151 83
218 158 108
0 44 232
76 184 156
158 149 74
174 97 171
53 38 136
138 118 238
95 109 94
247 161 151
4 66 61
207 193 126
206 193 50
39 5 168
112 93 165
101 80 109
137 167 7
88 230 214
10 100 28
91 128 55
57 228 192
203 111 221
150 44 214
255 56 231
212 130 117
206 20 201
158 169 34
48 153 163
18 56 222
195 4 178
91 199 105
39 207 221
252 229 120
154 145 142
103 88 133
194 181 237
34 205 54
175 163 51
76 109 128
170 199 180
102 181 1
66 76 45
104 48 130
28 122 255
75 94 73
107 210 126
233 4 64
152 191 19
21 51 96
151 238 168
1 6 153
102 91 253
84 18 139
13 166 193
112 48 3
124 12 174
237 42 99
141 245 73
57 254 219
234 48 51
39 160 249
24 175 25
70 251 202
158 121 110
77 190 216
246 250 120
223 223 183
169 15 33
180 168 117
47 28 2
68 216 228
118 22 28
53 248 75
255 180 216
189 232 28
59 17 128
207 1 100
51 195 0
17 159 248
137 2 84
50 255 214
182 221 144
112 225 118
38 35 225
219 140 207
24 159 246
32 129 134
16 32 106
139 153 132
228 94 94
62 187 8
102 53 240
152 185 98
52 64 17
1 185 119
245 160 252
64 236 5
107 70 99
240 129 27
56 44 215
93 209 20
29 186 73
15 29 249
57 70 230
169 89 170
174 161 214
70 220 81
191 246 13
249 219 61
233 144 187
146 190 223
153 123 96
19 209 212
216 171 32
74 197 117
26 179 90
121 203 138
65 210 108
0 46 97
120 166 217
235 231 217
236 168 93
117 171 129
1 116 210
211 1 195
61 66 250
14 33 18
55 189 29
246 52 183
103 244 34
226 88 207
32 185 240
36 42 137
187 138 89
49 243 2
207 53 136
21 56 185
14 140 159
101 77 71
122 238 204
208 176 145
96 108 200
247 180 214
105 141 34
14 140 85
88 243 6
27 222 45
158 131 105
247 211 44
80 105 209
182 227 124
202 9 94
27 91 148
40 96 41
15 251 42
120 219 128
142 30 59
148 212 50
146 92 234
160 183 3
52 96 13
93 180 137
121 68 95
106 225 250
122 243 63
37 242 159
112 220 218
158 192 167
138 210 80
97 152 100
213 22 121
180 196 216
143 224 163
39 13 185
156 241 166
32 247 32
112 67 216
126 58 63
251 216 205
118 192 81
176 35 239
165 194 217
7 32 34
64 27 81
185 213 114
239 130 237
101 73 169
189 187 73
217 99 154
91 207 151
163 95 51
175 131 190
44 75 250
146 62 101
34 11 151
71 3 180
104 244 135
179 42 198
187 69 104
231 30 168
74 235 130
216 168 113
36 21 5
119 201 128
94 214 49
90 20 54
51 250 119
178 60 23
163 13 161
203 225 252
88 135 226
185 84 143
196 171 128
182 152 5
249 195 55
48 41 98
176 95 72
27 177 138
158 31 55
32 192 23
189 61 199
220 218 90
76 49 50
241 98 58
58 157 6
198 224 33
91 204 165
233 200 13
213 63 83
28 24 39
155 20 212
147 199 160
71 48 109
152 192 181
241 162 183
184 40 33
21 141 156
95 170 64
10 19 219
153 92 44
89 88 91
125 36 157
115 188 15
183 108 78
119 194 243
21 7 164
163 40 16
133 93 195
244 230 176
25 197 185
73 199 254
147 212 8
58 62 100
157 207 25
194 23 184
125 98 3
187 193 94
213 192 50
13 190 43
186 110 147
69 164 16
120 2 91
138 17 76
159 167 188
76 169 191
169 75 121
131 137 59
212 196 132
57 29 232
185 80 81
213 95 138
250 252 66
177 246 80
9 50 174
97 121 218
57 47 56
239 169 30
235 249 232
24 117 26
117 176 18
231 233 115
31 233 156
190 196 28
140 137 69
146 210 184
113 208 147
228 77 235
195 201 65
88 91 200
231 70 181
22 22 125
173 35 201
171 124 152
190 51 36
240 88 18
93 147 213
250 21 26
17 222 174
74 57 209
200 65 162
252 34 161
136 224 165
221 133 61
193 251 241
154 188 217
150 41 224
134 9 110
84 43 54
104 131 228
254 57 125
195 198 154
62 81 94
238 201 201
39 80 81
222 107 146
128 63 176
132 166 9
153 160 21
20 126 207
85 92 23
199 110 188
210 131 115
36 216 64
37 179 186
0 134 52
4 141 77
8 234 139
181 191 202
41 216 191
9 95 126
96 75 220
0 14 212
136 86 54
40 15 49
170 98 81
69 246 247
214 56 234
200 55 146
35 7 252
191 255 49
131 230 38
211 94 125
171 208 196
14 223 130
179 227 230
137 157 166
157 159 116
223 15 85
79 183 211
29 240 131
205 206 169
151 141 74
215 147 122
94 131 253
150 49 209
92 254 141
220 196 200
101 213 123
155 36 124
121 213 58
176 252 254
251 195 217
44 86 115
76 57 234
155 123 19
158 125 186
46 218 207
136 99 215
43 157 76
56 39 92
13 14 168
138 0 244
248 23 143
157 19 129
107 154 22
213 2 24
61 209 52
132 179 40
182 121 155
195 158 89
215 218 139
53 225 250
177 97 230
42 102 229
79 215 55
141 32 148
118 231 242
115 27 33
216 255 78
124 105 37
149 39 183
19 17 28
230 140 63
94 243 71
138 135 109
92 48 22
143 166 124
49 218 169
139 47 51
200 215 220
91 137 32
179 135 255
133 196 236
22 177 91
63 166 198
211 29 229
54 25 123
191 19 125
12 89 106
208 79 91
43 26 139
158 134 27
170 169 187
19 111 229
26 158 16
113 244 127
72 176 52
49 113 226
185 189 115
227 32 78
208 141 47
119 118 229
19 206 154
0 233 240
101 18 72
250 153 248
153 11 43
239 223 35
89 63 243
161 227 46
221 213 201
11 107 124
24 234 218
85 103 38
106 56 28
42 182 223
199 127 101
215 67 185
223 19 192
31 249 232
194 174 72
99 137 72
25 18 3
177 169 158
238 5 50
182 127 111
240 153 193
130 251 40
97 227 142
95 80 187
156 182 140
142 111 178
189 25 208
216 172 207
247 18 102
129 223 0
203 15 162
145 59 177
37 85 240
21 203 71
76 240 197
231 169 163
217 172 173
8 175 173
119 112 138
37 224 149
101 244 68
54 41 142
211 148 164
60 29 177
55 209 78
83 240 222
196 219 8
61 254 66
130 81 78
95 239 49
74 26 9
212 213 100
248 77 132
254 26 216
131 144 117
35 141 163
242 110 226
12 99 13
115 103 20
119 191 111
213 51 61
67 36 174
232 208 55
75 192 186
254 26 134
247 149 87
214 216 116
209 99 200
149 9 237
60 4 160
110 222 195
144 157 163
76 68 10
103 197 227
240 203 109
77 93 241
23 45 74
195 58 93
170 138 82
101 117 107
42 225 31
255 247 6
119 146 79
176 242 105
238 90 44
228 203 46
162 91 161
64 231 68
22 150 117
210 171 182
6 123 217
189 167 222
162 157 163
33 165 193
211 240 46
162 241 237
24 74 235
128 138 208
36 54 136
82 50 187
245 227 45
2 28 107
215 6 72
135 152 6
188 224 147
52 231 169
134 246 29
62 149 35
33 46 183
162 29 142
112 2 49
47 58 238
34 153 123
86 61 143
177 54 2
124 16 3
199 202 225
174 132 131
251 56 248
165 53 156
55 30 205
90 166 51
124 3 52
254 150 8
153 58 91
89 153 78
153 112 21
187 66 243
221 84 123
53 91 88
41 247 145
87 242 115
54 165 124
239 52 146
38 90 27
213 187 159
69 57 196
237 185 232
144 59 22
134 120 114
134 4 29
187 26 196
109 71 216
110 118 56
41 218 211
156 218 167
249 122 189
225 200 219
80 206 153
243 239 58
10 141 107
117 219 59
122 115 214
158 114 138
89 224 39
155 167 168
92 16 12
22 77 1
200 53 7
240 207 12
243 150 88
135 47 184
24 79 16
198 207 17
29 108 45
120 112 178
187 224 71
13 151 81
224 245 152
7 151 125
236 215 107
87 235 18
144 212 211
18 183 117
154 146 227
120 31 58
217 66 49
133 14 201
29 72 36
102 228 82
2 243 129
223 170 81
240 155 110
65 251 100
216 44 161
68 49 96
108 194 94
204 217 195
59 19 249
55 61 211
25 235 154
22 193 127
201 133 55
249 46 10
75 187 175
37 120 128
208 90 123
215 61 105
96 110 110
68 103 65
235 229 45
244 138 19
234 86 189
29 205 255
52 187 152
160 166 161
253 66 114
227 178 248
142 175 194
149 141 108
61 143 25
51 176 185
166 207 74
125 31 39
222 140 49
108 31 98
60 184 249
75 132 40
140 56 191
107 58 255
52 163 183
126 139 244
34 226 186
124 243 170
24 186 96
176 172 181
163 47 157
55 33 43
248 181 194
73 28 234
222 67 251
116 214 43
145 115 242
88 154 67
190 253 45
98 124 52
126 33 121
214 194 69
36 126 171
72 201 11
135 118 147
45 233 153
154 211 209
198 239 77
209 26 133
158 138 254
204 124 176
114 186 18
141 13 155
166 93 232
106 26 147
102 205 200
18 145 112
99 83 136
224 110 152
196 187 99
243 70 81
23 200 118
252 111 68
164 143 252
244 205 193
176 16 15
11 165 58
174 214 59
160 70 213
96 249 4
124 211 194
32 173 98
172 203 205
59 10 180
230 61 65
87 170 220
112 156 60
107 22 64
71 175 181
224 242 18
52 191 143
111 28 12
151 168 222
20 6 33
179 221 224
132 237 94
60 74 43
183 63 166
204 232 172
255 117 57
249 220 60
152 217 240
12 59 2
200 109 249
228 138 76
177 193 109
109 93 78
249 55 143
221 199 143
223 207 105
81 105 248
40 108 150
204 85 102
144 106 118
176 225 124
248 67 63
234 32 119
252 83 199
220 233 192
246 86 229
8 22 40
39 85 9
249 212 105
187 236 68
1 4 234
222 29 28
4 161 176
181 11 54
8 172 147
202 36 43
28 233 219
61 4 217
101 156 212
66 196 164
85 190 34
29 135 124
151 29 225
150 120 225
205 179 228
55 221 37
18 232 93
101 6 116
10 241 76
221 36 199
239 204 104
227 231 17
104 6 22
105 123 122
174 241 196
213 104 176
61 176 79
153 21 184
248 245 63
156 232 182
222 230 102
189 69 242
141 157 94
71 128 244
249 227 168
16 214 156
80 36 250
163 205 166
219 170 242
51 11 94
75 33 134
17 8 235
78 85 156
227 85 66
190 120 208
117 67 255
120 254 104
148 200 243
5 159 147
22 48 211
73 181 35
182 79 99
162 229 12
14 200 53
139 32 27
13 77 79
184 176 130
177 175 151
210 196 47
64 40 117
11 173 102
210 203 141
155 72 190
52 162 2
32 98 127
156 254 61
142 156 60
182 198 12
112 141 72
218 8 203
63 233 191
2 200 31
90 56 54
130 21 28
15 29 71
40 236 59
19 100 37
102 78 166
249 190 90
124 170 10
250 213 117
80 74 48
158 182 165
78 246 132
78 136 13
152 214 95
120 88 40
116 2 242
102 17 61
215 34 188
236 111 73
245 248 246
249 234 217
215 192 69
30 224 181
44 58 79
62 61 209
42 13 150
161 152 17
204 20 179
100 104 118
172 2 201
188 176 69
6 90 83
255 240 174
225 38 236
146 85 180
194 133 165
27 157 180
248 161 11
157 209 47
129 43 100
210 19 143
207 69 168
40 148 98
145 196 130
124 183 118
162 145 243
115 19 24
168 249 76
215 104 216
165 11 229
8 63 151
14 117 246
80 131 187
180 161 234
150 225 36
32 201 195
155 147 15
100 177 79
169 157 235
191 223 68
96 92 160
87 82 22
49 91 99
113 174 109
145 14 4
200 214 38
13 186 73
212 83 135
203 223 6
118 23 24
33 81 72
49 172 160
98 115 59
23 50 198
244 197 186
136 11 195
163 121 195
169 110 195
11 85 34
180 183 102
153 236 63
89 196 60
21 231 223
211 203 93
35 127 6
181 66 174
255 109 51
70 247 121
45 100 23
251 158 233
249 40 166
173 91 58
39 147 117
214 48 241
188 185 70
214 39 130
216 133 136
29 75 177
10 23 38
1 180 46
150 251 198
150 171 70
130 241 152
167 239 85
8 113 115
91 150 164
161 125 62
214 240 71
110 10 164
113 36 10
230 105 149
39 191 169
4 56 147
241 236 236
124 176 22
63 253 125
102 93 85
208 78 168
35 186 187
69 50 2
231 32 203
203 87 57
104 201 73
75 226 117
125 246 149
101 232 150
13 155 174
177 185 10
175 90 48
104 182 28
240 230 237
29 26 191
86 171 87
251 165 93
104 219 169
173 79 231
39 233 26
162 172 102
181 187 55
22 17 30
241 201 71
242 65 123
229 231 176
19 70 64
101 93 34
140 86 77
88 86 22
217 197 2
60 68 110
25 38 189
233 111 97
149 18 106
83 51 244
221 186 27
254 84 32
228 108 146
108 213 226
91 141 133
118 134 69
61 236 236
149 208 66
208 200 227
82 113 243
253 56 141
12 169 116
77 94 252
201 113 127
45 105 148
151 132 202
37 71 11
48 188 69
48 0 175
0 68 127
14 241 172
231 69 85
172 204 226
19 137 135
130 31 182
117 46 175
245 133 225
239 119 226
72 43 209
149 12 14
174 145 54
25 52 34
186 6 111
240 150 197
129 100 197
93 166 152
126 132 27
148 250 231
93 139 81
69 38 158
2 121 192
20 239 53
159 64 142
130 106 207
76 211 219
31 46 229
130 212 242
116 45 11
99 164 82
104 119 196
242 149 82
161 66 140
84 227 51
130 144 195
103 8 114
95 101 6
209 147 11
1 10 15
156 138 176
150 89 163
127 206 14
140 129 138
236 24 93
55 32 103
250 226 217
161 50 26
34 162 87
127 181 104
58 254 149
75 108 197
176 164 163
29 54 158
23 161 243
69 251 142
33 129 191
151 87 221
202 255 193
95 4 162
116 167 84
54 228 63
102 253 61
198 11 38
190 232 91
48 56 137
188 189 0
224 26 106
206 254 59
214 4 72
5 184 25
56 172 213
207 130 212
151 135 169
251 144 117
107 214 54
114 190 32
233 8 142
147 137 11
26 80 125
137 39 211
250 123 17
229 5 191
106 238 141
218 101 140
240 112 157
70 28 18
253 38 9
244 203 222
243 224 180
113 208 9
202 68 34
189 128 239
92 62 236
43 122 191
135 233 163
205 29 187
197 58 252
109 131 55
105 113 207
96 106 80
121 157 4
160 134 231
207 151 167
159 232 177
183 205 187
218 169 139
148 30 253
76 216 70
242 175 239
180 111 251
12 50 76
30 224 37
0 116 178
236 127 44
238 183 104
205 0 49
23 2 10
203 147 179
46 116 183
211 144 209
61 213 255
186 1 222
127 125 52
112 200 12
62 62 187
130 148 249
99 62 228
76 115 102
44 246 71
215 232 148
227 32 131
112 208 91
30 162 185
166 115 74
97 142 60
85 205 39
201 115 96
58 237 86
187 24 174
113 188 77
252 184 141
8 232 75
234 218 49
205 0 46
154 137 87
210 185 207
113 208 16
119 235 141
25 107 221
94 228 6
105 253 180
164 170 249
154 36 27
56 239 121
12 239 152
188 57 241
143 66 131
250 85 183
2 118 134
122 83 39
190 14 251
30 51 141
1 249 105
6 163 203
108 99 211
255 74 226
235 76 109
208 91 121
36 141 253
41 163 1
168 166 36
49 43 204
185 90 156
51 163 175
180 248 42
113 5 146
223 185 169
167 183 106
7 247 82
122 34 85
253 26 180
46 134 11
253 22 197
236 67 160
50 108 214
184 155 166
225 166 41
124 75 158
29 111 108
109 244 30
196 254 58
204 156 106
138 7 242
103 190 175
161 225 110
62 172 69
130 14 56
193 139 8
63 191 254
91 136 254
162 0 26
221 143 206
150 34 189
90 18 123
43 218 106
142 45 58
50 138 162
116 91 107
117 49 170
204 199 230
16 190 53
180 82 161
191 70 8
80 99 64
159 56 52
51 139 146
59 55 3
1 110 82
165 34 1
155 61 128
156 66 198
65 135 240
32 111 46
132 147 4
71 182 100
246 17 123
113 21 200
240 188 52
164 10 222
98 7 219
17 204 133
174 230 9
233 15 158
189 53 236
151 68 239
12 28 214
217 98 155
221 221 25
210 199 127
181 4 250
215 215 20
55 148 63
167 212 147
255 126 6
107 200 143
111 37 255
54 243 28
83 144 202
139 233 70
41 37 134
22 67 135
228 214 11
222 20 109
116 203 57
172 226 219
173 188 134
38 144 59
196 68 183
139 167 120
59 100 147
123 115 225
67 55 66
115 52 81
71 35 88
251 35 197
37 142 17
71 214 128
171 200 204
234 152 112
38 72 192
6 85 22
187 66 96
45 73 5
39 49 15
88 219 100
78 26 5
181 80 99
50 7 128
250 232 184
178 251 140
22 101 85
68 69 184
134 199 166
7 188 62
85 25 249
94 122 76
223 193 241
131 108 23
88 216 183
244 142 7
209 192 198
82 91 212
60 73 25
170 83 14
253 249 243
74 130 39
246 219 114
31 239 250
185 142 128
25 28 100
41 194 244
168 223 195
3 78 46
102 3 234
237 158 221
180 195 74
226 246 234
226 159 112
18 82 137
146 39 102
36 63 162
132 71 19
111 125 32
144 37 80
161 238 204
254 90 15
24 66 211
97 103 245
189 14 77
75 78 44
158 212 68
137 121 64
111 94 228
170 139 49
245 154 138
54 239 75
237 47 39
171 0 155
44 225 167
41 3 222
91 212 229
37 197 60
101 144 249
103 197 171
119 213 72
198 29 86
161 162 109
23 112 231
209 249 92
207 61 172
150 189 116
252 11 240
0 160 192
132 67 252
152 102 52
233 248 172
77 184 56
170 131 106
35 139 100
183 163 128
114 155 83
33 253 228
10 146 102
109 7 222
6 237 70
47 254 25
80 63 104
128 113 37
200 16 143
249 232 253
207 11 185
243 167 105
167 92 211
121 156 197
94 146 220
254 143 22
224 167 148
156 248 8
221 176 234
226 123 47
111 45 33
255 253 127
225 43 232
73 105 120
149 172 230
25 238 37
90 42 195
84 162 35
248 113 23
106 0 85
197 50 246
29 82 127
153 57 214
19 11 63
247 137 127
215 38 100
36 236 82
253 86 187
44 150 202
65 116 3
246 252 5
133 65 146
223 4 89
13 150 36
103 208 60
189 168 7
249 140 129
70 250 132
100 167 39
183 211 219
163 249 50
224 194 110
133 112 225
167 30 21
97 24 99
57 216 188
227 29 255
205 46 14
161 91 168
9 186 93
146 161 243
189 136 158
197 254 3
236 60 70
201 89 152
111 86 226
235 47 6
69 163 111
128 62 30
5 251 116
67 29 19
161 90 103
164 111 90
38 70 116
175 144 127
110 153 21
106 23 117
219 27 246
15 60 219
115 171 252
80 50 21
115 188 217
112 75 140
130 241 169
185 61 192
244 178 224
6 27 20
33 90 17
102 34 143
34 30 229
48 156 65
83 41 136
157 59 108
188 86 82
242 173 21
222 180 128
211 64 27
243 239 127
190 204 13
112 72 172
6 38 46
162 83 105
167 169 98
100 144 93
104 143 255
246 244 216
100 165 217
108 114 180
177 62 197
120 215 232
156 158 19
22 221 163
186 181 209
115 174 21
226 75 186
199 220 108
109 95 85
109 9 20
207 182 23
117 136 168
134 208 76
44 252 54
114 101 215
167 209 42
163 119 179
210 4 83
234 172 177
16 161 161
141 226 41
87 110 51
175 161 198
178 192 0
247 194 253
78 6 166
77 33 122
167 231 126
106 233 224
217 132 124
136 215 2
46 149 60
152 104 211
246 52 191
193 206 190
236 137 73
23 9 141
44 187 58
81 114 220
121 119 3
232 3 75
5 234 208
88 164 162
251 173 87
210 236 191
213 234 165
35 34 76
6 71 120
237 130 218
28 94 149
237 68 44
223 66 228
35 141 63
99 132 140
123 207 239
58 14 169
88 188 139
241 22 116
164 39 95
240 146 234
210 42 50
240 244 84
89 227 28
238 240 238
95 144 240
181 87 205
196 82 220
50 29 145
243 232 73
103 203 191
119 193 8
189 19 75
15 172 174
141 112 108
198 161 92
95 221 31
108 199 71
58 97 148
54 37 58
109 54 142
56 170 232
110 140 85
174 105 227
180 43 149
80 71 192
203 178 168
121 72 152
239 238 109
20 96 175
122 131 191
115 200 61
57 241 111
100 75 99
63 32 203
98 184 113
247 74 67
66 43 235
252 189 144
164 206 179
54 153 73
51 64 53
93 183 53
134 221 22
77 234 204
240 59 137
192 164 228
23 226 151
192 201 57
186 24 176
216 99 104
57 10 111
7 26 81
6 80 176
86 114 101
185 60 126
248 98 27
40 168 159
25 64 242
127 79 11
123 220 29
43 202 139
149 9 15
217 245 251
197 172 173
218 27 93
71 62 55
71 58 244
46 37 51
241 130 238
94 228 6
181 155 158
219 107 75
168 78 36
129 175 238
190 189 121
0 39 98
99 38 171
224 210 130
191 126 143
37 127 9
173 26 204
152 249 173
141 7 88
248 199 69
60 124 34
204 157 255
21 108 14
158 114 47
162 27 34
91 125 129
175 58 239
149 227 101
219 22 95
160 130 56
19 208 179
86 228 58
111 214 132
22 66 154
21 102 9
110 61 52
92 39 71
24 137 244
86 117 52
54 59 137
243 137 61
126 13 31
86 57 77
51 159 234
248 213 35
43 91 234
36 208 99
6 136 151
199 68 122
167 143 14
34 98 53
65 170 87
98 224 138
82 237 191
60 8 56
163 227 141
99 139 99
114 10 155
123 128 77
164 106 166
110 121 132
38 170 252
94 18 38
254 235 164
170 18 71
241 113 11
151 21 103
30 116 75
66 31 74
233 185 218
243 200 198
141 253 75
3 108 148
12 16 40
171 156 150
163 0 49
189 83 136
163 88 212
200 240 214
133 130 47
171 17 167
65 63 148
177 15 36
72 250 47
48 211 148
254 121 203
220 120 186
225 49 61
209 155 15
208 100 3
228 219 63
94 135 223
169 127 120
198 141 249
50 242 113
151 159 242
36 230 57
125 54 40
247 48 178
99 183 160
132 218 230
103 8 82
124 50 49
117 50 126
25 81 114
13 3 115
101 123 136
190 120 209
85 146 7
242 91 137
247 137 171
22 186 97
13 201 232
0 191 244
88 117 208
8 211 70
102 118 184
143 16 8
155 112 122
35 248 126
240 27 93
31 163 55
230 72 11
33 53 4
33 111 16
185 223 21
185 41 198
144 254 60
193 142 1
2 146 41
72 35 63
116 150 202
0 112 58
157 241 171
195 249 1
20 131 143
8 243 182
220 210 125
70 231 78
150 128 40
116 190 252
255 238 95
244 197 163
100 54 38
82 132 25
162 41 137
174 63 206
72 145 165
28 190 56
251 50 1
237 30 96
236 3 255
99 143 230
61 255 63
194 9 169
91 71 2
117 157 181
252 78 169
143 224 186
208 255 187
0 154 254
17 172 236
18 111 99
51 17 206
229 192 96
211 193 188
27 102 6
10 200 168
37 137 59
156 152 81
221 240 5
25 11 25
91 219 126
125 10 108
103 248 250
80 201 207
200 247 119
104 69 98
156 136 118
135 20 224
229 171 55
4 106 247
198 23 176
242 165 103
213 98 130
175 128 134
156 191 4
251 123 72
196 151 207
74 118 182
72 224 156
66 28 235
16 187 187
28 49 227
51 58 109
59 54 216
192 230 246
215 169 236
113 46 79
255 4 176
105 207 48
62 111 128
73 142 153
229 88 44
58 88 18
212 96 199
74 68 39
206 27 76
252 249 16
125 163 225
125 227 186
4 62 31
236 44 62
229 218 81
151 74 202
39 144 49
63 55 212
242 247 127
179 65 222
173 105 29
130 128 195
54 158 252
49 183 170
234 43 163
23 95 88
78 7 77
11 130 24
103 111 136
175 26 147
206 96 239
61 110 126
8 250 160
135 238 11
115 22 91
223 139 71
140 68 152
232 223 84
24 160 192
67 31 43
64 109 31
33 10 74
159 149 86
189 175 254
230 68 137
186 146 243
93 183 83
63 148 157
102 147 190
169 150 249
113 226 0
141 195 95
154 111 178
146 210 233
248 42 189
75 85 201
62 85 253
112 185 141
83 84 41
234 137 199
204 242 27
171 34 224
73 73 214
147 198 155
208 13 254
150 181 10
136 198 107
131 107 79
240 79 227
178 27 196
132 232 198
54 212 213
216 73 143
220 132 227
87 77 230
26 162 210
161 149 31
250 4 129
30 233 43
12 16 195
138 21 28
180 211 54
183 248 74
81 128 59
24 156 215
85 181 29
24 146 151
37 19 73
198 10 84
182 248 110
55 196 136
6 77 174
27 89 106
171 103 192
132 100 252
76 140 86
56 7 167
246 153 222
127 61 104
76 253 233
115 147 170
177 162 200
204 159 173
193 105 196
176 233 205
73 224 161
49 31 85
166 122 84
140 186 97
39 85 156
58 36 1
172 188 219
206 59 102
30 79 60
50 241 26
170 189 252
143 145 204
52 36 249
115 141 13
218 39 30
43 52 41
99 134 194
254 110 119
133 49 114
225 38 52
34 11 18
55 114 106
23 4 251
88 45 255
41 95 211
87 196 104
208 7 44
197 7 183
231 93 244
41 220 232
204 247 149
83 157 59
1 124 166
87 61 255
173 205 154
47 71 107
214 138 213
67 78 249
120 213 179
247 228 240
222 96 7
229 232 223
76 56 31
53 10 5
38 73 163
47 163 146
22 92 184
123 127 184
88 57 169
191 15 173
26 165 241
245 206 33
107 118 250
58 200 234
117 129 116
46 100 11
227 212 245
130 73 211
199 161 246
16 248 164
215 218 32
41 42 172
163 174 186
64 229 229
92 68 188
207 147 215
198 84 3
204 109 194
217 147 28
113 244 51
97 250 158
108 174 74
105 194 51
6 186 125
125 252 27
165 32 75
30 73 244
72 30 153
11 202 166
90 131 28
235 34 65
65 134 166
107 141 80
21 89 79
150 51 92
202 182 187
117 233 235
172 220 71
103 173 147
254 166 70
53 239 112
213 241 34
120 183 74
51 110 141
130 101 164
183 28 111
65 226 233
12 0 238
42 255 232
240 129 165
210 86 195
172 195 54
164 113 222
161 81 188
28 50 151
207 103 205
173 186 233
74 203 79
109 206 191
116 16 164
66 78 149
130 145 216
117 126 248
58 157 213
16 153 91
116 210 93
107 194 27
69 237 194
145 14 182
44 91 215
146 218 12
44 35 143
202 174 209
85 160 103
163 109 143
70 178 128
87 133 117
47 216 61
72 253 47
249 154 118
184 195 169
130 37 187
81 33 6
125 253 171
84 87 49
196 155 32
211 209 208
82 203 160
99 85 168
45 119 156
133 68 147
0 106 142
118 50 165
50 20 70
250 57 178
94 126 184
9 78 158
223 198 159
27 200 230
70 92 94
114 170 245
215 24 104
190 173 252
106 160 73
120 226 92
244 255 16
130 219 160
51 64 189
156 235 196
188 136 192
79 246 112
252 58 187
130 141 90
147 179 126
141 151 72
155 0 166
229 242 82
205 33 55
57 195 14
198 114 233
186 158 132
61 108 101
180 67 72
199 151 135
214 203 248
8 22 143
185 60 178
89 135 124
218 235 46
176 183 3
226 194 132
154 24 42
113 124 251
46 148 218
57 213 139
43 102 132
73 139 212
224 171 15
83 85 66
78 194 248
125 13 246
228 200 126
23 190 134
16 224 153
207 203 154
227 50 40
38 186 161
119 184 50
200 182 170
130 174 247
5 39 211
252 75 149
61 199 20
135 151 52
87 154 108
223 250 41
41 151 63
56 240 100
118 83 41
202 195 196
37 208 213
131 3 245
203 95 173
130 45 154
196 3 20
145 49 30
223 178 48
158 171 44
142 80 163
108 129 57
85 100 82
169 114 234
43 202 7
245 196 237
204 19 229
218 29 188
17 0 160
1 21 217
26 53 217
120 45 67
94 69 125
235 195 118
219 63 186
54 113 159
123 5 44
146 237 141
241 4 37
191 223 212
106 173 212
7 225 38
239 241 240
18 188 180
78 192 253
242 199 139
122 34 113
154 108 184
135 64 254
134 213 95
50 91 38
255 50 57
246 124 36
73 129 228
36 248 53
59 157 58
19 164 6
52 120 19
240 107 39
46 160 173
71 123 15
149 41 7
249 249 40
148 243 70
53 137 177
52 15 33
101 43 217
63 87 75
120 216 211
133 54 252
249 229 81
175 26 146
86 131 132
153 92 108
85 221 71
185 57 119
197 131 129
0 113 237
13 71 235
22 59 139
13 43 185
129 171 63
247 122 94
21 17 100
103 187 183
251 210 102
96 7 203
25 243 136
50 4 233
1 95 236
62 27 112
232 157 131
213 26 236
182 240 78
90 16 127
156 140 184
3 223 63
238 44 223
211 126 24
120 190 144
128 207 114
128 60 39
235 168 117
225 130 23
218 26 26
191 70 138
128 90 212
255 245 208
214 34 9
150 90 184
151 118 206
225 75 83
149 208 128
230 189 126
122 23 170
223 250 134
125 128 24
129 132 19
144 137 198
10 76 24
166 187 231
227 159 5
194 189 47
22 55 75
185 225 67
55 63 103
42 175 119
20 2 177
129 159 29
225 50 82
184 230 125
37 91 16
228 67 106
199 173 135
14 134 102
165 195 117
45 236 245
254 115 37
60 79 219
221 222 137
105 245 87
250 203 48
91 151 246
108 73 162
69 42 100
155 152 39
32 95 150
238 14 61
213 118 60
31 224 110
147 177 91
213 208 157
213 218 78
91 118 89
16 93 131
2 53 44
20 87 168
198 187 11
195 81 23
183 65 171
212 91 122
187 152 216
71 204 43
84 52 245
93 158 125
251 254 137
95 39 227
225 99 60
200 11 60
115 217 82
158 47 251
22 188 137
225 237 199
105 213 156
197 135 60
23 255 71
176 46 75
234 175 165
193 33 149
227 202 54
140 9 89
132 183 253
29 154 211
8 210 158
152 202 195
123 222 40
214 168 126
247 155 182
145 85 53
246 149 106
182 152 171
60 46 48
216 15 92
185 29 70
203 185 119
144 22 96
80 129 200
91 139 75
160 195 69
214 76 191
149 195 150
128 208 0
71 97 70
23 253 141
79 41 81
128 78 95
132 24 224
49 29 183
188 170 207
140 91 214
203 154 140
187 206 97
152 48 210
214 194 97
54 174 129
37 249 39
114 243 77
42 93 27
177 142 78
160 41 97
210 152 141
79 156 158
12 206 33
98 42 212
52 68 3
234 141 196
115 164 240
140 115 7
125 20 21
163 173 89
223 197 25
122 38 19
59 196 26
214 178 169
153 67 128
135 7 145
44 189 123
212 129 176
133 144 1
55 251 244
181 60 75
117 108 216
158 148 117
26 211 76
231 28 210
223 70 221
12 245 33
43 215 45
66 121 74
88 165 198
255 190 64
86 149 183
243 71 80
47 135 19
240 149 45
234 87 56
239 186 179
205 36 159
91 100 89
76 24 237
107 234 123
70 22 58
77 200 37
31 173 121
209 93 65
109 107 250
120 239 92
183 117 69
207 183 131
71 176 82
58 221 151
252 17 150
117 220 55
74 151 207
199 49 218
157 1 44
158 224 168
46 190 28
29 126 121
50 5 123
5 153 36
250 218 34
51 45 238
12 169 183
91 228 199
239 154 36
238 202 21
4 47 6
32 246 246
93 33 218
138 29 177
62 151 209
137 103 217
22 96 251
187 17 216
85 141 131
60 83 39
39 0 86
63 118 160
5 56 133
20 89 85
188 60 64
242 86 216
163 114 116
6 20 159
234 199 13
179 239 249
210 130 108
53 105 124
157 117 231
203 180 59
173 22 195
151 57 64
196 217 137
218 132 19
181 8 41
83 79 20
59 31 2
87 48 200
139 131 110
213 127 14
45 86 22
38 44 34
9 125 214
21 29 237
13 113 97
144 133 255
199 189 48
32 146 205
231 61 242
41 96 77
67 45 98
220 127 119
243 54 6
157 240 47
38 246 81
38 188 92
73 232 51
16 173 107
44 126 117
89 131 207
209 108 195
60 119 135
19 136 102
63 191 45
183 155 161
123 25 215
101 204 40
93 123 240
246 139 138
10 226 2
238 240 151
110 244 5
219 210 0
246 49 241
175 55 149
134 117 65
97 170 143
230 17 112
176 4 199
218 22 16
115 20 74
155 238 52
66 20 17
184 50 214
30 71 202
175 200 34
156 26 97
179 120 248
246 211 163
138 225 176
237 158 108
103 141 168
171 67 116
206 229 138
202 139 129
7 166 61
89 218 134
54 42 192
251 144 5
34 43 101
109 155 79
22 157 168
195 151 18
85 228 164
220 130 209
36 109 47
141 68 229
166 89 34
150 200 69
200 174 167
204 160 140
222 32 143
103 189 153
124 196 200
218 140 115
216 4 252
226 162 104
3 115 153
83 25 91
1 7 120
110 39 50
171 172 244
225 158 149
245 175 76
247 78 158
221 156 239
103 78 27
80 37 133
182 13 127
131 203 60
222 102 130
170 203 175
155 142 114
41 210 12
213 184 162
108 28 169
234 126 57
14 81 179
130 22 227
140 218 10
5 57 101
174 148 204
135 180 165
78 122 102
78 118 56
139 172 17
137 218 236
85 190 149
57 32 148
204 101 173
41 190 180
218 59 125
131 194 166
211 60 42
51 252 200
101 13 143
90 151 129
30 130 206
215 184 47
86 94 82
96 230 137
246 58 19
59 212 172
56 72 7
220 149 108
158 24 17
101 27 146
70 30 87
245 229 225
44 41 210
0 113 46
76 146 4
251 70 228
59 231 96
217 125 30
146 201 88
149 13 227
76 92 14
177 48 109
87 182 21
162 199 201
150 147 152
239 19 155
151 253 208
199 135 102
0 124 1
32 207 202
52 63 90
235 81 190
211 115 251
241 179 102
93 52 202
228 101 198
189 99 200
182 54 183
105 237 219
198 205 132
9 144 90
130 93 244
201 230 25
67 100 59
209 5 112
235 233 114
171 205 226
149 235 162
166 254 205
141 93 91
24 153 133
150 179 179
218 177 25
18 29 14
64 232 124
252 13 255
146 95 37
216 31 164
218 217 41
60 79 17
151 128 71
255 177 77
16 19 72
100 0 195
241 251 84
238 233 54
178 236 42
213 225 23
61 137 146
116 150 247
126 31 190
94 12 210
115 124 114
155 49 234
211 132 125
178 74 195
231 171 115
243 237 199
227 37 48
200 123 26
116 43 239
42 184 97
224 154 150
114 238 187
179 87 215
72 106 240
3 29 107
196 172 207
75 51 64
171 83 196
42 71 143
128 234 224
172 46 166
128 167 36
179 132 106
174 166 38
218 199 86
97 183 9
172 98 9
184 249 31
245 80 180
191 54 76
37 4 121
39 94 180
220 138 200
101 109 129
22 198 101
243 100 223
5 86 96
84 96 86
252 48 143
109 244 70
61 79 238
252 249 230
61 149 146
145 252 30
22 180 200
35 242 214
10 116 82
219 150 15
26 31 209
119 139 30
127 78 180
112 250 120
92 146 36
172 36 151
134 22 131
132 67 165
186 58 76
103 117 115
132 218 41
43 207 230
197 86 124
82 94 175
1 195 156
214 98 197
34 224 107
216 137 17
129 38 191
109 97 212
83 222 162
184 234 168
129 110 80
148 201 79
226 165 85
221 45 162
72 42 182
216 179 161
221 110 141
135 248 128
125 4 89
164 192 60
150 42 83
239 110 236
3 240 206
40 91 142
70 255 23
7 178 40
205 66 173
44 228 56
168 125 148
235 74 42
78 217 14
101 195 194
78 63 97
115 15 199
9 235 244
178 36 165
28 109 174
255 182 72
83 172 112
213 28 149
5 122 53
86 48 225
105 254 95
131 115 25
184 233 169
153 155 196
189 170 43
198 127 148
96 155 155
185 205 154
240 12 97
240 61 94
69 139 75
225 187 100
103 5 49
71 41 123
100 247 184
191 143 166
114 189 67
213 162 110
106 124 37
91 87 94
6 41 14
230 52 141
194 231 38
110 92 119
183 211 14
2 244 216
182 232 13
68 44 173
82 215 50
226 204 166
238 16 164
61 13 61
46 48 124
21 191 77
177 205 182
232 169 5
168 110 77
253 251 190
202 79 38
69 10 110
12 109 214
181 190 126
219 9 160
183 221 53
26 7 120
90 186 67
87 251 5
68 17 102
157 215 213
211 14 74
215 74 164
145 24 87
40 202 164
96 219 13
36 127 61
122 135 227
160 197 96
203 121 166
217 48 50
54 236 196
69 242 31
254 180 106
74 227 22
254 202 166
48 91 127
124 51 117
181 141 159
67 244 76
198 168 242
187 178 68
136 188 254
115 237 155
63 147 45
58 72 4
163 225 22
180 253 207
176 53 75
32 93 106
10 24 188
110 229 225
22 143 248
82 237 83
91 211 162
25 174 233
205 9 135
172 132 40
180 116 31
2 147 167
48 191 33
210 157 126
47 240 162
0 78 237
199 2 97
39 161 40
229 68 172
208 164 242
130 242 146
87 220 15
179 123 77
225 21 64
43 197 14
222 17 48
39 94 53
157 183 95
136 143 20
155 14 122
57 3 106
20 196 10
227 61 243
219 7 91
213 246 71
59 68 53
178 184 182
28 55 227
136 170 221
157 157 205
174 115 47
21 72 224
124 104 134
24 227 252
85 93 148
215 190 61
137 101 208
85 17 205
132 9 151
248 163 184
97 43 107
60 123 10
210 40 22
165 9 137
224 159 225
86 110 210
133 189 113
63 185 38
210 196 203
86 43 58
254 22 254
43 231 60
228 226 185
65 198 198
181 179 179
233 26 56
210 158 120
82 236 52
243 35 254
139 156 159
223 220 193
48 222 186
20 183 67
88 129 182
199 71 87
76 159 222
37 195 234
198 235 242
182 60 229
74 112 125
236 188 0
209 152 188
226 81 26
229 181 98
43 53 96
242 93 51
73 51 138
226 77 99
29 233 164
116 224 162
183 234 7
81 197 166
213 30 17
91 93 189
69 243 246
142 121 86
248 171 252
196 187 166
84 224 180
76 133 255
79 97 13
121 156 122
193 183 70
157 65 230
225 86 234
210 69 251
128 168 129
42 254 9
21 29 250
55 241 207
243 185 144
198 89 42
191 121 220
97 194 197
213 154 94
12 124 43
28 29 190
96 88 224
26 96 214
210 20 192
40 159 197
99 41 229
140 20 191
80 238 240
11 98 186
185 196 120
111 59 37
160 65 28
205 159 92
98 1 62
172 203 196
220 92 125
233 250 11
27 148 186
109 102 74
80 232 103
197 30 123
20 94 248
149 50 196
219 233 13
145 118 73
213 64 191
60 146 163
224 154 64
33 17 186
15 132 208
229 22 105
87 40 166
63 218 188
253 193 192
126 32 17
154 71 225
8 57 65
67 7 14
227 129 71
127 4 9
25 225 167
166 10 172
234 43 23
96 239 85
196 211 87
112 79 70
247 204 196
152 17 177
209 130 232
102 131 234
22 217 114
36 174 221
219 83 134
91 213 14
65 9 102
196 45 179
107 233 87
109 244 69
75 23 7
227 129 239
42 46 0
160 10 239
50 73 57
168 45 11
89 176 149
98 138 247
128 73 217
217 27 217
155 151 255
200 195 230
176 252 221
151 115 197
29 227 245
13 33 149
188 107 110
187 107 15
177 122 207
83 132 89
245 42 90
163 53 204
137 182 80
216 75 34
14 239 192
120 37 192
78 207 64
132 61 78
59 87 230
246 113 92
89 29 184
121 207 68
62 153 214
137 87 78
209 231 250
173 138 94
89 38 125
156 77 217
242 210 66
61 229 54
232 202 244
11 163 141
208 87 49
41 132 46
36 115 174
28 107 110
205 205 99
158 217 140
179 121 63
109 180 221
239 148 229
228 143 160
1 73 28
11 231 122
139 235 95
87 198 219
238 19 81
89 44 224
140 65 233
112 51 56
66 24 241
225 99 207
228 39 223
135 88 85
200 41 39
13 96 225
17 119 75
149 55 91
241 53 136
230 106 29
155 185 58
65 212 137
116 68 81
251 15 90
248 61 227
85 2 93
199 169 140
149 233 38
213 131 213
1 174 183
248 204 174
172 169 128
96 228 129
235 49 32
60 159 123
217 92 249
11 69 76
16 154 79
130 115 59
158 178 201
28 133 225
160 161 1
216 182 60
141 160 139
209 106 248
118 251 77
205 35 41
97 35 254
101 240 7
136 87 189
3 42 242
61 50 197
118 173 72
189 176 23
59 193 101
92 183 89
182 100 8
9 91 91
233 219 109
170 229 169
210 11 31
21 206 231
51 86 221
176 66 109
120 0 174
56 253 153
109 137 254
131 84 12
229 147 136
113 186 219
43 159 20
174 114 102
178 116 199
93 235 173
242 210 14
162 251 201
196 186 59
11 204 255
238 83 168
37 23 124
160 50 245
159 176 41
5 114 218
119 54 207
226 241 22
118 66 139
255 112 188
251 90 80
222 180 99
68 229 24
49 222 208
119 152 225
49 238 216
144 247 229
19 110 216
6 103 85
41 57 35
236 51 100
58 21 43
95 148 49
100 48 241
250 43 155
8 143 164
84 23 212
225 81 89
174 153 247
156 29 183
126 8 183
155 115 85
59 232 93
167 178 2
103 181 172
196 243 206
5 229 17
54 79 120
100 169 159
169 224 8
221 50 104
225 108 82
121 122 29
119 237 172
123 182 86
68 179 0
92 135 20
180 16 5
88 145 3
138 192 117
18 11 147
37 105 224
118 194 252
221 130 229
231 14 212
224 86 212
145 186 114
40 12 162
127 126 130
243 225 117
14 37 112
97 132 19
56 158 145
85 67 167
152 243 149
103 138 154
132 187 100
230 11 191
213 136 235
131 181 90
47 60 2
239 23 14
43 88 48
224 157 61
236 92 169
111 29 253
235 132 86
135 172 234
235 168 55
125 68 129
55 171 99
46 211 206
221 49 6
16 138 237
88 208 40
184 101 229
22 39 228
110 103 30
204 241 172
179 171 172
107 12 81
170 230 67
99 48 8
110 229 90
98 36 103
120 16 5
204 1 65
207 38 79
26 66 22
147 253 48
174 148 120
221 224 249
104 143 35
102 188 175
232 235 52
41 172 166
62 172 32
105 218 42
92 228 166
29 65 119
226 217 160
72 154 220
83 30 42
1 209 228
46 77 7
149 246 60
247 201 0
80 105 141
162 104 120
181 249 227
206 19 72
250 162 184
96 54 85
178 133 98
55 176 171
133 127 50
128 215 170
243 74 52
200 228 89
77 46 171
203 235 146
165 161 199
132 104 208
105 24 137
229 28 63
249 9 238
238 11 10
155 104 240
15 4 59
248 29 120
254 86 11
72 139 182
55 201 112
31 160 40
28 170 109
103 123 235
109 2 250
123 85 205
99 192 108
194 134 181
196 138 47
138 169 150
0 193 184
76 103 146
68 127 84
239 230 145
238 162 128
163 214 60
64 149 171
34 216 105
3 134 66
72 155 108
235 38 34
153 247 163
16 134 9
60 80 22
20 42 201
251 68 111
94 176 237
189 38 193
71 218 236
42 64 177
181 250 10
178 212 252
10 163 181
109 98 18
70 59 59
251 14 143
249 199 202
179 234 114
8 117 7
245 27 155
27 221 81
68 181 235
105 212 21
116 205 28
204 52 179
86 148 57
131 53 213
211 151 61
6 167 251
28 98 36
16 135 199
41 151 72
121 135 3
88 136 125
192 142 242
160 224 224
39 9 255
32 85 35
184 136 142
194 81 187
49 133 115
191 235 111
72 75 13
80 82 196
124 52 41
105 137 226
95 111 210
98 51 230
101 28 27
250 184 181
15 93 43
151 107 192
240 110 32
160 110 68
131 34 49
98 229 86
81 248 200
64 20 110
172 45 168
226 93 188
60 77 146
230 23 28
203 83 254
62 178 140
54 247 254
130 132 243
136 101 191
46 53 245
80 226 39
45 26 154
18 81 159
181 217 176
118 167 152
43 142 50
84 175 168
186 126 245
21 133 98
232 113 80
174 181 64
200 143 202
24 196 65
106 17 11
206 67 216
242 202 232
231 126 183
124 185 111
17 107 104
96 140 122
205 50 1
21 83 56
17 138 235
222 237 133
211 134 133
148 10 241
55 195 88
251 254 156
92 188 220
25 30 218
225 109 178
138 59 215
143 96 18
147 66 101
176 86 143
225 201 250
72 139 218
159 88 23
166 231 224
227 209 192
71 5 103
107 68 72
195 111 250
162 229 188
134 73 183
226 41 242
93 130 59
255 44 25
69 163 145
235 151 204
14 4 195
82 1 144
91 91 125
214 248 15
148 14 139
128 78 251
101 189 225
245 86 181
137 243 68
194 95 33
221 29 249
254 226 84
54 254 224
212 59 166
217 222 192
64 4 117
164 143 14
162 30 69
246 60 158
49 160 150
49 165 24
235 199 154
109 87 193
111 169 205
226 245 162
44 103 230
20 148 97
107 30 45
209 174 183
5 189 138
81 101 227
224 157 69
32 12 185
128 118 123
59 172 137
71 126 185
245 127 163
23 97 10
79 203 187
229 128 117
51 48 193
70 178 62
17 250 106
172 208 27
70 231 168
199 142 111
143 151 208
53 130 10
148 175 255
18 84 235
152 141 248
126 197 70
199 46 53
188 201 22
3 2 142
94 13 45
182 162 169
142 129 128
162 252 100
240 139 33
239 124 163
226 237 71
125 11 156
191 160 237
250 156 33
26 213 67
52 174 61
122 58 160
31 43 35
15 121 130
216 156 122
113 51 92
227 47 112
209 2 193
144 173 71
5 170 218
108 13 132
102 106 90
189 148 74
117 36 62
34 114 166
114 51 99
203 78 73
45 32 30
215 93 248
94 197 155
75 43 47
212 229 154
102 154 46
158 194 88
63 120 233
110 100 9
205 4 45
155 73 160
190 121 127
208 39 165
215 1 127
90 20 75
20 72 237
8 226 134
215 176 185
236 162 158
114 61 206
176 193 131
204 179 16
112 2 135
217 207 199
87 190 220
9 167 23
140 38 12
43 65 79
34 105 95
134 104 103
190 11 21
7 31 145
247 167 90
200 214 165
230 244 159
50 95 231
3 138 104
24 133 28
236 103 208
98 127 104
230 248 136
111 48 221
198 177 5
0 46 199
108 202 238
103 205 137
189 225 91
195 55 217
141 249 207
196 168 96
91 43 244
15 58 201
138 54 194
197 166 39
246 98 76
223 24 77
67 141 230
177 195 227
240 124 243
89 79 82
178 18 66
123 122 75
87 188 45
181 91 101
228 246 67
85 37 253
124 179 49
188 253 119
49 83 156
135 217 2
122 228 135
97 37 54
162 123 20
12 176 42
0 128 187
252 109 105
232 12 237
19 143 187
37 134 234
76 42 60
139 92 236
37 81 228
142 101 235
224 185 141
40 73 133
241 245 160
97 221 153
78 127 251
33 143 101
200 7 51
58 86 222
222 169 36
140 82 213
119 137 230
223 137 27
208 98 19
194 235 107
111 244 177
159 105 158
93 121 94
34 76 61
210 175 26
153 71 33
222 67 134
167 194 27
109 175 162
54 71 160
89 17 233
181 75 194
76 94 82
166 239 193
149 153 195
112 63 205
201 221 86
132 164 15
41 139 140
107 37 24
135 63 241
184 50 238
41 175 140
31 8 112
233 156 198
160 148 57
35 154 199
86 219 149
236 156 131
16 36 38
13 41 59
148 241 209
90 145 116
168 81 242
229 117 105
157 165 176
25 25 167
216 155 250
37 36 202
248 107 12
160 62 226
130 64 162
224 46 230
120 74 218
200 175 212
193 181 150
176 55 50
118 132 3
76 233 191
54 84 77
15 19 10
151 206 76
184 146 152
22 226 168
86 20 38
50 1 41
140 108 97
207 50 123
56 172 46
95 28 235
136 38 24
55 39 112
239 99 36
186 225 127
101 223 47
186 193 231
160 198 43
193 45 255
43 7 212
111 246 35
77 6 10
159 144 119
250 52 108
245 252 8
44 13 157
69 251 132
69 153 165
0 35 211
233 150 175
115 10 173
187 122 235
171 233 165
36 12 119
199 33 164
66 198 48
21 137 217
186 238 172
120 105 194
121 73 198
47 111 36
25 20 78
1 124 75
137 165 128
221 233 220
122 123 222
249 98 144
235 149 172
13 38 101
245 20 4
246 61 178
214 119 228
122 113 190
244 137 30
197 236 185
57 50 247
204 203 154
71 173 117
139 243 172
42 53 157
90 44 121
230 223 227
158 142 91
113 67 238
244 237 250
53 222 194
4 181 201
134 75 158
159 54 245
255 187 161
193 137 249
85 11 107
94 238 223
200 26 79
53 207 84
92 118 8
182 49 68
62 103 137
88 168 99
173 219 168
135 194 63
42 147 235
75 240 204
181 141 175
203 15 211
135 243 176
203 224 5
51 159 191
107 23 47
233 14 181
203 70 192
61 250 60
221 227 45
248 179 102
96 76 93
51 93 62
143 118 30
11 208 194
73 231 63
132 5 141
246 9 62
84 5 89
143 210 232
64 86 57
71 44 184
62 193 48
2 254 165
223 214 205
17 223 43
26 223 72
94 182 82
160 52 252
238 229 205
92 221 123
175 43 119
130 160 175
181 142 5
217 160 30
90 244 77
208 113 168
37 16 146
166 169 14
178 209 103
168 164 80
84 253 43
126 97 5
108 35 111
170 189 96
171 241 247
181 185 211
129 105 228
69 35 67
31 108 51
143 169 183
23 169 27
240 145 238
184 234 80
30 160 88
12 211 254
17 62 169
122 155 240
193 111 175
137 171 172
140 93 114
64 253 120
212 70 47
6 147 127
225 123 23
7 106 82
236 123 76
121 206 152
199 70 122
55 205 56
145 101 30
241 175 87
170 124 49
55 131 112
198 238 242
195 27 216
95 10 1
130 252 80
182 39 149
22 56 132
108 221 205
170 253 118
84 155 171
161 242 81
145 86 201
24 207 24
204 129 122
120 228 68
198 123 79
240 245 121
229 82 96
79 107 209
44 136 122
201 66 236
221 26 235
68 236 178
231 120 243
130 198 23
138 96 181
160 175 158
71 106 80
197 56 46
11 208 197
22 87 19
12 121 53
118 152 227
197 11 100
114 5 197
86 80 63
37 160 237
104 126 185
26 100 111
164 34 1
96 131 166
90 76 142
238 138 137
120 250 9
43 32 33
214 114 181
107 61 39
81 35 98
189 55 185
165 120 174
225 177 13
202 15 205
245 10 120
124 48 234
217 198 139
123 235 10
211 108 122
34 16 149
171 44 108
49 201 187
119 62 137
58 237 1
232 246 18
87 68 227
241 39 73
152 192 218
177 183 222
225 238 21
71 115 243
61 222 156
155 208 183
167 210 144
102 216 26
15 85 161
84 197 118
58 27 117
30 8 129
221 86 216
114 23 2
65 95 204
56 102 150
112 133 6
42 45 127
242 90 173
128 84 43
145 137 161
199 109 137
115 135 37
126 119 145
223 185 96
222 226 130
2 238 203
150 100 165
212 139 136
115 18 191
188 185 15
13 34 237
73 168 20
161 194 227
243 231 139
144 138 232
124 130 152
156 217 176
101 100 37
174 39 97
3 93 134
215 118 187
33 228 65
125 198 184
160 240 92
9 92 122
15 201 198
191 162 205
135 143 186
153 155 80
160 173 11
55 165 150
212 6 227
7 156 185
125 168 228
164 235 239
48 241 62
218 48 35
52 222 28
92 224 78
24 153 249
137 8 51
16 74 178
191 221 88
50 241 97
193 45 96
223 41 213
207 37 73
57 5 140
50 175 30
161 244 110
129 158 151
4 93 39
96 206 242
131 102 66
99 175 124
164 175 149
176 46 137
11 230 102
28 164 145
232 179 228
123 221 51
21 86 107
44 84 52
74 18 170
163 131 198
126 30 139
45 16 94
231 169 180
140 167 25
240 53 100
54 50 200
246 220 150
179 4 149
159 214 218
196 121 149
20 235 40
51 214 65
212 220 188
49 119 79
233 42 74
69 60 72
141 73 205
188 81 237
23 221 112
243 153 174
67 44 202
83 237 104
143 11 132
213 66 117
204 84 210
64 221 175
185 122 37
69 60 158
51 187 213
42 104 207
215 7 68
81 215 255
194 206 35
241 143 119
233 62 68
115 119 166
233 192 203
62 100 173
20 38 59
26 182 211
167 194 57
254 210 98
155 72 31
61 240 121
192 51 252
32 223 9
250 64 166
2 6 44
172 114 203
195 205 10
16 65 90
22 65 201
201 97 14
67 66 214
177 220 152
73 211 191
139 196 87
215 24 99
238 222 109
121 176 207
58 178 133
43 55 214
119 240 164
144 217 161
15 183 29
116 147 142
108 26 88
24 98 27
154 107 107
198 97 104
172 143 97
53 32 76
55 150 170
236 192 11
19 215 160
195 193 74
42 91 66
101 203 102
10 46 254
119 141 79
186 254 111
243 122 232
8 135 119
230 10 201
197 43 195
45 15 247
7 4 15
76 215 185
137 229 159
3 33 220
203 83 5
55 0 15
215 129 105
157 254 216
242 151 143
50 66 200
137 122 230
28 94 75
6 116 108
108 110 198
36 4 98
65 232 117
210 36 63
118 164 241
30 136 112
136 35 250
53 70 159
160 6 41
78 169 183
64 20 85
123 227 218
152 39 42
189 204 126
127 48 58
203 250 227
185 72 254
244 62 203
65 33 38
102 62 157
138 165 187
154 233 138
104 49 101
55 250 200
32 156 179
136 119 105
158 120 172
31 229 168
42 187 216
252 46 91
83 157 28
166 115 94
164 207 156
141 252 97
214 176 183
0 0 0
