71 215 159
225 124 116
113 38 72
81 143 110
125 176 204
164 23 111
110 29 82
152 242 71
228 75 173
177 239 135
240 95 224
116 149 50
169 227 76
200 29 113
85 95 143
165 238 201
26 28 7
64 24 189
244 66 218
15 215 232
25 139 126
235 86 68
217 251 232
230 237 186
38 1 101
14 41 244
198 202 182
10 18 164
145 234 102
27 223 58
219 72 242
183 200 60
188 31 210
30 200 106
86 96 82
77 23 187
178 107 96
210 189 16
42 48 226
32 72 10
7 172 122
120 94 44
27 3 8
204 210 208
154 84 38
249 127 227
55 159 70
172 138 164
219 76 41
233 187 76
199 35 133
60 43 67
159 32 71
148 158 148
201 237 242
207 36 57
220 168 159
194 139 163
223 208 7
177 146 191
87 238 54
27 161 194
102 172 195
92 218 134
29 64 176
92 42 12
19 143 208
77 165 47
158 22 95
182 214 174
212 44 132
158 23 28
163 5 57
168 139 157
237 173 147
139 202 145
155 195 204
193 64 133
192 92 17
4 41 51
142 135 160
237 106 73
175 168 255
45 8 199
23 249 137
180 118 118
134 187 121
61 45 93
77 169 172
208 199 40
70 34 19
246 231 12
142 122 161
218 167 35
230 213 141
141 202 88
234 97 185
10 226 248
164 201 140
179 228 240
137 2 242
121 74 32
251 179 237
241 246 155
1 137 46
25 225 19
114 80 173
103 220 140
85 143 24
156 206 190
93 152 174
132 130 215
205 53 60
14 243 74
43 234 219
81 81 108
195 35 55
92 241 115
178 83 211
32 132 61
53 188 80
45 137 81
120 22 80
103 78 161
164 149 75
235 81 209
154 51 231
125 5 231
72 166 93
171 77 229
146 24 5
184 76 221
164 221 84
51 69 84
189 48 26
132 132 37
182 87 163
215 117 121
93 209 153
135 110 5
196 49 4
245 225 33
248 84 194
246 55 192
201 7 213
142 111 149
102 229 134
136 85 59
80 127 228
191 152 50
198 147 149
90 222 90
71 115 17
106 52 1
185 61 159
245 177 179
172 119 55
249 130 2
229 130 21
68 126 11
191 95 227
161 59 10
130 105 97
66 234 92
31 191 227
111 233 190
84 230 104
173 164 161
198 23 5
194 24 249
197 190 171
219 192 231
124 162 120
83 13 15
115 242 231
4 194 133
151 25 32
22 177 237
248 125 105
168 67 119
147 20 6
88 111 204
60 154 59
150 203 148
238 206 164
214 203 200
202 171 163
99 194 106
236 140 198
33 137 102
10 124 204
184 58 170
153 45 53
186 221 211
155 163 92
50 165 243
234 156 181
62 205 240
105 34 164
190 0 39
52 226 142
246 200 187
116 157 73
77 50 3
48 53 235
79 218 187
83 38 34
226 118 88
150 23 193
67 173 139
240 138 186
21 92 79
69 57 50
173 187 231
107 245 128
228 7 192
126 16 14
236 53 109
240 87 224
55 215 150
107 166 14
147 74 26
30 13 214
175 224 149
153 137 214
202 168 131
211 136 23
227 189 235
202 37 185
219 102 148
106 75 85
63 34 53
53 114 45
95 51 14
30 115 201
240 92 130
250 154 238
22 115 230
55 244 53
231 142 80
84 238 99
88 18 118
208 62 116
207 59 25
241 134 123
166 234 73
11 137 140
50 92 67
204 243 7
171 167 131
174 0 18
12 112 160
44 42 38
196 2 77
150 182 174
198 38 16
145 159 36
0 107 204
194 15 151
40 247 233
196 114 9
172 204 202
218 159 173
185 252 68
37 32 131
37 109 170
160 176 244
208 138 147
46 65 98
169 153 79
182 212 126
176 169 157
142 237 47
6 124 253
69 92 237
18 36 182
29 70 213
31 37 253
228 159 100
34 224 83
182 88 27
106 140 164
93 101 163
86 102 63
128 232 10
86 101 118
42 43 116
73 122 59
123 14 93
64 222 102
92 225 65
226 57 194
205 99 151
37 107 66
153 101 249
154 57 243
121 83 78
215 0 241
1 244 254
217 186 97
187 104 116
193 190 134
159 233 21
17 86 205
123 232 143
115 245 83
53 228 132
140 187 157
168 150 25
23 156 35
90 107 42
7 137 250
195 208 130
183 184 245
167 174 228
162 195 89
215 48 146
255 153 63
180 15 144
231 38 121
188 48 59
16 174 136
211 255 240
235 103 121
109 57 14
246 196 254
62 161 19
110 247 71
169 182 126
77 2 166
201 48 0
218 92 7
173 237 231
234 174 201
88 94 69
225 221 122
250 74 71
3 88 87
154 179 3
43 254 182
79 48 196
234 255 19
191 87 61
210 99 180
65 11 60
218 113 186
249 41 237
250 50 135
59 53 59
167 243 242
203 128 242
99 94 129
75 169 239
4 1 160
3 98 66
32 93 148
146 108 138
198 230 33
177 184 213
150 190 119
105 121 14
4 244 99
184 125 187
242 135 153
173 174 39
161 216 147
139 218 185
49 53 72
76 160 163
144 127 186
80 128 13
69 226 138
149 15 118
194 33 6
158 237 92
144 96 198
75 67 121
72 55 141
5 60 209
221 135 96
126 216 151
205 234 123
47 89 25
159 17 3
69 164 174
141 229 203
56 175 96
46 20 26
137 60 191
239 95 65
154 10 142
131 141 175
191 46 141
231 145 249
241 72 165
43 141 68
2 113 121
50 11 200
163 123 98
209 19 61
20 122 49
127 236 224
161 59 188
167 66 70
119 85 68
155 172 100
65 239 143
245 153 79
250 43 71
179 12 123
237 170 222
243 40 255
87 211 93
26 89 211
5 98 134
225 164 214
186 114 253
160 178 231
208 19 139
244 208 230
11 46 131
46 182 69
213 74 81
58 124 178
155 24 135
200 132 124
190 104 117
224 88 55
249 147 127
114 127 66
54 104 216
79 100 84
181 127 143
106 255 254
86 127 31
164 39 215
127 114 201
212 202 143
99 27 87
31 81 168
245 108 245
23 153 240
133 240 231
103 245 206
239 193 190
189 199 16
18 196 159
24 139 160
78 251 90
169 116 221
52 199 21
39 58 233
71 141 153
56 168 162
22 101 101
100 123 205
150 81 161
70 152 42
177 0 38
229 13 127
192 237 80
165 191 249
9 114 162
100 152 30
254 219 36
173 104 246
194 26 124
46 141 56
98 217 132
26 158 100
162 76 117
10 145 134
8 227 133
149 203 232
101 220 109
236 64 6
43 241 78
154 147 172
49 235 149
126 187 75
198 203 180
179 46 229
72 62 240
76 224 68
226 29 154
0 128 69
53 218 99
165 116 255
72 50 55
139 230 25
101 239 98
171 68 229
161 9 200
82 20 1
247 79 4
248 111 227
2 173 187
75 91 246
99 109 247
233 252 199
71 105 50
205 215 254
136 211 26
213 110 182
65 46 191
93 120 169
3 214 111
59 179 51
46 222 207
64 139 224
110 211 224
241 235 249
177 137 55
187 218 127
108 26 215
155 200 154
138 208 244
237 157 213
132 138 145
132 216 221
107 91 120
60 125 244
73 126 142
156 91 208
178 243 153
161 14 185
187 137 171
119 140 44
80 232 171
224 255 238
189 30 251
206 23 215
168 193 62
230 134 245
78 92 119
37 191 9
123 250 124
157 211 72
56 137 27
203 27 146
50 240 135
149 154 119
93 210 88
57 150 94
164 47 224
66 141 214
21 108 59
71 51 30
240 192 183
178 142 251
231 147 235
194 237 249
248 124 159
219 238 211
107 203 133
97 5 114
198 243 29
16 212 238
159 167 12
50 12 114
168 183 55
111 169 57
46 150 231
156 239 173
187 34 166
147 194 92
109 231 94
132 192 227
19 254 230
79 110 245
100 210 252
140 5 146
237 31 49
144 159 13
90 204 243
138 161 77
255 170 18
93 100 77
43 174 34
81 129 7
80 77 24
165 192 33
6 250 6
222 87 193
241 91 55
255 208 67
74 47 140
113 56 101
240 93 233
40 166 37
109 223 12
160 153 178
193 171 108
151 90 43
50 124 253
239 250 67
2 29 5
120 215 148
61 26 77
226 133 14
40 7 116
201 244 197
26 152 55
215 9 155
247 133 65
7 236 79
46 25 242
211 132 253
51 46 66
215 119 111
23 235 90
177 21 230
96 75 153
142 84 194
116 155 200
10 151 198
239 190 11
101 251 23
68 223 91
28 134 181
145 206 55
30 209 211
49 45 106
226 197 171
179 238 71
49 224 20
144 116 209
32 155 60
239 9 72
142 190 156
30 94 39
234 195 255
208 167 233
152 187 106
234 40 37
228 153 218
175 248 146
10 108 209
30 226 85
5 158 254
134 199 193
119 157 0
3 133 84
37 195 242
96 75 142
7 64 110
96 43 2
131 126 70
49 248 201
110 22 66
156 2 18
34 179 123
50 195 227
181 27 1
193 92 151
246 185 239
9 222 77
215 76 13
174 235 164
201 138 31
148 242 228
226 213 133
60 209 255
7 145 213
103 173 122
120 179 71
37 105 77
252 61 240
93 192 119
20 66 76
159 127 2
190 74 213
198 214 53
58 105 64
17 45 231
237 223 66
240 4 52
29 100 41
55 211 5
27 204 24
137 64 186
75 15 37
167 19 151
90 95 124
200 234 78
41 143 179
131 112 242
216 59 132
58 112 127
44 46 182
27 59 171
21 57 55
3 39 184
119 161 17
97 120 75
37 234 95
131 145 186
3 189 221
163 35 81
235 243 116
253 2 42
175 84 104
113 180 142
113 216 93
191 174 239
167 52 110
187 229 51
39 49 13
101 203 253
89 36 205
15 184 69
165 205 242
37 188 63
7 166 158
104 1 131
38 145 112
222 151 10
76 169 58
104 196 173
77 216 78
250 78 87
248 167 67
97 177 171
131 6 2
151 212 232
159 175 168
33 149 128
139 89 193
6 220 239
154 145 237
195 35 207
93 207 225
164 189 44
72 253 141
69 74 142
250 56 52
102 206 113
227 37 50
126 225 202
204 196 240
222 121 77
230 64 191
208 9 232
62 214 67
52 93 218
196 5 230
9 244 6
123 33 3
218 217 127
191 120 206
24 197 97
37 16 191
35 144 19
113 170 22
68 76 176
37 104 204
178 227 25
228 67 66
181 240 115
250 6 9
121 212 143
32 22 224
96 183 94
102 28 249
125 85 194
164 229 63
178 46 189
6 185 215
240 206 212
110 230 27
192 161 91
216 157 168
80 110 251
144 81 247
75 77 213
251 66 51
154 62 81
100 63 221
154 208 158
167 191 212
39 186 34
53 100 58
101 201 65
6 102 148
159 49 12
131 38 253
130 102 152
225 161 111
57 196 240
204 233 120
1 101 217
222 88 132
93 131 191
213 160 179
165 233 124
169 86 191
173 250 29
202 252 58
112 91 9
212 150 136
136 13 106
73 1 0
193 83 10
22 135 128
210 255 8
233 241 117
84 10 119
243 13 120
143 127 79
86 196 178
86 82 116
109 242 190
242 245 12
117 152 144
207 70 133
133 250 149
99 120 8
172 146 192
109 146 155
110 31 20
168 181 240
85 120 248
233 125 217
233 249 74
228 116 155
228 212 154
178 210 99
175 140 172
2 70 72
89 111 202
126 178 218
21 146 88
5 161 212
181 109 78
180 179 148
177 149 176
149 153 7
152 30 89
109 166 45
181 57 153
1 56 246
60 121 37
23 91 188
95 239 223
179 242 141
162 11 199
43 41 78
18 47 126
151 243 202
102 251 48
65 133 163
113 17 22
247 95 111
52 60 19
143 69 13
191 114 162
132 113 188
190 33 197
218 157 11
17 67 220
129 197 189
201 156 252
11 28 39
20 162 105
250 215 122
49 229 216
193 211 101
175 122 130
141 52 161
176 202 163
112 105 173
240 201 114
241 23 15
1 109 163
124 66 102
81 50 39
124 251 186
104 12 47
214 197 142
151 47 82
27 33 53
116 231 50
97 163 62
80 90 155
182 86 123
82 46 82
156 235 32
213 207 212
226 156 161
97 251 218
106 33 186
210 133 41
156 53 198
97 241 88
187 25 95
206 242 130
236 66 177
200 95 211
240 229 212
37 123 206
160 16 0
75 72 46
46 124 95
64 166 242
225 203 119
136 244 173
45 155 121
250 202 43
127 73 142
199 10 128
114 72 112
187 226 217
69 9 218
228 179 14
94 214 22
74 218 118
57 231 87
97 147 13
147 143 152
86 145 224
238 178 196
143 112 71
164 148 209
184 109 192
255 172 107
197 148 95
80 66 120
106 252 242
173 144 203
16 1 158
225 69 171
141 169 177
12 74 0
36 144 222
72 1 49
165 172 112
145 37 84
50 115 180
244 120 187
62 182 185
85 236 243
63 195 76
161 232 61
230 181 76
7 138 157
218 198 17
119 176 87
233 93 98
128 102 240
94 236 85
81 165 244
42 198 173
255 228 238
30 31 95
54 137 161
105 141 207
183 36 49
234 194 189
3 171 132
200 215 223
210 26 128
232 128 48
2 215 209
117 236 160
26 166 99
14 14 192
128 227 137
92 77 170
85 245 239
215 124 132
132 108 55
64 185 186
240 74 41
42 100 198
229 97 109
185 214 233
53 141 129
227 251 186
138 249 240
190 182 53
133 222 143
93 186 176
199 239 138
206 186 226
26 194 253
122 234 9
65 210 247
17 189 217
71 138 236
78 43 84
123 201 210
243 1 239
161 230 44
27 150 101
61 251 35
62 159 14
93 4 208
8 209 133
14 103 179
178 246 71
99 118 180
140 57 187
132 29 221
174 236 55
44 158 228
247 127 147
27 87 218
27 85 234
197 18 75
167 75 35
233 65 45
163 139 184
107 129 194
154 19 104
193 11 14
142 156 147
233 132 68
129 97 167
26 44 192
54 41 192
238 52 47
116 249 2
112 159 96
47 57 57
220 77 194
224 82 112
96 232 125
165 18 230
73 219 213
203 66 63
99 171 3
138 84 208
252 36 137
209 176 3
75 182 134
125 215 134
231 6 34
58 18 235
141 114 217
121 255 146
158 218 253
137 255 161
211 202 23
87 103 201
22 96 86
161 37 93
103 192 105
244 25 226
81 36 12
243 173 176
222 169 105
219 73 127
247 150 100
246 180 158
86 115 20
12 81 45
108 13 106
110 137 229
251 103 102
168 11 249
179 74 199
204 77 148
240 214 231
22 228 221
132 31 181
37 239 236
238 90 86
62 64 27
86 187 169
179 215 188
243 44 192
45 119 146
105 48 38
39 162 91
238 236 101
30 104 29
142 68 247
30 100 173
149 22 159
168 243 172
45 226 246
2 199 18
69 122 16
39 240 45
152 169 223
180 170 254
11 6 204
189 56 97
191 204 57
188 249 190
194 12 152
14 75 20
146 38 237
166 225 209
121 15 32
177 42 225
227 75 139
147 143 30
110 91 60
121 60 237
5 85 122
140 178 181
91 106 111
65 25 103
40 70 128
93 144 181
117 253 54
150 152 118
56 75 100
191 49 32
198 117 248
79 160 12
51 250 138
4 2 53
253 226 144
131 209 125
175 97 185
224 33 177
185 184 172
173 241 97
204 38 80
34 235 157
153 61 132
64 164 192
233 145 213
234 223 168
68 215 182
147 158 199
24 22 166
62 226 118
35 234 48
177 5 133
79 46 131
202 100 132
107 164 160
77 219 229
0 200 30
93 67 219
74 35 202
180 208 222
141 201 135
53 78 186
83 227 106
223 103 48
203 61 117
182 205 109
149 86 203
241 120 7
12 247 103
91 142 215
17 247 89
156 211 180
175 87 74
184 243 22
206 166 196
6 55 110
23 193 236
74 201 186
132 108 59
128 212 79
132 76 18
221 175 249
129 83 123
27 18 9
186 203 98
87 85 79
149 195 119
227 235 2
225 219 218
55 121 182
163 82 239
37 2 203
89 73 27
143 8 233
16 173 85
133 191 178
51 67 71
8 226 125
7 21 230
32 114 5
250 159 87
241 30 191
227 94 204
171 118 52
52 158 229
157 30 192
242 140 88
7 21 81
75 130 70
158 146 73
37 76 197
205 192 146
185 18 170
221 176 215
228 66 151
90 39 205
184 182 15
175 214 105
66 219 144
57 199 76
45 224 46
95 87 221
56 77 124
171 51 22
15 199 100
75 24 104
108 105 135
243 46 46
90 180 248
26 105 38
16 150 138
160 12 186
77 114 112
236 35 218
54 204 83
68 92 68
92 67 77
186 158 209
3 29 23
178 231 131
2 130 59
157 168 72
171 156 21
5 101 125
191 186 78
98 254 178
67 52 46
152 215 243
231 119 165
64 43 169
158 208 63
157 70 177
238 141 47
98 227 249
168 184 170
135 136 244
157 74 197
182 26 168
191 143 231
77 244 91
119 166 207
150 157 25
174 52 133
205 239 174
110 40 26
170 134 87
160 179 90
53 88 58
81 76 63
114 143 211
215 160 221
186 251 201
113 84 172
169 104 24
199 127 84
232 72 162
144 93 137
51 110 11
108 30 123
252 94 201
243 36 204
88 160 3
247 154 230
236 112 129
219 171 20
6 148 34
72 193 85
70 228 162
25 166 68
124 194 227
227 217 201
101 216 102
17 190 232
191 219 128
76 233 147
183 49 249
177 51 157
144 248 115
101 19 183
207 53 191
94 81 95
232 158 58
104 219 99
201 80 76
91 83 157
28 250 69
228 70 38
221 15 66
93 88 44
98 110 102
38 251 99
93 44 101
9 176 100
210 138 99
204 252 86
77 88 221
94 225 197
8 172 82
234 245 120
77 172 208
35 136 210
229 153 20
231 42 224
172 183 190
139 118 201
159 91 86
199 8 139
183 151 170
172 159 14
137 255 29
23 106 48
152 4 50
136 43 207
0 140 27
2 195 207
225 7 79
175 170 204
176 207 82
86 199 96
136 217 15
41 238 221
232 97 24
209 53 181
170 136 182
219 238 50
100 213 124
75 208 196
80 197 87
140 49 240
121 28 249
19 202 0
80 104 56
29 61 46
53 89 150
219 243 214
172 197 212
74 148 143
75 181 242
217 181 29
101 21 159
255 146 135
119 231 252
86 88 69
122 173 251
30 124 92
156 242 180
168 64 136
74 108 233
173 74 112
171 23 51
195 98 45
104 143 51
6 44 242
165 20 48
47 101 117
97 105 63
213 234 37
134 100 95
140 167 92
149 207 24
222 214 164
34 167 212
88 4 56
135 79 15
161 151 227
66 75 168
246 102 40
9 172 6
94 4 236
2 30 143
108 72 250
131 185 139
168 239 173
68 125 154
98 254 140
90 224 65
144 172 2
253 37 38
92 139 9
243 225 99
117 176 246
53 239 211
18 79 21
26 155 51
160 255 95
168 136 153
70 30 244
127 212 2
238 177 17
168 72 113
57 191 47
221 243 87
209 123 229
70 194 208
186 133 240
144 45 141
187 188 183
91 6 113
41 180 144
232 9 77
65 159 29
25 13 9
16 24 83
184 27 164
210 7 22
237 98 213
207 75 18
62 71 83
138 90 214
228 21 170
80 245 192
170 166 214
93 49 188
119 217 202
227 220 169
185 2 126
26 125 106
136 21 175
90 20 63
115 180 63
63 169 111
187 203 61
162 13 113
33 93 70
214 18 216
163 248 106
131 145 202
75 203 255
96 105 81
70 196 123
111 236 74
218 64 139
125 192 133
225 183 132
199 185 114
244 105 61
143 52 18
225 92 96
90 151 195
105 94 125
122 196 22
94 119 48
160 133 138
47 28 21
17 125 149
212 134 11
210 220 99
25 57 134
21 46 9
229 43 61
155 180 35
223 184 215
94 152 148
175 138 49
116 231 231
42 177 211
11 232 120
114 31 30
174 251 196
22 88 172
83 110 229
123 148 128
84 126 95
7 254 236
230 171 150
39 58 72
122 209 162
76 79 112
23 47 133
16 81 141
59 74 54
31 123 208
202 149 163
70 253 214
86 157 171
178 162 28
152 30 58
192 77 57
40 165 134
188 76 167
39 222 12
141 82 31
9 154 79
189 92 173
123 113 150
141 211 69
187 221 106
201 119 192
69 69 174
89 91 100
77 54 228
80 228 122
204 203 77
181 127 237
204 91 115
2 16 252
47 47 174
86 193 76
45 173 217
180 176 230
134 154 186
237 56 36
107 128 46
91 60 122
140 235 206
95 203 245
237 118 136
83 26 84
201 209 141
241 247 252
4 237 184
70 178 223
91 34 170
87 181 127
242 249 41
163 104 82
31 106 55
247 24 169
235 74 46
79 101 229
19 255 39
173 13 138
134 255 7
214 221 97
157 245 97
50 103 253
11 196 169
220 183 249
225 95 15
218 176 40
15 0 154
248 122 119
114 104 164
74 28 94
140 34 161
207 205 54
34 85 129
233 231 133
66 172 133
59 147 190
121 141 144
44 4 193
35 248 234
104 70 166
40 198 127
128 182 45
201 19 99
104 90 141
178 177 220
92 9 112
246 224 248
109 178 59
74 26 197
163 170 37
42 54 27
131 105 29
113 63 157
13 67 233
211 76 152
167 7 178
112 193 64
196 151 2
205 26 243
244 227 175
175 36 4
49 176 4
251 255 184
145 142 179
80 249 223
108 10 114
164 29 141
43 166 46
193 44 49
112 32 85
245 219 157
0 142 162
102 98 7
109 31 116
247 235 90
200 95 153
37 227 135
233 41 67
13 105 179
62 29 55
83 198 218
21 126 249
237 175 151
32 251 158
148 22 245
236 151 221
98 106 68
42 32 127
75 124 20
138 118 117
56 117 237
129 156 162
212 113 153
183 150 53
159 247 252
148 14 159
135 148 6
32 28 185
111 95 136
237 179 186
63 102 135
140 98 114
197 252 143
244 103 44
221 109 209
136 162 52
13 251 183
143 227 119
253 29 103
28 116 247
76 154 248
72 110 124
253 42 59
237 214 43
132 28 158
19 101 142
141 140 0
48 31 213
221 200 168
254 245 246
189 80 119
171 194 168
27 8 52
223 23 234
148 138 220
89 57 241
182 217 164
254 53 98
139 89 61
184 132 206
54 44 71
50 39 181
38 220 130
65 107 196
140 196 50
85 119 89
92 195 194
245 239 72
161 232 213
6 20 0
45 253 197
46 101 10
219 128 94
174 178 90
167 225 138
106 23 217
109 32 39
233 56 142
5 29 158
182 246 195
22 80 10
30 125 7
75 47 69
254 108 20
179 108 185
70 132 210
37 242 6
24 62 131
100 196 87
88 199 189
30 215 209
237 104 1
223 89 165
184 103 37
88 93 8
26 93 214
144 161 143
181 158 206
2 86 62
98 29 56
52 252 225
210 48 227
1 224 184
198 85 139
245 72 57
108 198 185
204 102 114
185 86 184
134 85 9
249 102 12
201 244 223
232 101 2
32 186 252
3 5 136
17 31 152
185 230 18
243 4 227
160 198 246
238 180 34
219 231 3
177 184 66
73 202 57
91 142 34
220 58 196
18 231 83
255 173 8
225 233 206
252 246 242
192 178 11
94 219 194
62 178 182
25 19 136
194 251 209
249 0 99
121 135 235
77 102 69
72 223 214
63 46 15
249 153 187
40 7 238
192 209 151
227 245 209
205 70 49
94 59 113
67 2 242
118 138 223
19 20 213
105 50 62
91 56 159
113 228 236
164 10 119
190 164 99
123 139 2
91 171 133
55 55 37
237 154 226
4 33 240
8 175 104
31 45 215
179 147 171
231 186 113
211 21 175
192 23 230
24 183 26
51 223 107
54 80 121
53 93 56
9 156 126
255 41 253
71 159 66
241 105 126
51 113 132
131 81 85
112 101 189
49 182 64
170 16 190
30 122 216
122 5 187
206 138 227
202 12 208
178 28 208
135 137 224
174 38 17
128 66 36
193 192 152
35 123 148
114 135 32
117 3 94
162 219 127
67 14 98
135 59 149
174 79 197
191 16 224
115 205 34
148 58 190
244 228 148
216 103 249
54 218 208
253 45 190
210 236 64
156 45 97
79 103 138
97 198 121
243 47 92
89 98 49
55 201 232
242 154 247
158 169 251
99 196 76
225 153 113
209 162 89
181 158 151
190 103 76
56 78 53
133 100 117
185 248 94
225 152 250
231 76 197
170 77 128
56 23 30
63 192 170
34 167 79
94 46 228
1 100 16
140 67 116
212 60 59
105 35 141
254 34 128
122 216 139
200 108 56
136 230 133
215 50 167
94 209 93
82 84 72
76 211 46
117 58 132
47 110 47
73 125 220
34 193 252
75 77 29
108 91 216
155 126 18
189 255 55
48 50 119
188 36 29
73 38 58
8 108 79
41 252 215
252 101 160
158 248 254
230 68 17
251 33 29
70 69 209
57 219 241
96 96 200
101 245 236
19 229 164
19 127 23
239 217 18
172 49 34
28 69 220
96 114 160
81 84 45
234 6 17
34 99 63
248 227 206
231 183 213
88 155 224
19 32 85
240 246 2
141 81 87
219 189 37
47 96 39
228 31 213
26 99 130
191 34 29
8 78 118
134 181 165
228 234 197
247 199 29
35 137 238
18 32 16
87 52 182
171 98 31
199 244 89
158 203 103
26 192 21
20 236 255
118 245 179
9 184 72
164 15 224
179 200 151
35 91 90
69 99 181
99 130 72
138 91 223
165 236 17
235 87 93
188 17 17
226 221 139
107 168 63
156 7 227
0 190 121
158 244 217
234 79 208
146 133 32
65 241 186
143 62 228
96 48 148
44 90 192
149 47 81
182 216 174
101 234 112
255 206 133
104 94 111
116 173 34
194 61 163
254 169 68
43 186 253
83 115 125
65 248 254
95 103 164
200 237 251
212 24 69
241 72 51
75 76 226
66 196 164
78 189 127
0 160 6
99 107 144
130 3 107
22 51 254
194 44 97
213 212 8
189 179 63
48 237 218
129 180 36
133 175 149
201 39 162
130 132 147
175 42 91
158 73 195
222 80 48
194 140 138
217 23 211
71 235 90
21 28 77
174 229 28
246 157 5
32 23 31
60 118 14
166 4 223
83 228 218
223 161 147
141 78 217
252 170 35
55 84 81
5 125 15
95 37 20
161 47 163
62 79 224
133 31 14
66 16 1
124 39 126
175 52 232
156 252 79
214 114 233
106 227 16
50 125 93
59 220 210
78 13 155
162 205 40
220 61 129
176 103 13
233 159 66
159 226 229
121 69 145
106 69 74
150 199 223
155 209 132
128 172 73
176 175 9
191 95 196
225 246 167
63 19 236
166 174 120
185 182 219
231 127 160
73 134 228
44 81 90
199 22 25
183 246 203
35 23 138
140 97 3
195 99 104
242 95 180
244 127 28
155 81 228
147 41 147
30 216 213
210 80 24
5 169 22
204 242 53
18 58 170
191 126 53
165 153 225
92 122 73
172 12 217
131 146 241
38 159 204
247 247 15
142 165 109
228 29 165
185 5 131
198 84 241
78 78 220
110 139 202
224 207 255
35 152 128
203 221 251
55 87 32
126 102 58
113 98 222
170 9 79
22 109 181
125 78 254
249 233 225
178 79 180
25 121 7
42 196 159
52 178 214
36 161 180
154 211 121
12 56 112
95 190 252
214 100 247
133 158 176
95 120 25
196 2 221
112 73 224
139 29 163
97 217 46
224 106 72
74 13 162
69 209 209
1 197 117
232 76 97
204 11 67
201 48 55
123 60 111
26 166 77
116 107 107
11 241 52
205 51 116
199 107 167
127 220 43
239 79 58
21 66 46
48 87 216
14 137 203
250 154 66
177 70 23
172 178 72
170 79 5
42 1 85
128 61 111
217 182 2
63 207 100
62 10 161
11 47 35
94 32 98
7 4 36
16 80 61
214 125 114
4 101 126
255 70 255
189 50 162
148 84 78
139 230 255
111 92 147
14 183 199
233 122 105
134 21 11
133 165 34
20 63 27
113 92 23
153 144 134
95 55 98
242 188 233
224 86 45
50 76 156
78 131 163
168 173 240
94 15 88
30 127 81
3 91 150
80 210 80
99 215 72
161 102 22
147 98 50
101 52 87
100 144 237
44 228 74
221 165 161
146 100 179
119 95 200
133 67 131
236 188 132
203 253 52
67 40 7
148 132 161
245 174 252
62 129 247
57 123 77
242 146 153
111 21 212
251 87 252
25 150 228
71 68 210
250 216 253
222 147 22
90 44 226
57 128 153
169 205 121
239 114 126
105 61 196
211 203 242
184 63 164
73 57 219
15 112 183
221 97 92
219 149 85
118 186 141
221 107 204
37 152 188
40 202 171
24 96 62
75 233 45
247 74 81
34 101 248
100 96 33
92 15 255
91 127 73
7 56 86
43 226 219
150 134 239
98 17 192
83 182 250
23 51 42
159 1 180
53 237 169
191 146 152
119 49 238
171 145 66
172 50 87
4 22 152
95 254 126
148 65 2
247 27 137
59 249 70
191 167 111
8 111 55
37 6 245
173 177 177
168 58 140
147 6 253
224 53 224
252 221 60
223 198 188
38 152 218
163 52 225
196 227 245
55 118 4
36 175 236
217 114 49
18 34 127
28 192 93
225 80 110
28 243 243
0 132 218
180 174 48
53 170 225
44 209 91
217 63 92
145 14 231
23 139 71
221 119 180
56 85 151
204 83 18
209 122 190
126 155 165
150 83 233
213 164 101
12 184 30
238 139 120
3 228 126
171 131 203
232 74 59
49 199 1
130 231 133
104 226 156
98 220 91
100 84 97
165 11 202
100 29 156
214 230 43
212 6 46
0 195 140
225 173 73
232 75 178
175 215 12
46 11 199
114 225 193
14 18 232
199 254 72
94 228 44
211 135 106
205 149 114
195 25 79
66 44 79
53 78 246
184 174 3
213 107 107
12 239 96
166 14 252
171 46 32
216 53 70
59 197 241
233 54 146
184 211 76
58 164 159
88 69 180
63 240 23
138 197 228
162 223 172
107 34 88
131 114 179
93 47 96
114 88 31
183 190 169
116 50 232
224 253 248
162 107 60
43 33 175
1 104 28
159 255 56
135 47 34
204 8 135
101 207 211
255 253 214
101 187 57
30 171 198
139 25 250
105 204 15
78 252 205
236 90 39
193 214 252
217 149 47
208 140 160
1 34 161
185 229 219
199 28 118
255 238 161
191 159 196
102 35 248
252 166 231
110 170 81
238 158 232
85 24 107
155 241 208
105 46 19
0 209 230
39 150 58
174 21 116
116 73 96
120 2 140
192 184 207
162 232 46
220 160 12
245 185 188
142 234 1
151 81 150
36 242 182
9 151 232
9 101 252
137 6 117
159 147 221
28 142 171
190 209 191
103 198 176
241 229 159
191 220 50
182 47 92
255 54 113
183 161 144
204 154 188
17 234 252
117 192 118
156 231 66
54 240 97
246 218 56
54 26 14
221 173 103
245 67 146
14 12 133
206 173 154
97 162 229
224 62 106
17 215 180
177 220 55
243 34 0
151 219 220
228 218 20
185 99 251
218 56 23
201 218 184
95 3 247
191 91 105
230 32 169
7 76 44
9 155 59
77 97 230
185 93 88
252 75 199
93 194 145
29 103 80
88 207 53
43 56 163
109 96 83
252 244 189
129 37 170
39 97 236
97 232 119
124 204 89
56 135 37
108 25 104
171 186 196
43 249 2
38 81 99
223 188 56
51 104 114
255 197 11
209 73 94
216 79 45
70 164 153
31 83 61
142 238 245
251 221 103
229 120 107
251 209 202
182 86 224
98 66 128
243 165 67
59 136 8
159 216 226
197 131 218
118 103 228
166 213 73
210 83 19
238 89 250
18 112 213
37 63 41
3 39 181
53 74 213
178 161 214
30 48 201
125 116 239
241 233 115
1 56 10
178 205 89
139 190 71
178 88 205
55 60 245
39 17 105
135 34 18
200 182 171
87 26 56
134 95 37
105 90 147
232 100 57
214 47 240
88 102 135
207 211 179
211 78 224
35 102 173
166 115 112
37 152 73
194 210 78
246 77 167
6 207 44
154 93 194
124 66 17
149 26 62
75 21 10
240 155 213
133 250 237
71 187 167
80 167 144
207 11 171
37 64 135
72 66 80
126 43 117
204 121 25
98 174 0
2 126 90
209 35 106
114 163 128
200 211 57
79 168 123
23 75 57
169 165 22
39 87 75
10 100 12
11 161 21
101 149 211
156 2 137
56 84 21
72 182 171
147 221 185
15 4 77
2 228 241
136 183 125
200 75 51
45 107 96
174 146 66
145 16 131
137 222 119
214 111 25
170 101 68
14 82 107
112 103 108
3 74 145
217 180 130
82 113 54
220 134 184
193 194 52
185 36 186
126 123 88
234 186 18
172 101 160
18 83 126
167 213 91
229 30 49
21 78 162
176 59 133
33 121 120
101 27 35
55 131 72
69 93 217
237 231 165
15 137 75
223 248 220
107 143 193
202 137 209
23 85 45
14 203 111
172 254 253
216 178 58
239 229 154
8 31 203
244 116 249
212 25 115
190 38 53
186 116 133
118 81 42
208 200 206
215 40 9
130 203 163
66 137 153
96 168 174
192 6 185
29 120 168
45 202 116
138 245 110
118 104 240
139 159 98
181 212 78
61 11 206
3 140 27
8 189 185
139 119 179
199 14 16
130 42 40
202 45 228
6 90 107
74 187 194
98 41 193
136 89 32
50 182 111
98 132 231
228 35 157
11 74 22
199 237 124
131 166 160
149 228 118
129 37 155
245 36 167
169 15 99
169 44 79
57 126 195
182 190 140
14 48 213
29 187 75
227 155 21
87 214 216
240 203 142
154 135 36
136 69 100
5 131 131
252 48 112
128 145 107
98 57 66
206 3 91
186 77 105
182 45 201
83 26 137
157 94 151
157 236 170
75 60 70
230 80 151
83 16 147
158 191 14
211 76 120
38 162 9
124 246 107
40 151 117
74 48 144
77 74 111
153 33 31
136 186 63
199 107 134
15 46 229
187 71 245
249 109 132
235 181 5
239 148 100
217 16 247
219 225 220
17 48 0
202 142 11
181 87 153
252 26 23
128 87 115
169 3 150
39 90 80
110 73 185
20 157 162
103 230 233
117 191 196
176 68 6
237 8 77
15 228 79
5 190 47
205 33 191
1 123 142
157 238 47
216 102 185
131 196 237
14 226 240
58 133 118
124 5 215
240 136 23
133 66 208
204 27 212
233 90 215
8 11 198
53 78 216
85 66 248
224 15 17
30 218 42
107 14 63
154 152 55
97 191 243
46 216 133
68 101 193
117 237 59
162 21 31
121 228 220
99 249 248
22 19 137
182 152 13
215 169 224
107 176 147
251 159 51
150 9 217
16 154 139
132 146 125
85 155 215
137 40 108
142 149 97
0 91 199
81 19 223
189 158 26
65 92 227
59 26 38
98 252 211
144 55 48
157 2 133
94 159 239
5 48 64
186 69 202
239 127 159
174 218 206
247 189 231
228 37 14
135 87 182
162 28 62
228 253 227
171 119 228
24 53 139
3 167 254
109 120 98
60 154 159
171 143 163
36 101 59
195 177 254
148 120 46
73 54 126
253 148 18
94 25 171
45 155 34
62 188 51
10 172 238
64 110 123
240 251 240
252 109 50
208 181 249
111 123 249
185 149 210
251 56 59
123 0 235
190 252 101
63 113 248
224 39 46
228 76 156
85 39 18
166 28 111
4 178 56
144 38 22
51 197 139
31 45 213
50 52 49
203 190 98
113 17 123
92 81 136
175 69 42
131 199 150
108 104 240
76 84 204
232 99 145
85 229 168
60 207 53
204 37 215
145 156 53
206 66 226
204 76 243
84 190 11
1 181 243
139 52 112
152 98 206
50 92 193
51 139 77
17 61 167
59 173 197
150 62 228
165 93 239
119 150 240
181 234 56
19 7 86
206 55 170
177 41 145
253 115 235
155 59 65
45 55 170
11 56 97
48 202 174
142 163 48
241 72 93
217 225 111
235 223 245
167 129 48
40 122 55
170 184 97
168 102 185
91 93 30
161 71 242
248 136 146
0 53 218
160 247 132
70 117 125
254 102 217
19 158 142
99 131 208
250 220 136
39 44 25
208 141 162
143 255 67
130 46 53
9 20 202
149 200 234
64 174 198
171 70 71
67 148 64
244 176 228
201 132 62
188 142 146
0 97 177
59 23 82
57 94 232
159 16 68
248 20 87
1 203 86
1 47 66
21 106 81
221 120 123
63 221 185
164 140 121
133 12 231
199 192 55
5 55 130
179 21 173
20 251 222
97 11 63
0 0 0
