30 176 89
116 97 114
111 81 189
103 165 225
22 145 60
55 226 73
100 177 246
156 36 17
149 65 12
120 171 136
162 190 82
211 13 163
250 125 30
183 214 95
182 190 251
69 149 31
239 45 86
54 206 96
245 247 25
115 235 132
148 152 183
45 199 191
157 164 246
27 101 115
151 233 238
52 166 224
226 177 114
23 115 197
45 231 54
202 168 144
0 70 207
159 94 99
105 143 121
116 8 151
187 247 116
155 63 140
144 224 84
45 35 100
156 227 89
80 235 239
183 0 204
126 153 169
252 17 31
144 133 232
148 151 214
129 47 252
112 155 22
242 80 108
17 25 179
84 74 92
135 138 61
72 226 50
46 229 117
144 209 149
145 200 143
2 34 207
188 186 22
93 55 149
159 116 90
94 86 47
100 203 151
87 164 18
61 55 215
99 42 24
188 191 239
60 60 20
199 162 70
11 247 27
120 212 76
26 234 171
13 175 224
127 60 187
246 232 98
219 112 251
119 254 75
177 253 32
147 150 226
151 176 187
13 135 145
200 19 190
237 82 107
50 235 202
131 127 174
227 222 94
93 110 154
82 224 252
143 162 131
197 235 5
255 69 44
68 3 104
168 94 84
24 40 46
79 221 68
122 26 250
89 169 165
97 190 73
221 241 84
187 253 250
204 108 178
221 94 143
255 232 153
239 80 85
177 196 62
91 195 251
43 110 15
43 152 252
202 153 158
247 33 6
97 128 186
168 241 183
182 56 81
190 118 201
101 49 171
17 170 149
195 51 83
147 130 157
175 99 202
208 16 33
238 80 99
111 84 210
108 187 225
136 117 164
254 78 46
63 180 160
224 124 50
198 136 246
146 82 22
67 44 188
125 2 62
168 174 105
67 62 153
128 85 43
233 150 168
104 38 216
90 242 241
219 74 7
226 62 43
34 193 195
240 15 113
79 27 253
217 143 115
57 194 29
44 238 171
160 230 51
242 83 97
61 168 146
152 254 36
254 139 77
158 12 211
205 206 189
211 87 142
207 176 36
40 172 94
192 51 136
175 44 163
248 81 131
90 126 23
77 22 186
202 97 191
244 207 184
52 20 88
35 156 107
192 73 6
245 111 225
148 149 211
161 235 213
238 100 247
64 197 119
120 71 1
102 220 240
74 36 36
153 204 61
150 125 70
219 133 203
44 227 120
186 61 176
61 122 19
4 145 69
207 116 78
145 170 34
216 150 138
219 94 12
187 218 146
248 109 75
251 65 24
159 185 202
137 163 252
224 26 80
182 8 94
219 136 100
195 245 240
94 40 44
12 209 11
3 98 139
22 106 122
11 199 246
10 108 125
82 135 28
201 157 28
19 147 40
184 36 63
119 221 1
130 111 157
195 214 139
106 142 93
142 91 26
167 118 149
188 255 29
131 64 82
61 81 73
164 161 45
249 97 198
143 99 128
96 175 124
72 168 45
132 98 249
46 193 118
102 247 238
109 224 156
94 181 50
254 214 90
40 124 120
90 81 141
183 174 212
42 75 156
100 101 133
10 44 243
166 199 245
172 73 165
234 91 197
184 38 94
96 211 156
23 13 3
17 201 219
77 214 179
90 224 240
84 78 78
185 149 63
92 76 147
221 178 159
125 222 223
252 154 215
70 54 165
35 143 241
218 63 123
51 252 227
132 23 132
188 169 24
54 173 160
204 99 176
77 246 84
92 235 28
123 138 172
116 150 68
5 183 12
223 105 143
78 81 29
85 70 28
116 185 206
82 172 73
159 177 184
254 189 169
144 228 95
151 18 87
44 41 92
220 56 34
165 171 125
152 196 218
88 187 46
173 85 232
79 136 5
129 225 66
108 198 173
20 79 10
66 247 123
164 16 75
93 130 114
171 159 39
1 135 169
47 120 158
246 211 210
52 135 123
127 161 228
223 192 210
244 142 149
51 68 251
210 25 198
234 54 226
44 30 185
110 213 71
21 88 247
161 231 245
76 43 245
148 216 106
183 49 19
123 248 254
204 236 209
217 38 61
47 244 70
52 203 198
92 140 109
138 164 46
142 168 242
85 163 1
221 234 14
150 252 125
5 171 3
13 157 146
124 135 54
130 237 68
221 191 59
225 103 224
106 155 251
198 159 207
235 159 126
65 189 147
203 172 201
130 230 210
253 90 61
18 9 11
120 109 232
137 59 246
232 232 254
206 206 87
117 192 228
14 72 120
102 184 36
219 194 43
7 59 239
104 113 231
155 196 31
173 100 12
73 72 186
33 240 71
29 15 146
156 74 105
86 153 176
24 12 74
27 251 184
176 70 147
161 42 111
161 176 158
199 22 131
93 19 184
32 31 72
221 118 226
77 106 182
46 89 53
202 0 241
130 138 59
120 170 191
252 91 184
182 39 209
156 188 242
251 250 254
180 76 154
153 54 202
152 7 138
9 93 201
55 67 180
150 164 41
106 86 196
54 168 172
72 78 96
254 177 103
59 232 141
33 126 70
198 130 3
90 66 238
62 53 33
11 69 172
202 224 14
86 45 249
9 5 167
252 55 41
13 138 148
71 248 181
75 61 230
217 97 157
169 232 31
2 62 66
203 100 171
52 126 201
66 118 244
202 135 187
90 59 112
7 252 6
35 248 96
17 176 225
230 132 128
32 145 175
33 183 217
103 62 112
78 216 5
113 132 9
99 245 36
16 22 43
150 221 111
215 16 232
95 235 137
68 202 22
180 240 172
195 107 49
214 217 123
143 229 248
145 194 111
142 178 122
221 70 157
159 232 92
28 87 110
217 71 70
77 6 168
139 168 201
138 199 87
196 3 84
42 85 11
4 72 221
191 187 101
34 29 121
158 229 228
144 160 155
85 172 132
168 173 157
34 153 71
115 210 182
140 147 200
131 103 26
1 61 175
141 201 200
199 107 103
97 102 229
138 67 246
40 153 27
110 24 149
231 211 16
227 65 177
194 59 204
93 123 4
210 12 163
189 186 229
70 140 178
137 99 244
155 254 160
64 32 226
79 103 230
81 132 199
240 238 20
212 103 33
115 39 144
66 223 195
9 50 213
239 29 195
169 32 132
90 100 144
130 216 239
178 156 184
198 136 84
117 88 16
253 68 56
73 145 79
52 213 181
160 222 144
201 38 131
2 74 221
60 102 0
169 22 39
172 37 148
249 100 253
253 217 79
137 5 227
126 67 197
20 37 112
133 233 179
215 180 187
125 38 122
118 61 199
103 254 76
122 179 119
94 100 40
194 255 0
45 115 210
43 93 65
7 55 159
39 195 12
175 233 5
95 244 52
114 77 7
255 157 97
154 135 212
246 123 157
151 103 192
255 68 108
75 83 26
202 212 245
89 156 205
170 120 0
70 237 234
226 26 34
98 124 19
32 80 34
27 53 15
68 182 41
170 137 146
176 211 57
240 168 45
78 158 234
166 206 76
63 185 175
103 98 77
18 42 139
123 112 27
6 75 27
119 63 161
118 234 90
150 104 214
75 220 73
127 26 230
190 106 156
173 216 160
126 92 108
181 233 70
77 69 243
181 130 120
5 25 20
183 143 147
76 6 57
101 60 123
211 152 107
114 87 144
253 53 247
182 132 57
37 255 172
27 77 167
123 137 203
4 45 220
168 197 8
117 0 181
177 43 217
45 8 89
175 10 91
148 142 237
33 70 111
210 52 118
220 39 156
99 136 210
222 96 127
194 63 22
92 229 38
181 205 56
228 101 219
175 215 86
209 156 225
186 5 90
230 149 108
82 160 223
53 218 43
74 105 160
154 214 129
21 93 207
217 164 151
226 183 180
103 197 152
102 181 115
4 194 212
119 212 161
155 208 83
100 203 126
145 145 106
245 254 244
57 37 95
180 178 58
44 48 217
52 180 68
10 124 252
252 163 185
143 60 154
123 59 217
74 146 238
161 134 207
160 166 143
237 157 164
70 206 248
167 227 176
207 66 23
120 241 135
215 142 8
43 216 158
144 145 98
48 243 161
92 28 230
23 130 181
20 222 235
186 119 91
112 86 78
123 209 2
192 167 178
20 20 180
213 96 60
33 240 214
32 234 254
86 208 184
24 219 211
35 251 233
212 179 241
118 53 236
164 28 195
242 236 102
153 44 255
202 163 183
13 155 28
105 48 125
131 51 159
214 208 1
8 163 65
36 105 180
43 75 92
56 107 226
127 193 206
8 38 242
70 27 5
17 89 217
152 99 130
40 115 19
196 140 84
199 231 152
72 196 102
68 22 97
240 234 209
5 229 180
12 230 247
50 77 190
183 225 148
34 193 0
75 109 128
234 46 141
220 140 38
128 145 6
150 132 219
151 207 251
152 104 13
244 165 128
52 255 79
200 217 213
223 198 94
137 4 208
83 141 11
126 189 151
62 134 217
204 86 72
13 173 7
221 225 19
38 239 238
87 165 106
116 128 35
13 143 169
99 31 213
99 81 225
250 48 112
61 163 0
234 182 24
151 104 116
96 92 222
59 61 22
198 232 231
1 186 9
139 208 66
211 72 197
179 177 220
116 121 5
33 208 109
188 146 125
207 55 216
88 27 46
64 120 180
2 192 177
20 166 148
168 139 210
189 142 16
186 72 68
239 92 245
233 121 195
207 220 98
133 108 31
74 140 48
187 126 75
227 141 155
124 196 253
179 205 100
101 69 28
149 76 213
210 158 125
230 1 253
4 196 211
102 242 156
254 237 145
99 88 65
113 129 3
197 115 123
212 190 14
216 132 190
158 9 12
35 236 38
89 8 11
47 147 27
232 131 73
108 135 205
87 25 85
197 70 134
238 231 57
187 191 57
4 174 224
158 12 133
97 102 254
43 178 19
220 116 230
5 230 121
107 87 56
40 215 218
199 89 20
211 160 100
124 30 163
185 247 39
178 9 240
85 110 43
7 34 113
255 51 90
52 165 233
223 145 215
255 100 234
10 221 57
156 16 46
43 140 69
9 164 24
37 175 195
6 34 102
37 167 72
149 208 18
191 233 32
168 72 109
1 68 161
69 111 216
97 82 192
146 109 24
27 11 136
157 88 194
216 153 252
250 190 179
92 217 29
221 135 242
29 192 138
83 145 143
155 147 76
205 239 3
105 18 62
53 139 12
200 177 124
117 107 28
13 31 5
36 207 203
208 169 199
65 111 51
117 78 58
226 148 132
193 141 204
42 57 122
195 111 212
46 239 227
63 129 135
100 7 243
53 31 209
144 132 199
99 39 178
106 249 204
214 255 88
90 86 23
153 31 164
236 149 185
207 191 125
172 69 31
25 109 160
240 15 116
246 179 229
204 25 23
104 125 22
221 104 63
236 209 17
82 135 151
153 105 237
206 179 207
13 247 144
56 213 4
117 215 202
95 78 55
233 169 99
106 227 38
33 74 194
140 170 120
133 234 83
4 137 43
32 209 4
20 124 89
213 115 210
117 56 216
59 160 17
127 161 103
58 235 198
231 248 46
110 251 171
182 84 107
50 161 185
104 177 126
244 201 138
143 42 206
167 229 51
178 150 120
158 226 227
111 99 73
219 155 99
6 194 124
218 13 212
51 186 55
98 150 116
95 53 239
96 214 247
101 92 21
197 172 144
99 127 87
83 128 20
134 7 143
162 23 102
49 79 160
231 254 59
13 186 3
219 22 170
60 84 190
3 140 13
166 127 136
226 158 40
45 174 191
186 144 196
80 25 178
208 229 78
217 186 249
121 196 108
113 167 94
223 246 146
58 193 218
51 102 43
241 234 225
109 241 167
82 199 225
78 227 63
237 96 65
236 36 34
216 53 157
16 192 49
132 201 128
249 178 85
181 96 96
93 121 252
48 182 207
198 210 103
56 59 173
6 57 71
103 7 164
39 27 83
35 234 113
71 145 92
55 59 52
76 213 199
159 26 56
165 193 51
53 120 129
147 54 188
133 40 221
24 86 85
109 165 125
174 249 113
25 111 22
177 124 77
27 225 54
171 95 133
73 145 42
117 39 211
57 82 93
248 253 174
100 10 126
14 114 252
83 225 119
109 119 33
98 69 101
113 133 182
236 173 43
88 157 222
15 222 174
195 169 219
42 24 118
204 188 248
180 34 84
24 137 19
94 237 202
27 38 42
155 221 248
133 208 103
94 51 41
41 245 176
173 162 39
114 134 174
14 249 92
142 191 36
142 98 38
165 78 39
91 197 98
124 106 219
7 0 105
80 50 93
228 123 73
115 39 168
74 87 45
223 103 85
204 112 156
160 105 45
85 233 223
55 254 252
83 181 149
127 79 55
107 31 84
108 131 98
192 86 223
115 80 220
255 225 113
245 154 78
58 57 108
218 87 142
13 217 90
18 184 211
179 38 163
68 92 72
32 137 230
209 125 22
133 163 224
51 25 47
132 70 212
121 47 141
242 228 150
61 55 50
48 231 191
142 190 161
113 26 16
42 60 152
19 183 239
119 217 109
92 174 171
163 176 176
66 41 204
178 28 190
20 99 81
62 225 48
114 205 225
128 57 78
250 137 97
196 46 113
76 168 139
82 183 177
74 38 188
35 23 183
211 29 115
34 250 254
14 191 216
246 139 228
69 215 80
130 114 124
166 71 142
40 95 89
46 81 119
164 6 24
189 116 189
205 230 206
184 125 187
254 222 183
159 114 176
110 98 117
87 3 26
184 176 148
31 25 13
185 115 105
124 148 54
178 209 204
104 44 185
182 27 207
22 215 102
16 9 31
243 186 185
156 20 150
75 141 49
109 215 60
63 134 195
227 248 249
99 53 62
50 138 133
231 184 5
113 59 38
63 160 233
189 21 56
9 91 7
240 34 38
135 218 164
207 217 148
176 234 251
196 40 220
82 124 93
13 179 155
24 200 67
183 250 101
227 97 67
13 219 181
109 219 147
126 49 111
38 116 215
17 204 78
108 162 151
235 243 29
250 255 6
190 144 101
113 248 230
195 6 93
214 199 159
186 59 139
197 51 206
175 75 219
18 44 20
184 58 50
117 109 12
127 221 8
217 209 113
51 217 91
104 213 187
251 190 129
246 102 255
94 129 196
157 118 3
19 104 121
161 124 158
241 1 79
255 1 193
137 31 112
120 214 148
197 241 106
193 223 22
171 66 6
125 216 179
199 255 55
221 220 151
33 23 52
244 116 27
26 142 143
205 55 39
88 62 50
198 52 156
37 50 13
20 128 106
177 249 145
188 69 32
6 248 208
116 14 184
225 199 203
208 218 50
249 184 16
139 161 18
150 225 221
105 102 136
67 105 223
235 198 178
87 201 80
117 71 190
67 170 199
104 228 232
169 34 114
120 87 169
98 110 13
251 22 206
156 229 128
220 162 230
14 221 31
113 248 129
207 124 150
134 220 100
145 116 61
25 139 61
156 150 21
28 204 158
152 227 231
49 63 28
134 198 122
245 178 88
83 153 154
143 233 185
152 130 108
213 172 116
76 202 169
44 100 120
153 21 114
121 199 227
204 191 125
111 112 130
231 211 229
105 152 79
177 1 195
121 220 178
164 40 206
120 92 127
168 220 9
26 105 144
215 176 80
150 235 200
146 113 239
58 122 193
136 231 224
187 170 64
99 126 101
59 11 37
198 150 139
189 152 169
201 29 150
147 125 158
120 121 31
38 203 133
77 18 10
227 36 49
25 15 39
189 69 204
206 168 58
10 231 18
10 255 48
1 31 41
10 217 125
7 176 144
234 98 179
56 19 61
96 36 105
152 45 43
215 197 194
41 112 50
128 241 53
161 180 240
251 174 10
247 176 1
222 124 128
230 82 33
3 123 193
61 99 28
169 221 110
185 142 19
216 31 231
237 132 243
200 152 150
34 201 97
19 191 209
169 161 253
53 207 168
167 51 159
232 244 114
215 164 32
184 51 180
142 232 189
249 71 96
186 237 167
74 40 90
63 189 123
144 22 44
105 19 34
102 1 103
78 243 217
26 151 138
247 109 102
221 242 24
13 213 216
103 69 159
104 154 213
153 135 216
125 195 74
97 81 130
158 195 228
204 170 103
208 22 227
144 141 236
51 104 130
43 96 142
94 83 54
12 48 72
195 73 226
181 59 162
227 49 219
180 197 60
240 168 59
179 245 217
160 3 202
55 42 67
1 154 223
98 85 202
203 77 130
12 161 142
73 82 28
239 23 119
115 181 107
101 204 45
160 44 93
202 214 103
209 90 153
156 190 37
245 107 252
252 239 27
247 147 140
90 189 49
9 37 239
93 197 130
254 16 101
184 196 117
0 184 210
150 146 135
248 140 218
214 159 90
108 108 97
186 70 229
35 29 157
39 222 114
75 184 214
226 46 135
18 250 191
152 140 250
152 144 19
211 54 158
128 175 144
86 147 53
241 213 251
105 139 220
140 213 93
153 170 92
230 80 123
157 15 14
94 99 194
222 194 224
147 171 153
182 210 42
195 44 253
34 140 194
153 162 82
165 128 229
189 235 119
64 146 211
79 225 248
22 199 8
150 149 2
106 159 95
147 152 250
117 94 162
180 253 22
164 117 45
192 180 121
13 105 52
245 38 52
3 174 186
29 187 80
133 14 206
120 177 147
254 91 126
253 146 179
56 35 128
201 208 0
131 215 11
86 210 126
202 47 156
43 191 249
234 62 57
115 51 159
180 243 233
236 147 131
14 142 56
132 170 180
214 196 26
28 15 203
145 244 231
95 52 20
41 155 102
250 164 123
136 38 242
117 115 127
237 175 198
210 188 46
104 97 30
214 126 232
180 35 159
134 248 173
212 179 226
120 179 236
24 21 62
49 20 33
242 166 133
95 187 134
22 89 161
59 51 130
188 47 17
34 120 234
177 32 76
178 2 216
158 14 153
227 9 229
194 118 194
170 240 87
87 120 10
212 221 29
22 207 113
228 76 36
3 216 123
61 37 94
132 105 206
181 43 193
234 30 96
94 222 123
111 226 232
31 79 163
87 162 28
247 142 2
224 246 96
130 18 72
174 4 66
112 241 175
245 144 196
115 200 101
214 78 164
221 205 194
46 41 193
159 49 213
253 127 10
79 177 246
84 223 213
105 117 18
87 247 112
188 22 142
164 105 200
99 206 136
73 117 8
160 61 220
61 85 107
181 74 83
174 207 133
250 207 124
235 62 136
215 0 183
229 173 112
162 201 173
22 179 55
163 174 48
29 113 150
86 200 94
120 14 141
221 255 104
114 52 136
17 130 203
7 92 250
29 202 138
221 145 140
241 69 51
225 77 57
90 143 110
77 180 44
41 46 107
5 118 238
38 212 133
130 206 213
150 36 196
246 250 89
189 232 77
242 121 6
124 12 149
97 103 236
62 107 246
214 197 51
68 86 114
197 62 203
60 146 187
241 235 253
71 32 3
85 168 26
105 177 236
12 39 19
118 199 19
119 201 37
213 72 251
213 25 181
53 190 168
254 225 71
47 91 211
112 47 37
173 40 138
30 185 104
240 67 215
43 143 254
161 203 236
227 11 185
173 1 182
209 65 33
39 57 139
195 113 148
94 52 5
59 122 2
150 62 216
155 99 116
35 117 158
56 125 140
123 121 160
43 38 22
21 191 130
54 33 142
44 149 167
206 28 160
22 167 63
199 214 1
193 3 249
184 91 247
79 71 111
190 226 167
33 97 13
173 150 182
115 170 213
175 141 5
246 192 194
191 235 40
109 220 16
64 187 227
27 242 120
254 8 145
140 189 213
36 16 190
199 211 99
151 230 7
255 246 183
232 248 8
63 43 254
16 217 11
99 25 62
0 213 9
143 62 164
156 104 123
96 137 64
198 172 186
215 52 22
160 3 26
182 174 84
170 107 200
64 167 61
34 78 196
81 138 92
45 43 70
163 196 254
200 140 107
45 126 136
19 190 60
17 167 166
143 47 10
231 217 174
140 186 143
118 28 63
141 250 92
49 103 87
84 171 128
154 158 196
165 190 239
161 204 34
32 216 40
227 141 66
188 20 98
137 226 185
92 242 189
129 183 130
91 13 191
168 22 110
69 190 184
28 146 125
85 55 53
171 152 81
212 3 172
81 135 104
58 249 221
46 36 204
193 194 230
254 206 135
149 209 91
190 218 53
118 142 189
21 219 243
76 234 244
81 15 201
217 254 54
40 234 155
97 247 82
228 36 3
222 38 194
8 69 25
50 140 66
225 246 151
158 95 121
169 29 63
27 6 153
49 226 114
20 138 181
223 205 243
244 234 217
14 183 5
131 165 237
166 62 247
61 14 97
227 66 222
192 6 56
131 181 124
138 250 45
222 159 15
137 130 231
164 79 235
122 80 35
57 200 121
139 42 56
140 41 229
114 139 148
130 88 111
158 72 142
217 89 111
123 15 84
118 161 44
117 112 135
28 56 81
98 142 150
217 91 185
0 27 52
118 174 106
170 255 34
229 5 183
146 16 186
91 71 151
103 79 22
37 157 115
120 182 60
118 54 203
222 135 58
24 92 168
103 181 146
63 33 11
22 250 6
83 96 10
214 223 113
250 8 149
145 51 20
12 29 40
239 212 205
230 9 22
210 76 150
66 34 106
137 31 153
214 74 20
43 47 174
226 180 120
70 246 54
74 134 34
12 2 2
225 156 167
33 13 152
35 139 39
150 87 25
247 5 27
123 223 201
255 108 234
20 21 156
204 82 188
104 127 178
98 27 47
166 160 10
97 255 213
206 210 6
193 13 62
198 253 80
57 142 60
107 18 101
91 217 246
175 153 137
30 6 176
181 88 118
191 17 229
45 53 98
161 104 214
159 251 215
97 133 203
222 81 137
90 129 211
159 96 28
171 2 67
130 175 80
53 220 251
200 229 229
219 179 175
202 110 113
140 206 60
54 222 13
63 118 231
83 2 253
72 7 49
115 65 36
78 126 189
213 71 103
150 244 197
124 80 4
50 83 38
80 201 42
232 144 177
227 72 170
100 90 36
84 2 158
66 226 178
90 97 23
129 129 19
0 229 250
193 197 42
198 77 59
167 221 49
40 11 2
50 227 56
223 13 168
73 197 56
239 169 231
1 71 53
221 56 156
241 138 101
234 72 228
8 151 5
233 38 12
181 130 20
235 106 178
247 111 178
89 93 173
253 70 249
22 112 71
150 171 140
158 105 109
79 89 96
97 118 223
113 249 6
238 92 105
169 219 205
238 175 124
29 236 47
237 123 161
163 221 226
208 30 239
219 184 132
79 199 5
125 187 33
114 5 119
184 82 252
163 155 91
138 34 207
127 37 43
137 180 34
227 107 45
62 246 29
101 136 159
177 42 4
156 167 157
246 21 164
54 173 230
9 121 122
147 2 232
251 254 66
35 78 107
85 177 160
20 107 252
99 113 130
110 148 114
112 11 167
173 146 135
9 119 127
34 29 2
79 70 86
196 180 30
171 247 204
142 54 241
67 147 211
86 46 155
47 144 193
223 92 168
118 4 136
211 200 217
109 199 59
209 187 190
65 195 253
119 40 216
167 166 250
15 207 205
117 19 113
129 132 176
184 76 106
26 244 185
234 34 201
135 173 163
88 42 78
243 85 135
24 139 227
62 136 93
157 54 90
130 119 219
50 65 96
56 17 124
110 121 29
1 229 218
67 50 39
195 173 2
252 200 105
97 10 127
100 157 162
225 39 7
137 245 189
154 186 147
234 251 202
0 48 170
42 80 35
39 86 230
78 65 156
93 13 115
7 26 146
159 248 49
120 2 56
13 196 137
51 201 118
216 3 100
69 102 205
21 3 87
197 52 19
33 129 159
125 24 38
25 160 33
210 16 118
175 15 40
230 255 139
147 78 164
58 100 84
204 205 92
148 57 175
189 165 223
191 250 123
238 32 161
233 67 104
133 202 251
221 109 184
62 70 156
145 78 0
18 227 124
240 188 15
242 169 36
32 121 183
156 218 188
232 49 4
34 7 142
143 228 5
160 12 122
234 116 136
40 70 162
66 245 152
69 243 86
255 145 85
28 241 177
178 96 27
154 51 105
98 8 207
90 175 17
200 251 238
108 223 117
79 122 238
144 197 154
163 64 209
253 66 4
234 218 82
9 174 34
217 190 64
201 171 251
208 50 56
23 211 56
251 188 33
247 121 192
218 46 156
22 115 140
243 20 196
123 65 215
40 138 146
150 162 61
7 143 189
116 160 134
101 37 220
74 98 230
154 83 89
88 136 146
146 211 117
138 237 251
40 107 56
223 241 5
69 239 99
112 6 182
128 171 81
43 16 219
187 148 62
66 224 6
17 190 150
117 200 3
155 182 41
36 16 71
142 219 141
100 167 184
209 136 129
106 27 27
73 216 186
229 75 170
0 112 9
127 76 15
215 30 251
235 24 186
76 166 168
184 2 81
185 101 78
4 133 171
131 235 248
221 94 222
164 9 252
250 94 249
123 74 64
198 193 11
254 210 14
203 250 155
253 176 140
97 121 105
223 152 11
70 175 211
97 190 181
134 155 140
230 137 195
64 164 115
101 130 3
87 82 152
251 103 92
152 151 21
237 155 153
77 168 173
31 21 63
28 216 83
49 161 34
253 237 252
181 39 20
84 12 14
218 129 106
35 163 135
41 67 47
178 178 160
125 37 100
230 151 54
97 132 54
75 190 255
231 25 14
21 200 199
59 174 239
43 188 52
72 230 245
227 102 190
239 58 20
163 215 46
105 76 228
60 209 226
84 38 65
247 229 251
2 188 54
48 9 233
165 240 163
98 203 131
59 44 132
115 164 4
44 225 192
127 233 0
87 110 49
160 47 51
170 120 165
173 75 113
247 40 49
80 9 165
166 7 227
135 154 98
45 33 105
145 40 133
151 54 38
15 208 232
220 245 78
45 191 138
0 83 209
186 217 43
115 152 216
205 114 181
233 237 84
53 229 0
173 208 188
15 156 182
90 237 133
229 71 117
51 129 219
212 163 85
31 26 43
186 55 43
73 246 177
189 107 205
225 37 231
14 214 218
172 66 82
161 225 32
147 201 195
77 0 84
80 129 130
110 79 74
168 140 19
202 45 190
203 255 250
85 174 110
118 141 6
194 95 177
112 225 187
79 93 135
249 55 103
180 141 112
41 211 51
113 249 242
198 211 243
251 230 161
47 141 233
252 188 2
146 18 106
220 120 238
120 136 165
145 42 77
232 71 120
89 184 2
234 17 255
40 4 157
69 41 46
151 137 124
11 101 231
8 80 208
248 154 22
201 48 182
126 69 191
229 77 22
208 213 18
40 12 59
40 6 10
11 115 168
132 49 232
111 51 200
203 9 185
97 248 30
253 44 186
206 146 45
55 207 9
63 134 65
110 25 73
61 159 42
239 175 84
35 101 47
80 241 129
177 211 235
227 213 205
0 40 217
125 228 106
85 111 250
64 232 233
75 149 147
181 31 199
232 111 98
127 201 140
82 140 192
100 195 23
47 105 101
126 6 214
39 233 89
228 6 141
139 197 187
145 150 93
83 189 21
208 1 235
225 204 84
66 19 107
6 234 104
161 250 136
11 0 187
109 195 249
137 14 197
212 67 225
64 226 99
95 5 165
83 122 52
23 178 114
93 9 24
233 211 76
62 202 156
147 118 68
189 108 75
140 62 116
103 121 188
128 70 126
85 5 199
159 215 31
167 185 189
180 145 71
6 241 110
25 19 132
249 190 70
77 177 81
105 152 16
254 36 170
196 218 172
54 82 125
151 88 42
177 68 227
165 194 252
86 196 118
251 134 110
55 97 190
65 55 226
141 213 41
121 91 88
152 21 102
18 4 194
199 63 188
65 24 124
225 149 146
80 83 249
89 254 137
162 118 40
2 82 22
6 99 214
21 196 235
199 147 143
12 65 170
39 200 151
29 0 40
36 241 206
85 246 247
228 169 244
47 197 183
213 249 10
116 38 35
147 128 42
135 41 255
206 173 185
70 180 81
213 57 139
178 253 168
175 236 200
24 4 239
238 54 87
143 4 4
84 0 63
229 63 255
80 225 68
228 67 13
50 121 84
56 60 162
22 158 125
143 17 54
0 126 220
203 76 56
215 220 115
149 40 37
177 82 205
142 158 69
178 33 247
105 192 234
191 39 30
156 133 187
113 92 179
45 55 195
53 14 243
199 135 180
167 209 53
241 120 240
8 84 248
46 164 95
121 141 149
2 40 161
175 194 250
151 13 39
212 231 212
215 253 175
150 92 41
182 89 207
164 145 200
85 18 131
46 158 217
230 136 206
191 70 221
226 60 137
51 115 9
49 111 46
221 62 219
47 61 172
161 164 192
150 253 205
160 125 148
60 60 85
162 89 190
200 139 214
159 27 214
96 208 230
121 242 165
109 233 129
231 251 101
79 230 134
158 24 6
236 188 86
166 182 188
232 3 165
200 223 140
125 38 155
104 97 166
147 74 196
50 94 250
83 211 194
46 32 69
218 143 158
188 173 23
132 245 253
233 247 164
137 126 165
138 36 95
176 138 11
236 168 80
176 118 104
17 195 12
234 183 50
14 230 85
17 0 187
82 85 216
115 178 152
24 237 143
108 235 202
66 155 157
214 102 212
60 131 61
251 100 254
149 232 156
188 228 9
146 132 76
44 172 84
58 53 110
9 108 71
188 177 98
167 102 55
46 158 242
20 224 254
252 115 69
105 76 38
82 89 31
63 198 169
99 216 225
215 127 135
83 240 1
125 41 53
245 134 112
78 90 13
70 171 238
126 196 252
196 103 153
100 164 146
195 121 35
69 252 162
181 155 53
173 29 39
138 226 209
103 124 183
19 109 32
157 201 64
141 242 21
22 173 20
237 60 97
134 199 251
199 192 56
164 14 31
42 211 216
143 245 91
144 199 227
229 65 97
38 208 242
192 99 46
2 148 150
52 250 167
208 42 166
15 117 43
240 99 94
84 59 35
164 36 19
106 1 214
72 156 239
5 38 32
5 244 206
111 188 45
220 212 23
51 227 51
224 54 229
132 23 156
90 203 168
195 88 50
42 186 31
194 70 39
123 30 77
61 235 118
131 131 104
229 117 152
232 16 212
204 62 237
37 41 143
206 81 249
181 210 201
118 195 164
125 197 114
246 174 229
220 98 150
106 168 237
191 157 149
91 215 200
74 106 195
75 201 137
182 87 130
29 37 123
68 6 226
49 4 175
116 184 91
106 216 254
201 176 46
110 129 200
74 73 150
103 108 88
245 38 161
224 19 248
165 162 48
0 245 252
108 216 174
188 50 194
176 146 68
70 179 193
204 98 235
11 93 173
190 94 186
178 171 217
79 84 209
96 232 238
233 49 18
54 77 23
88 80 112
67 230 196
10 50 165
153 210 224
54 20 58
243 220 230
17 131 14
130 192 124
50 38 230
27 79 94
29 150 201
188 47 129
148 42 153
38 17 146
204 98 54
128 79 13
100 151 9
30 198 116
210 101 72
121 139 37
20 100 191
50 33 168
83 112 197
145 164 59
56 6 143
135 178 98
51 134 153
73 83 4
20 194 69
228 193 254
227 47 84
140 164 2
16 166 28
46 67 50
175 196 191
181 205 230
239 11 248
129 236 173
16 90 213
158 231 126
102 228 74
170 121 22
45 209 58
237 1 172
172 110 198
241 212 110
45 238 121
246 109 201
104 201 212
95 219 155
130 119 159
43 168 212
239 48 215
65 144 104
252 18 26
212 219 86
45 127 170
196 157 250
210 77 226
67 145 202
56 120 74
35 118 212
121 17 207
22 56 230
6 231 134
156 31 243
192 31 72
16 107 223
215 48 143
34 108 32
239 238 162
135 180 219
161 179 102
242 125 48
198 39 123
236 80 71
115 246 70
224 121 14
139 65 129
94 61 109
131 147 109
6 99 151
242 83 57
135 149 222
50 52 253
233 128 3
96 181 231
47 106 181
209 0 211
128 241 40
62 104 166
199 75 230
167 145 114
249 70 109
201 82 125
93 167 150
128 123 64
11 64 110
170 111 66
10 130 217
146 251 54
253 246 152
218 75 230
124 9 125
165 15 88
34 159 183
20 59 106
167 150 4
131 177 254
73 162 9
60 250 65
79 202 247
132 212 145
234 93 216
153 121 55
6 141 75
196 165 196
181 139 139
112 173 85
124 36 66
108 5 58
82 172 110
53 144 5
245 65 211
25 242 162
66 189 53
85 29 164
174 72 202
28 162 231
29 49 27
179 13 144
231 84 96
135 177 5
41 104 89
65 236 158
92 56 239
100 161 247
45 210 88
207 165 138
158 25 189
156 116 128
156 221 151
169 58 49
254 216 73
151 240 35
161 255 139
136 88 238
25 168 196
210 246 173
123 71 220
56 205 46
208 117 177
100 38 31
149 240 107
77 116 33
7 82 159
207 51 116
183 143 166
93 25 96
42 166 71
20 231 98
243 214 127
20 172 130
224 140 134
250 36 127
28 195 51
193 139 175
198 2 32
230 123 232
217 6 85
105 45 201
184 101 0
65 145 241
172 9 97
138 149 152
29 110 227
50 155 245
249 251 82
226 169 128
106 133 244
248 33 161
213 157 248
172 159 41
6 115 112
172 246 113
15 37 181
123 199 1
19 59 226
228 3 141
53 84 235
241 117 56
13 142 120
135 165 42
50 242 25
91 190 156
224 232 235
201 66 2
163 219 54
180 108 132
198 216 77
179 12 248
65 64 81
33 189 18
86 230 109
53 89 197
222 40 37
92 85 164
70 237 247
17 10 107
60 5 12
193 98 127
173 57 62
97 67 171
145 83 22
189 11 199
218 169 245
104 201 156
27 13 48
153 57 171
47 170 251
105 9 157
57 23 213
144 199 75
132 113 119
27 180 104
135 196 87
236 184 138
24 188 10
139 35 123
3 82 204
30 162 69
47 77 61
140 158 167
81 29 2
43 124 103
105 248 242
163 104 215
17 56 147
144 15 95
44 240 145
112 222 246
164 107 107
119 43 36
217 50 82
243 92 48
249 123 60
90 145 136
208 222 236
47 58 219
227 187 176
35 168 203
9 57 8
22 219 192
208 45 113
219 173 229
246 125 7
244 139 12
77 66 10
131 89 252
109 38 234
93 138 200
79 32 55
38 31 71
205 83 145
166 64 254
153 99 162
232 54 26
203 161 153
98 45 88
149 249 91
94 220 175
52 206 123
55 244 253
200 170 112
54 35 125
59 42 228
254 140 6
201 8 204
189 113 169
68 42 195
8 135 132
210 193 214
91 196 232
166 64 172
151 229 43
44 246 231
230 196 6
79 125 234
244 160 206
83 199 75
218 114 183
101 222 0
73 16 238
94 124 174
52 221 169
93 53 231
44 146 123
231 38 149
226 88 140
125 18 139
111 154 138
6 21 216
131 182 17
47 172 24
60 124 89
77 91 5
26 30 229
145 54 120
227 95 126
140 176 69
129 13 17
159 102 212
192 19 135
179 191 157
21 191 212
52 175 235
87 206 161
85 210 50
143 249 170
171 206 242
213 215 86
57 105 171
195 141 45
91 180 46
116 5 216
91 92 90
2 119 211
79 55 227
204 214 159
136 143 43
205 67 244
185 74 58
209 187 135
30 98 103
104 46 207
1 0 237
187 18 15
208 138 185
109 63 69
223 225 187
175 198 59
158 254 79
34 136 217
184 108 195
224 108 206
175 60 220
96 159 251
14 135 24
78 4 25
246 64 120
98 103 167
178 154 66
211 243 198
33 30 77
113 125 245
49 50 218
75 39 165
206 244 42
158 179 205
116 108 119
126 194 27
19 101 238
235 115 25
246 255 136
28 12 9
123 204 149
235 84 206
143 169 206
163 246 190
194 181 199
91 108 147
212 79 123
25 145 123
102 190 45
84 250 215
11 36 102
151 148 36
92 51 79
169 29 225
103 143 167
125 47 247
38 125 53
156 232 50
17 2 15
169 161 84
180 119 50
39 218 198
197 238 134
82 240 201
127 104 14
63 125 173
83 72 125
5 77 224
66 240 195
4 69 20
11 2 168
187 212 120
64 156 115
197 51 250
122 131 67
120 194 8
136 40 166
202 138 162
221 221 62
35 194 214
233 30 113
182 182 96
43 19 24
10 54 237
174 67 181
233 152 121
117 215 245
148 140 163
166 48 148
84 72 124
87 13 240
13 87 150
48 140 46
58 193 158
200 199 197
44 248 254
211 46 154
147 154 33
24 240 101
149 68 18
208 239 146
174 215 70
65 215 24
43 179 234
125 45 1
215 12 179
211 6 142
133 107 165
128 243 21
13 122 145
89 195 44
158 136 163
25 155 141
150 31 33
156 243 122
133 102 116
125 220 184
52 235 228
127 36 250
13 61 28
89 166 6
22 205 206
126 106 204
113 0 190
100 154 250
231 223 246
85 100 29
157 179 10
135 17 25
22 44 39
221 158 24
31 93 187
51 170 8
2 134 254
227 242 95
111 2 116
169 190 184
202 110 94
206 245 22
89 214 109
23 142 199
184 196 143
23 252 135
188 87 43
20 38 196
254 142 232
174 223 82
27 194 230
215 105 180
235 133 112
220 180 218
192 208 155
132 90 249
137 114 152
124 89 228
157 64 102
65 80 245
98 22 150
245 164 74
172 157 28
240 15 247
136 244 96
11 100 116
1 49 69
155 200 129
130 79 72
142 24 52
55 41 67
204 175 31
84 93 85
73 179 172
38 123 49
78 13 175
137 34 200
147 74 0
181 185 34
10 135 141
82 159 55
180 143 253
90 173 137
198 194 120
212 110 203
213 87 71
223 109 106
31 226 42
210 184 255
81 43 236
200 241 112
115 128 101
81 136 141
192 231 43
101 232 169
116 144 14
147 191 136
210 180 97
244 92 225
92 153 116
183 151 236
158 142 238
136 135 182
142 121 235
43 41 96
116 213 50
213 231 18
8 234 240
225 210 153
150 105 199
133 163 8
171 244 26
68 102 253
24 53 182
9 12 200
171 238 129
34 77 130
83 126 77
104 245 6
216 38 50
155 11 178
194 173 153
79 151 218
77 149 211
24 225 75
152 97 81
41 166 17
47 63 99
118 148 114
215 250 252
144 124 140
245 201 112
82 14 39
125 226 112
121 58 214
250 78 185
201 207 20
60 145 231
112 223 92
219 145 67
219 160 6
119 42 159
108 237 248
53 143 0
216 62 67
214 199 227
173 179 141
155 188 244
28 202 156
114 198 22
207 21 168
205 156 176
217 234 204
50 3 12
9 38 53
207 239 54
80 27 227
239 69 90
142 244 187
147 142 141
76 36 83
197 134 217
173 109 238
155 80 32
242 5 126
197 18 87
164 195 131
152 78 69
156 247 150
184 229 124
71 20 135
196 71 69
200 154 145
165 173 151
3 95 1
206 149 181
184 137 217
14 120 147
188 57 71
181 152 251
82 38 45
237 235 128
89 172 161
230 182 251
98 11 150
93 25 76
198 249 92
96 206 63
237 175 161
53 190 62
116 216 32
170 110 64
175 137 129
118 5 101
179 247 225
245 30 33
86 102 39
19 124 171
4 7 44
72 75 252
129 56 12
24 117 152
144 31 52
211 175 225
188 51 251
235 209 231
201 196 126
235 248 126
173 99 153
7 76 96
82 176 17
127 253 94
5 159 243
69 59 3
109 159 239
237 160 86
164 187 239
108 97 179
48 35 65
50 106 177
19 199 26
145 45 163
241 213 34
61 33 122
97 115 16
158 18 254
155 79 34
75 83 242
109 156 139
219 127 50
99 100 178
106 244 174
172 227 221
239 26 77
160 188 48
212 70 124
18 56 114
101 25 76
43 75 148
162 182 17
183 12 30
27 115 172
247 242 131
89 24 171
225 21 144
5 123 86
85 9 5
125 54 139
87 61 5
48 50 238
127 174 247
43 74 67
127 108 97
3 44 181
105 188 113
139 185 3
60 16 141
126 7 99
154 96 114
159 186 207
149 37 78
140 54 112
186 19 75
161 73 219
154 142 4
143 247 45
69 63 208
5 29 36
186 101 93
206 250 158
146 193 225
198 111 228
54 209 229
171 127 100
242 185 41
58 147 46
64 145 23
108 30 126
193 143 37
216 220 46
128 197 218
92 229 176
71 230 239
181 118 173
19 61 244
221 234 94
155 63 219
37 240 206
254 144 20
46 181 227
194 19 212
75 219 5
191 193 109
167 115 142
96 251 61
60 199 232
203 80 70
12 158 19
191 228 161
231 9 119
92 42 26
12 106 127
176 109 90
143 85 166
181 107 120
35 196 116
241 110 204
244 69 49
225 12 113
206 176 155
152 49 112
70 110 236
204 151 98
110 168 135
126 90 128
80 187 59
239 169 213
231 137 188
178 82 225
250 220 50
47 95 255
236 104 237
250 66 194
89 26 138
246 87 223
181 180 244
243 147 203
248 56 193
15 26 114
67 252 15
8 137 7
79 37 31
14 126 56
231 70 153
14 50 106
17 109 146
243 218 228
79 2 20
34 210 147
104 188 61
209 9 245
98 180 240
34 42 211
112 2 254
117 39 77
234 255 88
189 84 179
106 239 191
67 92 98
21 210 147
144 4 139
67 198 2
217 51 79
74 209 179
57 198 155
117 255 110
228 191 250
83 137 80
28 191 61
129 171 24
180 184 126
45 201 173
46 204 214
129 183 66
86 115 220
111 144 16
139 189 43
213 58 219
101 197 86
249 140 11
230 99 148
211 79 155
145 75 154
184 213 249
29 247 17
114 183 18
145 238 63
157 221 22
112 160 245
163 42 49
56 107 153
186 93 56
104 177 112
165 100 52
185 86 184
223 147 125
121 106 191
146 190 88
83 193 30
115 176 9
57 140 183
63 41 47
180 99 217
117 243 140
206 119 16
212 47 29
165 181 122
16 167 131
77 247 60
130 85 104
93 91 154
126 148 4
47 32 126
220 122 179
115 138 62
15 211 65
53 153 123
205 62 43
22 5 62
172 177 86
5 238 119
59 86 112
226 79 16
3 154 23
15 58 143
14 30 89
190 94 50
95 235 183
129 154 101
230 11 16
17 42 17
63 91 181
248 110 92
238 116 182
168 113 162
122 188 86
213 91 194
226 166 102
181 211 142
189 239 65
10 20 82
231 236 164
165 115 236
97 240 102
114 46 188
53 20 157
228 37 46
47 58 170
250 80 154
245 198 204
37 27 35
212 254 57
242 54 148
197 28 227
11 50 18
145 40 196
140 139 10
20 16 21
238 25 253
22 179 83
36 168 71
153 14 54
15 107 215
245 137 230
244 22 56
158 150 16
33 110 31
44 149 213
203 109 234
245 38 120
18 219 215
77 34 184
115 69 245
98 48 72
203 191 211
193 13 163
70 152 237
95 83 204
6 248 76
180 217 181
85 99 181
212 145 158
196 228 222
151 209 141
243 68 184
88 94 210
33 130 72
78 248 100
126 85 160
23 70 183
230 85 21
250 117 106
240 248 47
201 20 69
169 111 90
31 217 230
77 129 69
89 59 56
124 142 39
55 37 248
98 181 18
116 133 182
44 141 118
242 125 96
188 38 192
59 206 207
12 197 16
25 80 193
36 218 23
211 203 191
168 116 94
144 38 205
151 167 142
224 174 125
127 50 50
139 229 116
165 77 157
116 194 44
122 158 115
33 188 13
2 122 63
156 170 243
165 96 208
186 43 206
251 35 50
209 192 140
61 168 147
199 106 97
115 25 220
62 125 117
27 74 44
158 132 111
223 196 165
222 112 181
6 94 117
190 222 243
216 234 13
116 148 13
145 93 46
192 7 72
228 85 39
66 0 17
214 108 74
92 0 81
237 59 94
84 103 33
212 84 78
247 55 138
137 233 8
218 198 38
148 148 160
116 237 61
110 222 153
233 88 0
109 79 126
167 144 192
14 188 179
167 189 94
2 211 47
208 156 187
210 128 234
205 63 220
160 178 20
135 52 43
142 161 166
176 134 50
55 208 56
247 133 39
192 106 33
206 252 104
200 235 7
15 131 100
108 31 108
213 185 3
43 84 58
193 124 48
52 151 175
74 23 169
109 218 82
38 229 177
8 99 143
230 200 13
171 98 110
56 139 141
202 49 170
152 129 205
45 120 223
164 202 15
239 23 46
135 131 98
131 102 225
34 84 71
127 165 237
41 152 153
147 109 185
238 196 122
144 12 243
136 95 93
113 143 86
135 122 189
125 69 225
206 25 18
36 16 210
198 127 20
15 171 217
93 142 151
111 253 55
70 104 14
41 37 158
122 68 20
151 210 236
240 184 159
202 54 114
183 231 8
183 87 98
242 132 61
20 143 79
20 213 58
85 180 255
213 178 73
194 3 33
78 252 178
10 197 135
187 216 183
37 30 160
157 249 189
158 36 142
134 155 145
184 192 33
207 5 193
223 126 232
3 135 46
43 124 6
46 127 187
191 77 79
166 139 137
185 143 131
201 87 183
225 52 58
193 148 85
46 139 174
48 93 114
139 42 189
174 209 233
98 147 73
182 200 80
229 189 194
91 46 254
109 37 253
11 130 61
18 222 83
214 184 113
172 180 182
180 154 41
80 220 83
112 220 220
92 194 64
26 24 208
31 45 242
26 173 200
73 161 157
101 216 44
15 151 206
148 230 7
1 224 176
188 53 45
47 202 0
16 96 115
133 38 215
246 168 1
168 161 104
138 185 140
138 233 107
32 124 1
228 154 229
35 94 190
195 247 49
89 36 245
103 185 90
96 200 95
93 60 39
12 231 18
225 48 225
181 219 250
7 153 10
211 73 226
176 4 211
210 197 40
17 76 131
64 18 248
17 163 71
134 108 229
5 156 154
116 92 79
198 244 186
155 154 25
32 195 117
53 178 115
23 78 134
115 136 56
255 74 75
23 100 221
62 209 203
92 209 205
190 112 7
173 185 63
235 43 206
234 50 5
65 140 208
145 107 123
142 194 69
164 252 159
154 28 116
252 3 238
202 88 52
121 199 251
249 51 156
36 133 213
190 197 105
43 72 95
55 37 64
1 229 219
74 217 198
149 162 228
228 55 49
229 44 50
89 136 143
155 208 197
49 15 187
50 153 55
29 48 97
122 183 123
5 62 93
0 243 246
97 170 12
114 13 185
58 163 202
101 29 204
84 209 25
80 99 102
193 194 119
205 233 134
58 82 244
8 87 209
114 191 21
3 29 207
0 130 247
243 201 82
134 34 40
171 184 73
163 237 141
16 109 223
82 59 136
135 199 4
203 5 233
136 78 214
217 134 67
134 144 135
111 80 244
219 89 106
125 244 80
73 249 37
211 72 89
195 119 201
4 131 175
33 231 106
152 16 239
68 130 93
44 227 131
47 149 18
68 175 172
111 3 117
94 132 158
96 133 185
97 242 80
66 204 222
251 110 244
55 38 212
93 142 162
124 133 50
197 97 32
206 40 245
206 81 22
85 65 94
198 11 158
39 107 165
123 113 247
98 187 203
112 248 250
104 216 172
181 134 247
43 197 34
137 218 52
220 233 184
243 127 35
101 148 175
129 139 13
100 253 14
76 189 224
40 72 165
46 119 3
158 222 19
193 126 126
183 155 117
106 20 187
151 197 57
249 241 144
194 95 4
219 20 199
206 110 109
106 191 211
231 0 197
75 118 44
190 227 48
156 255 220
156 199 235
45 93 136
80 4 107
242 203 229
107 68 236
249 244 74
156 174 225
232 66 98
209 85 20
87 10 99
137 50 75
107 225 148
179 1 136
134 20 55
87 197 215
224 113 159
181 10 25
196 93 110
71 53 133
215 134 33
128 255 212
172 52 117
3 8 19
140 139 159
217 73 173
80 225 81
244 37 173
210 217 217
43 31 212
181 147 195
80 107 143
108 132 34
239 200 137
247 165 59
33 117 194
7 223 114
207 8 85
116 109 136
9 148 54
9 245 51
53 253 214
32 253 206
208 203 30
1 50 211
143 34 59
70 58 171
125 82 112
178 127 16
28 142 160
33 167 68
16 2 242
207 65 36
199 96 188
36 12 77
229 152 160
45 17 213
68 120 13
26 52 81
173 162 116
73 240 212
141 39 43
98 177 184
155 64 50
154 202 97
152 208 181
143 199 236
217 150 12
146 117 4
126 27 154
153 37 175
132 87 144
19 211 37
118 132 81
64 93 3
191 13 85
220 111 164
2 165 239
235 6 221
16 220 70
32 133 229
145 34 214
216 139 17
154 200 162
238 108 227
46 146 210
9 21 209
240 116 58
104 29 34
214 104 137
169 12 154
104 24 24
63 133 117
188 231 202
177 24 231
251 171 144
77 41 239
160 16 22
118 227 214
74 65 214
14 250 202
175 128 244
147 26 96
106 9 93
164 77 242
64 60 147
209 15 57
203 123 120
134 120 43
218 29 60
210 95 66
125 35 205
11 88 152
74 84 154
93 61 173
37 63 48
254 237 49
5 223 226
55 56 119
112 119 76
124 110 7
34 229 252
179 152 248
198 5 107
24 0 67
244 238 163
76 33 210
23 46 46
113 228 127
123 145 168
102 130 92
21 213 34
165 101 176
204 32 34
171 12 132
212 19 10
16 60 185
225 53 19
24 124 135
82 224 213
251 116 46
98 27 166
149 180 55
137 188 56
153 154 135
81 149 209
144 187 143
240 194 234
62 3 143
209 94 254
75 102 77
101 237 22
206 97 158
136 189 190
173 105 185
203 242 83
29 240 97
160 73 173
56 201 198
4 134 101
225 147 147
3 49 138
132 97 98
185 167 126
206 35 26
86 215 54
157 139 255
163 213 54
60 66 57
243 113 222
133 49 86
148 89 16
12 99 50
191 249 47
1 243 194
88 193 166
144 234 191
220 79 176
23 202 200
79 172 226
44 193 117
161 220 41
157 115 171
17 186 112
3 208 27
35 33 213
175 229 41
67 238 0
115 101 83
92 166 195
184 219 26
174 174 211
208 63 224
233 135 136
198 2 188
220 192 206
223 229 227
214 34 239
135 82 210
62 4 104
82 27 134
99 61 145
173 212 82
19 170 151
253 122 75
99 175 1
65 236 243
87 80 97
71 151 161
244 14 31
114 169 203
229 210 244
3 25 23
44 205 153
32 123 24
88 105 85
11 71 129
207 155 22
130 252 243
177 56 131
40 56 87
196 150 195
117 216 219
139 73 233
22 181 113
187 123 211
1 103 88
200 83 26
165 185 45
244 224 55
238 50 185
88 123 157
196 8 2
137 239 69
176 134 78
138 155 30
151 221 224
22 9 56
120 182 14
126 74 17
97 23 174
67 109 49
133 207 87
132 221 122
56 85 233
89 138 115
139 254 233
109 121 237
94 183 24
155 83 247
54 105 24
81 59 30
86 107 52
150 238 9
196 81 177
77 250 245
194 36 244
25 3 25
141 124 184
159 1 46
89 87 195
120 147 111
215 14 110
59 19 45
15 160 110
254 35 38
48 113 123
4 67 77
241 40 7
97 140 18
36 66 122
114 243 74
115 110 19
223 193 162
225 246 106
166 82 57
191 99 204
207 135 54
138 80 12
84 5 99
241 175 72
132 141 201
151 122 25
219 30 177
124 72 219
153 146 174
208 164 35
85 100 147
206 186 143
208 199 88
171 72 6
148 58 138
190 173 127
167 7 132
54 255 135
234 234 34
0 0 0
