187 241 29
201 40 128
10 74 90
225 234 60
155 206 131
21 1 239
185 98 103
165 43 135
180 108 91
146 111 49
213 103 114
200 52 62
11 102 144
226 63 165
139 129 139
63 209 235
90 60 129
47 140 181
22 127 47
95 126 67
97 48 179
37 52 188
106 195 119
223 144 3
213 82 214
201 249 38
15 57 121
234 180 173
2 154 103
129 8 232
47 36 198
235 3 44
80 149 41
31 161 175
34 251 81
155 34 253
100 233 149
24 18 40
167 84 227
10 74 71
58 126 110
46 119 237
10 200 227
92 230 124
72 38 67
114 94 228
220 147 156
88 192 47
53 40 60
34 134 153
70 15 175
156 189 194
97 99 251
39 182 187
110 168 253
250 255 4
242 35 220
197 11 18
153 95 27
227 53 31
103 153 175
24 28 116
218 166 197
136 77 230
172 58 88
125 242 126
204 168 69
155 54 62
178 172 136
172 38 105
14 63 187
93 25 122
254 28 248
122 80 209
217 157 89
250 206 111
58 151 61
18 168 149
191 209 126
213 109 57
193 227 61
155 165 155
203 13 134
235 250 108
94 54 126
185 76 199
210 84 165
27 23 79
55 71 156
211 75 83
76 52 59
153 95 168
11 7 18
151 93 145
174 54 103
98 163 43
151 190 246
139 228 15
78 173 132
198 201 163
1 149 181
113 13 101
126 144 199
137 204 14
34 127 219
168 98 228
230 131 25
228 63 80
100 59 201
154 201 120
28 135 136
68 5 254
21 188 117
208 186 197
109 123 205
64 12 172
46 217 251
176 110 63
88 19 202
109 148 173
168 187 168
42 119 225
133 233 91
234 95 250
5 6 15
156 170 29
192 222 191
165 184 123
15 138 172
4 238 139
166 21 134
40 6 176
128 73 68
59 196 254
7 53 251
210 175 63
96 231 63
184 145 237
179 178 40
15 94 95
165 2 34
29 121 93
223 125 236
29 57 252
83 18 71
59 24 24
143 222 4
86 95 152
63 154 118
142 215 225
83 116 226
213 102 125
17 147 59
156 46 155
101 141 56
187 130 87
162 69 237
20 174 59
251 218 243
148 31 146
247 85 244
173 41 75
100 244 156
178 235 153
196 153 230
250 72 188
191 95 70
98 241 18
54 147 154
147 84 41
3 28 157
202 228 94
177 178 93
80 229 11
6 200 198
219 76 178
24 68 49
120 103 199
108 179 34
168 171 23
174 172 3
248 193 207
70 52 186
72 25 220
237 117 235
47 39 53
210 19 45
72 38 61
2 157 71
130 253 213
110 97 48
57 235 254
36 80 252
137 102 4
79 30 58
245 200 214
115 106 247
47 156 202
120 233 166
196 1 229
130 190 173
233 53 100
4 36 194
189 49 112
79 52 232
0 224 153
105 7 10
52 30 50
144 74 193
148 153 33
92 61 242
63 104 177
231 5 99
193 189 97
23 171 177
251 38 78
164 237 125
15 1 113
89 93 87
12 82 39
86 12 253
53 249 141
194 97 88
96 172 59
9 237 38
186 42 74
165 211 217
195 13 191
84 236 58
191 26 20
192 197 207
44 40 35
26 120 44
117 164 168
219 218 62
202 130 46
19 190 156
241 106 79
249 109 123
182 25 29
3 168 71
16 180 88
3 204 133
93 217 132
75 221 209
8 126 63
19 139 36
242 75 126
219 165 174
32 49 66
173 155 118
95 78 233
88 98 126
7 51 123
156 189 116
47 30 43
118 22 54
252 169 151
37 85 180
140 215 119
242 17 124
115 182 102
89 232 198
189 60 142
89 3 242
189 186 100
101 35 215
32 14 240
189 104 109
254 229 90
178 76 160
222 140 200
47 142 112
243 205 161
228 215 164
169 101 215
245 166 72
144 235 29
210 92 129
68 248 83
152 83 121
24 13 20
234 232 44
192 159 85
188 253 232
36 131 83
242 162 163
32 62 72
123 75 121
126 206 252
18 77 169
250 85 18
219 33 117
123 80 153
25 28 8
189 170 1
12 75 166
41 77 77
6 115 16
184 27 191
9 73 82
20 194 234
21 123 226
200 117 225
173 248 129
31 65 81
66 246 22
29 114 205
212 99 111
240 12 183
173 58 233
180 228 104
120 114 222
247 220 118
6 6 8
192 197 242
242 61 168
7 17 212
72 133 156
199 214 168
99 115 241
89 126 144
41 65 199
196 21 102
119 146 124
206 157 150
210 86 136
7 13 204
33 54 67
231 32 148
206 92 227
244 199 10
50 152 158
230 134 14
134 220 147
117 215 190
154 98 112
34 117 118
184 121 46
106 120 214
232 224 127
163 124 191
76 214 174
14 143 87
254 63 124
233 54 65
142 90 201
27 211 122
220 151 81
212 62 59
128 3 163
165 109 111
231 101 116
158 44 225
106 202 29
155 65 207
230 116 238
24 45 88
41 58 178
93 163 164
84 39 167
16 2 177
167 207 235
51 86 136
3 198 90
194 106 226
187 42 126
42 37 121
237 177 39
179 10 184
161 141 173
37 6 126
230 242 226
212 160 38
162 205 205
100 84 236
64 103 143
75 167 94
79 209 210
103 64 193
224 172 211
224 32 222
129 134 25
176 14 243
77 68 211
124 241 146
204 132 124
208 110 50
69 231 136
18 158 28
81 94 131
55 82 191
230 126 98
108 246 245
174 254 148
182 142 6
174 100 117
48 28 191
41 209 82
146 81 121
95 34 91
65 179 182
99 191 43
113 82 82
247 29 154
219 224 226
23 126 54
189 53 241
73 103 38
52 100 42
46 217 207
224 120 158
252 119 67
216 191 202
198 108 249
242 144 237
228 96 31
110 95 15
190 159 180
150 247 90
129 2 209
220 179 157
1 246 113
247 161 73
213 244 47
1 5 131
120 86 254
212 22 81
94 255 78
12 102 210
151 120 116
253 205 86
27 48 206
21 40 18
127 58 21
35 221 46
254 209 128
241 141 98
154 68 33
129 106 97
161 234 212
238 208 41
72 149 116
133 120 181
253 228 56
69 143 86
24 87 124
52 26 79
44 152 1
112 63 176
58 46 255
69 34 42
52 246 232
91 72 25
39 11 161
181 205 243
44 94 15
219 157 211
22 87 81
132 55 197
155 2 140
4 25 249
198 5 204
70 7 97
205 165 46
251 64 166
56 246 119
139 105 124
79 117 73
1 238 212
18 210 27
185 43 200
239 160 114
252 59 80
216 30 197
76 54 72
8 153 89
172 254 135
122 51 186
214 42 227
166 143 221
50 60 223
248 169 31
13 234 192
52 249 194
60 108 244
190 219 120
86 125 6
193 71 84
210 127 193
51 124 131
159 18 38
142 217 23
7 83 85
132 35 180
62 43 187
242 2 215
104 228 42
169 28 180
196 101 88
174 174 251
114 29 159
212 236 109
85 190 166
223 255 210
19 241 164
156 151 212
76 36 200
44 119 102
242 77 246
233 184 63
202 70 177
194 142 229
67 167 0
238 0 49
243 252 118
16 72 251
163 43 165
252 51 238
172 180 137
90 244 42
173 57 6
185 2 19
255 149 62
152 183 38
62 71 52
47 121 174
11 225 26
88 206 207
75 117 167
88 209 51
76 94 136
192 73 75
3 212 26
16 95 196
138 237 164
54 139 17
59 27 220
41 97 138
26 160 120
181 206 190
163 198 42
32 38 53
54 207 164
6 141 109
193 63 221
244 230 55
110 205 30
170 233 18
156 240 133
162 207 66
34 153 91
182 112 186
187 80 189
242 238 216
104 149 204
26 226 177
237 194 252
56 72 190
178 227 232
77 215 163
199 175 109
152 247 245
86 150 158
229 91 184
197 90 243
249 124 52
115 126 128
215 104 251
140 182 80
65 169 119
103 26 219
190 101 200
47 188 75
45 132 249
40 5 103
142 64 33
3 188 222
57 28 69
167 124 202
216 168 111
44 21 192
66 54 8
125 175 46
250 111 74
53 230 12
225 80 131
179 212 81
236 51 30
204 201 166
175 115 65
214 42 69
179 190 17
202 229 114
103 184 66
208 48 13
213 177 195
167 48 188
133 228 20
55 74 243
72 133 102
103 163 205
222 65 29
98 32 111
110 221 159
32 100 59
204 54 118
135 131 145
29 72 200
117 83 243
153 35 207
244 204 35
210 177 142
227 162 12
239 103 121
7 111 249
163 31 37
99 112 29
202 111 28
125 210 148
212 68 161
124 245 30
105 138 191
106 145 205
8 228 110
47 12 132
78 239 193
88 180 152
60 140 70
188 37 246
204 0 153
25 239 137
171 94 26
127 169 46
177 146 92
179 2 233
53 174 0
199 155 234
247 82 253
241 212 99
27 211 95
117 16 148
254 8 48
40 187 163
159 36 110
94 42 77
16 87 253
79 96 252
202 164 52
43 163 236
109 253 60
2 244 23
138 240 181
64 244 209
5 3 80
73 37 182
12 24 210
212 83 157
6 136 246
36 237 219
47 233 235
211 46 152
76 250 235
40 237 62
150 81 81
78 166 131
51 175 255
147 147 241
170 70 209
205 236 23
186 113 34
161 29 11
0 125 207
194 91 57
110 167 66
120 164 162
47 191 24
102 0 28
181 167 186
53 103 47
174 108 245
25 19 237
61 79 114
111 162 124
230 79 1
93 52 246
166 26 49
125 110 127
152 213 245
17 73 136
115 220 197
137 181 111
176 229 163
175 225 35
51 117 184
11 61 102
202 255 148
129 201 41
55 227 19
2 254 169
117 13 210
145 111 123
53 54 181
76 184 184
171 31 61
46 149 10
98 240 194
12 138 158
69 228 104
12 93 87
236 61 119
58 254 57
149 7 46
205 30 129
4 232 60
85 109 21
240 6 133
110 41 35
136 12 227
163 12 149
141 74 19
121 29 165
116 228 77
247 195 118
252 233 219
190 126 253
84 144 83
129 212 88
179 115 180
232 114 213
124 106 22
96 20 244
121 48 92
208 201 209
76 4 87
82 168 100
0 119 78
41 67 99
3 37 133
45 77 76
117 29 168
180 222 199
79 149 129
52 103 14
162 176 170
195 135 242
69 36 113
120 255 86
192 147 172
82 106 125
94 103 178
48 46 63
195 106 192
240 41 34
137 37 137
36 15 130
127 104 250
35 10 167
97 185 117
136 48 90
159 169 169
238 255 222
63 211 72
205 250 158
11 84 121
214 198 140
11 173 125
100 243 40
96 24 125
64 47 61
57 140 185
33 90 167
229 179 166
50 255 41
250 46 215
132 50 70
90 65 215
66 246 216
232 112 235
127 212 195
149 152 212
128 164 10
145 242 194
214 67 196
254 59 183
221 53 169
202 120 105
163 244 165
220 133 97
165 76 93
9 73 74
55 101 142
16 37 245
29 121 6
174 193 113
247 141 153
190 10 245
125 101 126
58 238 68
1 85 10
149 244 217
97 110 81
13 47 188
171 57 36
205 34 84
68 50 240
218 227 122
128 185 200
180 89 139
213 87 173
6 100 138
187 37 85
56 75 240
245 192 14
250 131 170
45 92 62
14 10 187
6 46 58
79 139 15
106 109 232
142 231 207
57 65 65
13 184 59
70 119 124
12 172 193
127 246 106
228 55 223
84 218 117
36 187 241
188 101 211
217 202 230
245 219 50
161 184 171
16 209 124
27 111 3
141 156 247
191 47 204
55 248 16
141 53 223
177 85 2
19 60 103
15 69 2
169 6 142
208 174 92
208 22 150
176 92 202
112 38 89
135 120 201
89 240 31
195 76 64
199 223 122
111 192 63
180 90 18
178 222 80
153 72 158
123 237 187
226 107 121
69 226 71
200 134 20
156 205 218
100 25 130
183 22 166
27 155 139
156 87 139
82 144 83
31 138 227
114 64 123
4 199 173
190 26 27
39 145 58
63 99 117
165 42 111
122 141 242
252 52 117
116 35 124
131 52 152
156 99 155
200 153 136
92 94 3
189 179 227
175 242 107
162 64 121
74 37 225
75 162 111
122 210 116
159 193 181
21 206 120
63 63 241
111 239 171
187 105 6
64 164 197
12 105 156
69 50 171
5 34 191
3 38 156
157 199 168
193 134 223
240 202 205
175 59 212
59 24 42
145 85 136
106 174 104
62 243 104
13 243 62
2 101 136
73 99 228
74 91 216
178 210 114
153 153 83
34 75 44
115 81 240
227 153 224
87 53 92
55 7 47
135 34 76
220 68 160
117 154 48
150 221 188
229 151 140
189 133 141
94 37 98
250 250 185
212 38 173
227 204 130
88 149 219
52 18 181
18 238 166
2 78 191
6 71 136
192 130 177
213 120 137
97 126 38
70 15 229
0 0 0
