15 55175 16722
5 913 66522
4 89561 74452
8 36287 50069
9 74426 56315
14 14904 63189
3 55874 55852
18 23991 84691
11 52493 42191
5 64661 19816
1 35328 74990
4 57665 75903
17 74522 65463
12 14121 1749
2 55447 76175
14 23598 91079
6 36230 46953
17 23234 70944
14 75798 23436
3 99502 88097
7 1250 23424
2 19719 81089
17 4710 55611
10 64152 69731
10 73662 25177
6 39487 48775
4 68500 85004
13 53365 8238
7 22920 84035
12 34666 83537
10 66227 84787
14 72777 4505
11 55230 9215
2 3146 73366
16 52810 47027
1 78650 86514
11 95568 55014
8 59438 8378
9 94252 31297
6 52501 65962
3 98847 32188
20 68616 4965
1 19473 60195
2 25940 63340
17 2138 16149
6 3513 94798
4 53661 90366
15 88813 49804
16 32203 44055
3 59627 96556
16 70588 95402
2 66336 64017
3 66587 83490
15 76054 9430
8 58885 11568
11 88743 15080
10 5114 68740
8 76499 57553
18 56261 89756
7 67319 49382
6 44340 19970
5 53548 86305
18 67721 52892
15 42088 28945
17 79794 87830
19 33649 76572
2 82301 81686
16 21319 58184
7 10140 14445
5 43016 81764
15 72447 26103
19 97281 79650
17 86131 47371
7 58471 89458
13 40240 69251
10 33577 2899
6 41992 85200
2 19147 6518
14 53855 16658
17 78319 59673
13 52164 32120
18 45979 29401
14 26099 15531
4 59111 74002
2 21067 14242
15 70853 47818
16 97210 89809
13 5252 8956
14 71479 62811
18 52149 41129
10 14583 93292
16 3119 39270
2 71306 65369
5 86862 24479
20 91876 45546
3 66140 16398
12 43303 13607
10 5665 18859
12 74545 90338
4 60083 42486
13 5293 57069
11 82623 60188
19 89353 31493
12 11614 18355
17 7876 10230
6 18380 76370
10 76702 19672
12 24832 25337
16 81918 99882
14 1814 59964
3 62838 65257
14 17153 47879
6 10739 37231
12 69693 48844
16 53125 56720
18 82103 75099
13 27478 51800
17 86460 76632
2 64300 58549
2 32478 60362
14 43142 23199
7 10875 40352
17 38795 51090
4 98208 20782
14 75975 73907
6 63972 56009
1 28339 83486
11 12377 69945
6 21752 34245
18 31008 66723
10 228 9864
15 34705 20739
3 17059 59533
13 36645 57741
17 5073 33715
12 30222 97687
3 30469 26025
20 82515 38402
14 11194 60153
1 98420 91161
14 46009 91389
16 16797 26093
20 27936 43152
12 90165 79796
4 73176 84869
10 30093 15090
10 43019 45558
15 39430 28073
3 5786 39266
15 6386 37686
13 73708 83695
11 50894 491
16 48818 28426
5 6275 18591
1 21472 91766
18 70384 21859
1 16983 64878
10 89606 4307
16 631 10093
4 71808 16478
11 34147 90185
8 87874 41079
8 67693 89897
14 90665 96172
17 93432 17643
16 81068 88027
20 83793 5009
13 32076 94615
14 8432 95245
16 24053 67053
19 77360 1199
17 14361 89072
6 51851 56765
4 17768 47429
3 2274 40861
6 78547 21928
4 76678 5721
5 39686 37797
4 7001 46229
3 84408 70281
16 78293 47641
17 62362 62001
14 87510 13852
6 2553 31619
15 13768 33893
3 42626 12440
8 59510 89117
9 81403 28802
16 97909 35803
6 9660 20210
20 88464 98503
9 68465 60865
2 37537 48374
4 63373 50927
11 36638 64694
18 50763 7320
20 86815 66829
18 28589 48231
4 8159 46140
11 33957 55800
15 30036 44263
14 73755 12727
7 79475 50263
16 99046 13636
7 50236 50273
19 35319 1036
1 32840 87851
14 19479 16439
4 34918 24597
13 86160 58553
4 57612 88588
13 27566 62343
16 58384 41817
6 37576 40862
9 67693 91097
19 62505 26415
19 64636 59255
16 33596 78733
20 50786 13651
5 14115 99811
16 33244 57422
14 96635 84987
6 72753 43371
15 99134 80946
3 39150 48639
1 29440 11144
6 20764 75780
18 99939 9375
14 95553 60160
17 15763 74274
17 94525 7518
8 61875 4152
5 91567 76905
14 63076 76038
10 75446 15188
20 78912 44627
2 8794 65391
17 97931 65330
19 65801 60883
11 47321 76645
6 28651 71169
7 67403 33044
8 91141 24610
4 58251 87685
19 6306 63131
2 2999 42043
11 10836 50836
4 94452 48767
17 87442 14567
9 40591 61887
5 68013 90538
19 2953 57940
5 42044 49081
10 58040 7331
8 50074 13636
20 57295 16635
9 9143 27470
19 26382 21921
9 8951 9363
12 52402 49953
4 72497 17966
2 63761 20918
14 88068 62962
4 36984 21002
5 73586 71075
8 73317 28369
11 15091 37511
17 7700 63893
1 49076 72843
3 5018 25244
13 22846 97741
16 31211 61501
1 97516 49568
13 12901 86552
17 35616 60137
12 71967 33453
17 24952 48544
5 5407 56243
18 7782 5319
12 19520 10336
17 81210 33181
17 60864 64392
9 61437 61907
19 24971 74808
16 9507 10424
8 65116 82391
15 49094 7343
5 70583 12749
16 55964 20531
17 14187 40050
19 97654 21259
6 78862 82123
19 21569 43560
11 13844 68531
6 92671 78037
8 31633 43152
4 4049 92246
6 25008 62829
9 2209 18792
13 84729 32979
1 77585 30633
5 3621 9494
1 94048 31063
10 46382 44907
4 73524 37577
19 11088 69210
8 31043 73258
6 58340 98265
19 98385 474
3 58961 85203
9 59587 62787
15 81471 66407
17 85479 60455
4 33045 6836
13 49142 80360
20 43274 91448
14 80559 22490
9 10089 80830
8 2448 79215
8 13598 38175
5 57727 97762
18 32489 79232
11 16744 64710
3 32061 97755
5 92285 46896
1 90086 90170
19 57096 70728
3 97363 80817
20 35896 83265
16 74902 96862
3 99111 54589
3 86107 87077
19 39510 3821
11 53367 35882
11 74060 28167
20 75113 18252
18 67612 75347
13 82601 72710
9 78420 8605
5 53453 83507
5 66660 82618
16 77629 68725
13 67829 8234
14 22739 61601
1 75404 35661
7 74964 10773
10 64693 78384
5 25151 60985
20 66425 39405
2 90963 92857
18 12363 59517
15 88352 37145
9 51417 4974
10 18303 27713
3 21071 3116
10 52005 78080
12 1190 42772
8 25722 67922
20 22963 34347
8 28809 25309
6 18161 37671
18 90131 26022
6 30824 77439
7 79752 95742
12 90280 16812
13 36467 68816
8 93428 70005
17 28771 95726
10 25100 18689
17 60832 47497
2 89421 65658
10 77526 55788
15 2775 86612
11 32999 66363
10 90934 56642
13 51985 93109
7 91115 86536
1 73018 15307
20 22842 40406
4 7012 1238
13 16490 90658
6 63639 68183
18 36809 70958
15 87417 3957
8 33766 94890
19 96927 46875
18 28903 37990
15 30884 11007
18 28591 33848
7 44986 40859
7 8878 57349
5 38427 20987
19 23763 57795
13 95711 45212
14 34022 78978
13 28974 75905
2 17036 4807
10 91633 35691
12 81537 64282
18 11847 9267
7 43394 18144
18 65599 56570
2 55987 80333
14 17333 76044
3 82635 10065
19 42826 39039
14 49892 56074
15 94947 47707
2 51008 29243
15 40917 41089
17 71683 84483
20 59798 50081
12 68900 6067
8 35796 23399
3 47903 6033
5 38988 48859
13 5977 98751
4 77773 93697
14 85260 44705
19 57027 85621
8 38062 57304
4 37240 17102
14 92989 86001
16 29070 21797
20 41194 69700
2 63382 8687
11 24610 14664
11 41911 92437
10 6919 77696
19 1169 34723
16 36508 72784
7 56329 10024
11 26231 3012
8 2199 32081
12 1567 73274
6 6967 36656
8 61226 61265
11 14235 3176
9 60941 10094
5 52351 11263
12 29382 47770
6 63717 4099
8 15152 30329
9 52589 32528
16 11821 34094
10 40753 41060
17 78371 2286
10 30653 16520
10 75372 77460
12 97786 29811
15 54923 59193
4 84843 22909
5 24786 38061
11 67741 90649
18 42776 2470
4 91085 43222
13 76049 21593
13 22279 52246
16 71684 27617
12 31182 25403
18 1943 80325
10 20474 65167
14 43102 89952
2 96059 57692
20 81544 468
20 1122 91552
9 61760 67601
13 24683 89879
4 4125 61562
9 61028 92744
15 47741 94687
11 93646 15160
4 62460 58262
2 69334 54320
13 66857 35864
13 66849 36985
12 10063 98744
5 74868 23427
3 91919 27552
15 36586 88579
14 6655 36319
13 57049 29964
16 72609 92424
8 78121 61757
18 41324 28614
6 4996 95463
13 60218 5525
13 83041 80392
17 95742 72310
3 70005 8896
1 37011 15550
8 98704 72598
14 75557 45207
12 10671 23327
5 104 64651
10 25401 69646
10 87683 29863
11 48709 12904
7 33160 8646
1 45163 78650
3 45745 15661
6 82644 14365
1 49508 89921
10 8795 591
14 29838 695
7 79495 26096
1 24615 13779
7 75258 62487
10 6294 95646
11 9639 40809
7 21879 86554
10 49669 69197
13 50056 18705
11 95650 27499
11 64570 57337
11 98140 36831
17 1356 61446
19 34434 36703
12 80416 42997
11 35043 52635
19 68319 74513
16 17256 24181
10 80557 74237
14 33779 69887
20 87592 34456
11 42100 32595
18 22704 33950
11 17085 68384
18 73952 48799
7 26466 83842
17 19788 52160
12 99664 69416
17 48736 49973
12 16512 83752
6 11787 71344
13 64398 13444
19 53840 36147
6 4727 53231
20 92316 27183
9 22902 53649
6 6123 73436
17 63856 73099
10 45770 21835
20 1920 38347
17 27957 50133
11 88449 14530
14 81536 68370
1 8573 73096
12 3992 65412
17 48211 88313
8 76271 94436
3 56491 58291
17 6126 4060
2 5734 5980
10 89094 33937
20 43797 22386
2 11943 3921
16 16235 12493
11 73758 16485
4 58463 64696
1 96816 40966
20 8606 97457
12 93494 3583
13 217 9317
14 45285 98410
1 40486 42206
5 50218 54148
6 28318 70382
9 79513 44139
12 96119 2602
5 1038 99418
13 393 8023
13 58037 1517
13 19741 1733
15 87425 47018
15 89045 87503
3 13051 37721
14 40976 66038
8 81395 45550
17 38297 41669
17 59895 42707
17 22459 43099
19 82480 1136
19 46083 20877
20 19002 8302
9 90331 97347
7 3866 10397
14 71549 51373
7 9613 32767
16 91817 71064
5 76622 30959
13 60844 53417
2 53090 35897
2 46851 81979
6 42345 981
8 84856 91312
7 14869 95177
9 82603 66726
20 16374 76338
6 95695 68155
1 16684 44776
7 80380 5620
17 87175 58709
5 95105 5560
1 23912 47904
1 61020 32759
19 95474 47628
18 40324 30231
12 36547 46604
7 65536 42299
1 65588 58983
10 96599 39363
11 81026 26537
3 1349 21642
4 3651 45553
13 6933 6572
20 1526 2046
9 91296 42369
15 47791 78916
5 80624 44451
13 81612 10039
5 27375 6638
13 78758 87663
18 88849 89012
2 4500 92663
12 68055 99595
13 64368 1121
13 8309 92417
2 82480 40208
18 3255 20832
6 66328 2443
8 88383 29817
10 49800 8574
7 37754 97423
5 47349 1923
4 2496 69977
4 64216 34344
4 27980 42652
2 34113 25131
10 19162 28385
14 48661 94712
15 88200 83095
1 34375 32894
3 68214 70647
2 91063 17995
2 6574 20491
16 21681 84706
3 37908 12685
12 46552 46798
17 95403 65959
3 65086 14620
2 37212 2820
18 39154 37195
5 49670 5408
19 57609 96470
2 67470 3044
7 47307 24725
3 61488 62632
6 18319 9183
15 282 4586
9 10630 69672
11 15689 6883
12 3842 46037
19 24889 95707
1 16582 53316
20 26269 20786
20 56447 68092
5 71331 29579
18 98899 47898
20 73265 48180
1 13589 58809
15 68534 74497
16 26297 78339
5 21255 3227
4 21621 19808
15 18456 46077
19 18335 2524
13 42938 73854
19 30173 72753
8 26591 46017
18 27595 59606
10 98270 28139
5 75828 54435
20 99422 75690
1 18723 97311
5 91339 15766
14 84740 34101
15 46233 77039
9 37304 7211
4 76274 33802
13 63423 61396
5 9381 59665
11 29836 35492
2 28629 34914
17 30648 53636
16 52475 44974
19 20379 29713
6 90806 75946
2 35087 13250
3 52120 89523
10 15169 52946
2 37824 62327
14 88617 92162
1 93844 20790
8 74762 51438
19 52989 3912
8 46983 24291
14 75076 15096
9 80208 50182
12 92551 2301
9 38694 17470
20 46233 55293
12 13437 43909
11 16132 37753
15 53741 12514
5 44985 65503
6 81202 12485
11 47133 87561
14 89008 67769
4 44133 60319
5 88780 99013
8 86373 45246
19 46292 58682
8 98372 74814
15 71242 28554
18 95549 73538
11 23769 54740
14 76278 1872
11 43883 90880
5 61669 35012
17 81755 23791
16 19311 10164
5 12160 56455
17 48918 54826
12 23429 26068
18 10453 21616
13 62980 45385
4 27991 21662
4 80564 65545
2 904 27213
9 81563 8968
14 61234 28279
16 86150 40439
7 69747 89356
18 28158 12785
3 15122 23237
8 75624 86216
17 90865 14207
1 7978 94770
14 15970 95674
20 58974 77236
1 25769 38469
7 2727 24618
15 36139 94364
13 24376 22521
16 38681 37643
20 74601 13266
17 55906 4130
20 58872 12108
19 27383 28078
18 23107 87051
14 27798 12819
2 60767 15545
6 34174 51683
5 96937 76059
10 72485 14739
17 71269 89340
20 56268 45245
1 55474 4117
3 49450 31500
9 39099 54606
6 5983 82403
9 11336 43169
12 41306 77343
2 65640 74280
18 12495 46764
20 96992 18032
18 94755 74300
7 96647 29773
8 10646 79223
15 52723 18321
5 81850 24304
2 23796 35639
0 0 0