6 36838 70745
13 60117 36508
5 61760 64211
19 23164 61116
11 65584 87520
5 6705 86153
17 98818 7039
12 36728 6976
16 91291 34365
2 68360 49065
20 93551 85902
15 54180 46019
2 74497 7779
15 66468 30942
7 18358 96525
4 40697 3230
2 23532 2047
3 79149 38775
5 55848 30066
11 65260 98425
1 65093 91976
18 35670 46155
8 42755 20652
9 14050 87119
15 46461 5476
15 66392 46173
15 72474 69704
16 85596 48852
3 5693 4700
9 60155 69959
9 63681 35052
8 53109 70722
17 88556 13477
1 31782 27527
18 5948 73987
19 76638 40378
9 50558 12852
3 26525 98447
12 41266 4140
13 86072 64294
7 29303 27975
14 64509 81083
8 45869 69639
11 47881 1420
17 37011 7368
11 31616 84006
20 72394 34564
2 82875 61088
2 42208 2353
3 6241 88425
15 40232 17727
1 9275 82235
17 49040 28104
11 2281 75984
11 83047 12994
13 37801 44610
10 32932 17004
17 40914 99879
9 47343 42086
9 57912 48327
7 32774 88558
11 35611 97833
7 19530 46873
13 73088 49153
8 28066 32200
10 90412 70000
19 36762 2931
3 17676 43844
3 59678 91187
11 4032 49099
1 36810 81873
19 87315 17483
18 20054 37013
7 80897 10101
17 17724 38166
4 67544 28577
18 61974 65339
18 73407 83015
7 84718 42692
5 38115 46723
15 39839 83533
12 30120 70847
15 18234 90901
2 53220 71797
4 37359 89520
12 53696 57063
18 40033 19037
11 29299 92443
7 62410 77161
16 86707 15276
5 60104 55114
2 15372 85234
16 88123 3467
14 97887 56687
9 17751 94046
7 75780 47741
18 62387 87773
2 14332 17072
20 49291 79482
16 26943 66189
19 51317 26292
10 59223 41663
7 37976 29786
8 7628 27673
19 49078 45424
18 80047 21204
7 68079 83590
5 75147 97921
8 74657 47212
4 51328 74154
17 43274 25471
3 90333 84694
11 22625 22669
17 58385 30297
3 50831 79374
12 37322 59421
16 71554 27499
13 93558 2645
12 32635 77302
2 51193 28630
16 35940 71903
2 46977 62236
18 99678 84861
3 82165 43245
9 92324 94075
5 47907 31396
17 24692 2949
2 85067 96507
3 43362 29142
18 48870 80335
4 28531 16274
18 33662 63251
11 23487 62928
8 35981 45093
16 78771 37416
15 936 85322
2 82520 10014
2 91602 95081
1 3330 38443
7 92358 87312
3 10016 15842
7 99577 49504
19 51372 72990
12 88028 8971
1 67927 87742
8 41902 88677
5 47272 71196
7 55590 62798
6 60416 66127
14 94382 58485
12 8683 68501
15 39257 68077
5 33081 19449
19 89833 7476
1 91678 75403
19 30937 17304
16 55519 64575
11 90114 20164
3 19790 80579
16 87907 74961
8 43335 83644
2 14605 22901
15 35378 55982
19 29141 45815
1 31874 37492
16 22348 68429
19 1498 23947
12 51845 14061
16 64989 33851
12 44259 21757
7 82015 65092
4 88271 79697
9 62603 15074
20 56384 44214
9 57640 76087
17 34298 98435
10 28259 99933
15 86794 51777
18 65494 16765
5 24772 61024
9 59011 43039
2 76894 31309
18 17677 93912
1 14441 50296
10 57019 7935
5 37088 42232
5 85585 70490
5 58030 57284
15 44535 22777
18 64890 47548
11 7001 6559
19 14204 83452
5 1104 1128
4 3076 15568
14 49263 72586
16 71536 9674
4 92244 95259
18 12884 53288
10 85300 97822
14 74481 62711
4 24686 69712
5 17929 83916
2 42480 85019
2 60943 88095
5 29701 37358
20 6394 8894
2 25317 1137
1 14730 14021
11 61426 99320
11 30899 73801
4 47919 98487
17 71497 16415
14 78526 58894
11 86683 19837
9 10407 49538
16 6717 55931
18 12700 81247
18 13941 95977
1 68470 57403
1 20820 88302
16 35881 36220
15 20653 7716
19 89341 86241
11 43048 72924
14 84850 83330
4 64008 90047
16 52060 2746
12 41248 16687
11 44456 85156
3 46984 5975
20 23313 41856
7 98128 62508
9 89357 51849
6 39480 94897
1 9439 79746
17 28936 43753
15 4362 95813
16 61036 37060
19 13686 81516
16 23739 28500
18 22093 51813
6 56667 49941
18 98955 39297
9 27485 78777
8 28938 88216
4 13720 17151
12 88549 21513
12 66123 82549
19 60384 96234
15 39800 19973
1 25192 42066
11 52438 98732
1 42193 97687
9 83796 25172
5 20296 54109
3 36541 67828
6 96539 56376
10 52349 22499
7 45219 82882
6 19604 22681
10 22489 47872
19 77186 310
18 81823 42502
18 25756 26298
3 48467 46593
14 59393 83134
7 87470 79672
19 37060 32020
3 69198 77239
20 97571 96842
4 45915 19330
14 36326 96515
14 25468 78337
2 12297 4093
8 24297 52560
17 90405 11952
14 24340 99422
9 14651 36481
16 27461 5679
11 23151 3249
11 41522 49164
15 7765 85490
14 74318 10957
10 83373 23254
10 18725 47550
1 670 37954
3 65748 62294
3 10498 76945
10 87267 4405
12 41275 27556
12 92124 69078
2 62303 76842
19 28997 51160
1 74028 34532
6 23151 53257
15 24834 53926
3 38468 19674
16 51523 30172
11 1059 17439
12 56274 58713
17 14738 50837
11 22366 13139
6 15483 42136
17 19557 16163
4 46884 39314
14 21761 64148
5 34592 2615
9 9716 54138
15 61786 55197
19 18260 11470
10 2290 26208
20 55397 48574
3 85346 64056
11 66455 83613
15 82095 30496
3 50991 52257
15 73814 86848
16 16310 96564
7 88977 58349
18 79083 76609
20 27900 78899
5 27554 34295
15 40347 19641
8 95276 86095
5 66368 68189
11 76773 19180
1 51326 92994
19 28493 9303
18 59797 98280
9 46297 77362
5 44267 5262
1 68445 32816
7 41196 73163
11 78002 68438
9 98421 34806
2 49336 11578
6 52507 62903
5 42525 91395
7 29107 51191
6 74038 97488
2 95578 41754
3 96016 10198
9 30749 51394
4 85121 29396
18 25588 27816
5 34244 77151
7 62079 29657
19 82908 72182
18 13039 1289
8 41449 75327
7 47220 70905
16 58253 66920
18 2101 97668
8 19110 82789
14 4558 8377
20 24810 42621
15 56641 4699
1 51374 87607
15 37501 645
16 74820 42093
11 9626 89313
5 86186 47566
18 72943 49666
18 11094 68776
14 78640 73333
16 74001 98143
5 46514 54783
5 48683 6156
3 23034 43657
3 98674 18477
12 49640 28102
9 71511 14287
19 60301 87230
9 46758 98323
3 16005 76963
17 93628 50964
17 13870 97477
8 38812 46160
9 51360 69194
18 64553 67867
2 19838 17507
7 64437 89017
10 56600 49317
7 98429 96075
7 9033 12079
3 92970 5706
13 75049 19576
12 11912 58388
1 54930 9748
15 41605 74300
9 46756 94138
12 80009 58574
10 27547 15174
20 62315 13602
19 95406 22634
2 5458 15604
3 66474 90652
7 24966 2564
18 29617 57493
20 3462 99098
15 45173 45854
14 4390 25862
6 52624 53409
9 50175 15724
11 43800 11129
16 49504 16587
19 60913 83060
17 91898 8026
18 81271 37643
9 80391 41104
9 53810 86276
18 21368 90666
3 47499 43289
14 88803 93464
17 43709 37264
19 21248 86767
3 14391 47680
19 98186 39578
1 84543 20848
9 28394 1238
17 71343 55048
14 60144 76415
12 74808 23913
1 42880 12716
20 26675 56424
7 21599 77672
4 33109 92062
14 27679 90247
2 30275 74790
6 70512 3184
6 51853 74526
17 19469 34670
12 77750 9477
17 79320 52357
20 74354 79031
11 6651 629
7 25713 33738
5 92456 61416
3 98775 91691
18 25942 62203
19 54346 14055
14 37799 33524
1 97666 11274
2 81446 90594
13 77942 64947
9 30861 71597
9 61452 97310
16 84104 89765
8 97003 88540
6 84692 14481
19 75565 68827
1 40963 6625
8 41030 4291
10 50575 85737
9 12476 63678
1 53407 94539
16 94967 55990
15 70264 40093
13 6976 37096
11 35379 21788
14 25984 97352
8 30644 38314
9 68828 79344
10 18284 29918
7 58334 42393
20 63331 95800
19 39924 90766
10 13827 61029
18 77494 68005
5 29701 3383
10 96388 29367
9 31901 60011
17 74039 28838
13 20467 47122
19 52632 5456
7 48475 68786
6 38857 8710
4 85227 22536
17 71691 30
10 95251 29730
11 40597 26117
17 83295 58017
9 64305 32056
14 24659 52523
4 14931 5155
5 47595 53629
19 76057 92486
20 95286 77712
5 75542 49403
5 23803 44653
11 75447 85250
16 56457 68544
8 97478 32849
14 67336 57507
5 84316 72438
6 6751 20032
16 97972 96089
15 97903 91374
10 20370 66915
20 42866 90718
9 95092 66164
6 73434 22620
20 9794 20097
7 78209 87433
18 99146 71748
13 25237 78498
17 4957 76470
16 77162 74372
14 27079 94741
7 26399 37606
6 70371 32698
19 99593 6132
3 97358 15925
7 27971 94134
5 16091 93279
19 76648 18516
15 57236 23472
10 33913 634
5 1962 27712
4 36927 54111
12 62609 24481
18 54454 24074
19 68919 21431
3 3481 49401
1 25475 65492
20 19216 42140
4 91454 99375
8 40162 33288
9 63241 35249
14 81061 72176
5 36486 34784
10 24609 89237
15 18863 58155
19 29043 61635
9 33355 87109
2 30946 6325
10 47052 97778
10 86631 37940
17 26842 1180
4 94766 82241
18 16799 18726
5 63314 43335
3 33901 62198
15 25920 91240
7 67339 24595
5 74249 55540
6 23299 2592
5 71723 89222
13 53435 16064
13 70395 10829
10 59530 27628
13 83449 90941
2 96604 24842
14 67913 50761
13 858 18099
18 20911 92348
9 47289 15646
9 71444 87369
7 33539 40803
10 96813 11197
12 42328 70727
18 6569 54175
16 14145 50779
1 83918 18692
11 44930 19549
15 30537 40460
13 71683 87748
17 15420 59191
14 48380 92729
2 97402 89542
4 57254 31870
19 44732 38439
9 23151 52583
20 26412 36500
3 80433 81430
7 52554 11966
15 17022 83648
13 97135 99068
5 64617 47448
3 72901 44850
1 92381 2103
7 82588 46834
15 26970 69985
6 22130 96396
13 35980 76829
9 69379 29382
12 43238 46404
8 4843 43538
8 25639 8155
18 39164 81056
7 42231 73436
7 77168 56024
16 50543 82994
10 76501 5123
10 38958 41102
5 82845 10481
11 38697 53719
20 78196 58561
9 16764 84200
11 2778 23364
7 33642 65595
1 66608 42763
13 46407 93305
9 96191 69806
10 42371 8764
19 65380 91608
1 17770 30304
11 16564 8499
3 58896 25263
20 9382 28040
5 40923 61682
18 45900 28289
6 6901 74696
5 50896 70887
19 12 13258
1 90230 78637
19 90929 96407
5 45347 12970
7 58325 71866
12 55502 81247
17 76043 22170
10 62178 68070
15 91075 74971
10 13278 25866
5 5286 25877
7 6057 16107
3 98435 7036
2 21116 52382
5 52296 10706
19 8739 66208
15 93221 42250
20 39385 4428
13 13838 95503
8 62986 8780
14 83021 14065
19 16313 20121
2 28241 18555
3 36576 39671
14 57881 91966
16 51050 704
9 25467 93925
18 22053 33309
19 86708 47147
18 26334 10132
19 91825 93152
2 83193 9464
6 90667 37705
10 5177 74280
18 72069 32160
16 49666 83210
16 93470 8676
15 79524 30729
2 70006 17436
11 55989 43769
13 50752 35594
12 59579 18786
14 88527 9452
1 36030 14629
16 23202 86697
3 2341 36362
19 82183 29832
1 55950 9356
7 63026 79361
11 17248 35350
19 81601 86101
7 39106 45679
10 6074 34206
12 10747 70235
15 89698 93437
13 810 95777
20 95130 77960
6 98127 33909
8 31852 96935
3 83012 14182
11 77941 95783
8 8464 34888
17 57772 40962
4 16532 51708
18 89921 41406
16 50006 42215
16 46453 37345
11 72731 35471
18 8365 67322
17 23360 50334
20 73705 28275
19 10149 36738
6 92273 94510
15 8601 11041
5 95165 962
13 75164 50967
2 50940 97419
9 4676 70150
16 92320 78515
10 76899 1875
20 75660 75579
5 70203 85727
13 99634 77999
12 70027 86600
14 92127 81765
14 55632 56929
4 61352 7869
4 4416 12544
18 82951 4863
13 28808 81762
14 24998 57421
9 49463 27623
6 10665 27257
2 66376 97283
19 33128 89409
15 841 45040
7 19521 6392
8 35618 10808
11 21865 93759
12 86626 22566
8 53261 47564
20 95474 97027
5 23414 7691
11 29353 74066
10 21892 7194
8 96195 8035
17 27426 27555
18 66525 63173
20 18168 85038
19 74673 71664
4 12940 24924
13 8627 20398
13 31937 43812
14 82503 73165
9 30351 95056
10 67608 91250
12 49905 18676
17 38593 85201
10 38088 3368
7 31342 78041
1 47162 90980
6 10545 99606
11 70955 31542
19 39055 14045
14 81221 44395
13 30581 12002
11 87975 61906
15 72924 499
12 21046 38586
13 54206 69928
8 59029 17089
6 88775 27634
6 38920 98588
13 32876 37642
15 99995 18863
4 62171 49443
7 15596 37418
19 87697 10342
19 44999 31388
7 5668 85593
1 44377 44621
4 74066 33396
10 3360 72315
10 64197 5190
17 39077 5185
1 58352 67355
11 89629 82951
18 82812 70648
20 76493 15646
7 8759 21313
4 10953 65690
13 30236 39755
19 77151 43115
14 22654 7311
15 5799 46388
16 7806 4740
9 59256 94369
6 48123 77180
20 47331 53672
3 77927 62431
7 94115 73383
1 54923 3618
9 49126 80769
17 15644 3423
19 87351 9221
8 64242 17027
9 8489 76282
8 35685 24405
3 33529 71736
14 47018 49662
6 81820 43776
1 82311 98698
2 22556 47824
18 5916 63467
19 96587 50817
20 33645 15059
4 75443 23547
19 11609 59232
4 24954 92761
18 91971 39779
8 21418 21599
17 24248 3909
17 30696 26465
6 17912 32380
19 8551 28966
9 8411 62611
12 25296 38053
17 18464 49662
9 36035 74616
7 25342 66586
15 64310 88004
20 47053 12252
20 28493 42947
6 57757 60859
12 50487 69410
18 94034 77820
10 52640 3116
18 34792 21579
8 76176 57614
3 10321 82956
16 84245 47265
14 79766 94317
16 79197 22810
5 5091 80566
17 63365 31053
11 50604 25087
7 453 77726
7 88355 12517
11 25918 88693
3 38096 99013
20 16860 83257
9 83627 63023
8 62646 42220
12 84612 47310
9 67436 10674
15 19670 61278
20 49723 61730
15 82892 50085
18 37640 76002
16 50001 14097
15 45318 30956
12 87898 14583
5 24795 77229
13 84501 61840
3 24773 29276
5 96098 48945
17 92508 98667
9 66644 81559
19 53296 19198
14 28641 69198
17 2998 14515
3 60613 2413
6 81250 27208
2 44106 11708
14 54272 36481
20 75112 32578
10 57229 25086
10 1075 91729
6 95006 45025
10 64939 73666
4 48968 76664
6 63953 37276
7 93521 18525
12 317 62631
15 68952 16902
2 66863 92014
9 13718 49242
14 59241 50317
12 86321 45323
1 32598 10261
16 48074 59228
11 78063 23180
18 10466 16700
2 70075 17016
15 41392 85968
18 49190 52831
16 89564 66549
6 55024 25789
16 12213 12109
5 14426 44707
8 90305 92780
19 42846 70843
4 32663 81308
7 41004 51383
11 11976 92775
8 99850 41964
18 79737 31528
12 8866 86552
17 88310 98764
19 13077 13190
8 48104 3494
7 42358 46339
1 59792 79002
17 93926 20005
8 45075 31981
6 82193 31831
15 72140 11567
1 28636 20432
18 10920 8742
18 5312 21818
1 44411 69922
1 76290 12280
11 79012 72071
6 63041 65997
10 98453 11072
17 26640 93264
3 96790 65403
5 98468 94038
9 86696 4958
11 73688 10269
16 73870 54680
10 77544 30970
0 0 0