13 32012 79567
12 53924 8808
19 28774 25233
19 36469 31425
3 24657 36559
13 46785 81566
20 62392 66647
2 74565 64836
16 67773 56476
20 93686 15135
10 58414 47146
6 17177 1069
8 9180 29843
13 99731 66311
19 14493 90968
6 76602 37752
3 76091 144
16 83953 74708
9 63097 42481
20 58363 36166
3 5992 94580
13 33188 11756
13 69192 20935
19 30428 20666
12 23089 35159
10 52309 11761
18 63094 87851
18 40526 71804
13 82793 34900
1 81536 93263
9 95412 99255
8 56434 32443
10 18525 1635
14 10457 32062
18 68701 55151
5 17912 7459
8 4875 70552
5 91981 11077
19 53795 93870
6 58088 75405
5 98548 70816
5 33586 27250
11 80380 45774
12 48108 56231
18 36501 24932
9 60052 42844
11 95364 47718
5 18526 39699
7 13492 93493
6 43358 51581
1 66486 50128
15 88869 83713
1 43695 64092
10 154 12199
1 88675 48700
6 32347 8752
14 83476 4115
4 5158 22641
12 37915 36133
11 64543 79490
1 66574 45976
11 39421 34845
8 39518 78539
1 85388 78693
3 87490 67368
13 14523 99714
14 84399 83190
15 1992 88347
20 59285 26262
7 10069 90804
3 12434 57377
12 64926 96798
19 1131 36315
15 1428 21703
11 13923 9192
4 75118 23715
4 45064 8113
1 19124 10105
18 15824 69389
4 48657 79458
2 60980 91891
13 19278 56817
13 12421 57947
20 84103 59374
4 34477 73297
6 52219 48414
11 69675 93477
12 70320 12600
14 59312 28424
8 74566 77081
4 80623 38060
3 44057 57337
14 4289 69758
5 835 53860
17 19083 88337
12 46523 40555
2 97678 10229
20 56944 80549
3 26315 39860
9 65075 14425
4 83292 95048
12 93399 39104
3 60322 43392
17 85191 44227
8 69435 63309
5 26974 9832
14 32928 7509
16 32358 64453
12 44388 90768
20 84841 55842
3 2375 39133
2 57969 32531
9 70899 92853
18 53587 78044
7 90134 47478
20 15018 74452
2 80456 7379
3 56122 39737
16 12337 84124
14 8411 68965
5 18910 71340
13 24456 29308
20 69106 207
18 57148 53794
14 89415 43928
3 84992 58945
18 90400 39400
20 3317 95522
8 80686 7858
4 48822 16269
18 72801 35179
13 35912 59635
18 31554 28740
18 20048 85887
9 86585 75302
18 600 60293
10 89066 50693
18 84911 54009
17 20492 34695
18 40197 83516
2 28867 56317
9 88875 92228
1 78192 23781
6 67715 43828
3 11032 30412
18 98276 31012
11 44463 20077
1 30051 4988
11 11160 25479
18 127 65676
15 5362 94542
6 45776 83417
5 45825 61609
10 74613 29324
18 89288 40355
4 79265 38630
11 29535 83093
15 30497 13143
16 85468 24303
1 75132 24429
14 48313 29791
13 77810 75567
9 99534 21391
2 45039 96003
8 34371 85291
16 54114 64556
3 4869 94090
20 75701 24586
3 51519 10053
8 52817 85185
12 19790 33498
18 81305 11308
14 26236 10842
18 32776 55880
17 68639 90250
14 44856 44364
7 59703 49233
6 57643 24933
11 68726 76452
13 4110 29268
10 63923 49058
16 53526 30362
19 18696 56598
1 5255 89374
12 87818 58012
10 55671 2868
19 88079 62571
9 14577 20214
14 65661 88939
9 26797 93048
15 73119 56971
5 52938 10497
11 44064 29192
2 46032 34447
20 3878 22264
12 51974 77935
12 44434 66014
5 86126 80591
9 52750 46251
7 95826 73048
5 68170 46166
17 89570 99103
19 41333 43167
5 49693 89198
11 47426 93076
16 3171 45050
11 61784 89483
5 82968 75609
1 24364 28359
10 54699 24185
5 78082 92354
14 58436 81924
14 49286 23256
2 69328 72948
20 23816 20374
19 568 23544
8 55255 85328
6 75954 68295
1 77244 92659
6 24784 47358
11 45371 25439
10 12124 83875
6 77980 33160
11 87002 2488
5 85222 26303
9 76516 26871
14 12860 82125
11 38687 58079
5 40123 35322
3 69916 60106
13 23894 5476
18 70225 17600
15 98480 95579
1 49990 82581
2 74447 67802
7 19278 44318
13 87653 57178
9 41355 95864
1 63352 35986
8 78007 5902
20 40019 29796
1 27471 21
4 98796 98500
3 3281 48489
20 10253 22936
13 43528 42213
2 3673 29865
14 45943 71220
13 46291 34571
20 81961 12578
1 77736 52597
7 78986 80067
7 97837 78862
7 12266 82142
17 9275 92395
1 74086 35922
10 83215 39594
16 49520 85537
10 11689 31827
17 9844 13787
19 13901 91522
10 47753 70508
6 81626 68344
2 13997 80610
18 94858 89885
17 98653 63970
4 44662 47184
12 20535 96704
9 67627 8392
15 49290 18236
18 43531 32137
16 90367 79889
10 17270 61514
4 23035 75511
20 10941 70368
18 91242 69021
11 7464 13682
20 63280 34217
20 4633 1843
1 77811 51133
5 64777 94663
11 43264 85030
7 92259 2299
20 9597 25333
15 7545 36274
9 95377 27516
3 47178 34980
5 46164 98260
12 41853 2892
13 45934 80702
3 68250 45479
2 22703 88742
19 57044 81000
19 52898 90597
4 24263 98142
12 65996 93518
17 76750 40696
4 1185 86860
4 59837 28712
4 20331 74646
20 31958 42895
10 38247 65597
7 29565 22640
3 23181 75538
2 42131 99801
1 97354 65796
20 80093 42546
8 97810 43730
5 13787 3567
11 32655 23898
6 32224 55855
15 77272 94101
8 11062 23666
12 25851 46846
7 31237 88977
7 34765 86330
1 31810 66423
9 69551 64232
18 94151 78019
19 47462 10673
3 75419 42897
14 46271 20168
13 82719 31229
18 41807 57080
7 76432 88316
5 10858 23081
2 11079 54890
16 53846 24440
9 40342 18590
4 30405 66052
6 44366 41471
15 14181 87741
19 78096 70459
5 65677 12266
17 104 88698
14 23507 99555
19 33240 10634
10 9395 64480
15 49782 4822
18 68187 35227
12 97265 79592
20 69238 93772
18 61379 71868
12 84749 37545
14 65199 37648
12 33964 61155
12 25809 94394
14 72544 3788
7 43719 53569
8 33483 21756
15 89299 19020
11 86586 88257
9 71613 49636
4 27099 34385
11 94849 99583
19 51297 33546
11 7300 59355
10 73936 31899
11 5051 75617
1 40987 9099
6 12149 98398
10 62903 84984
7 7428 56596
17 23820 83694
4 77757 78543
4 69341 29840
11 22080 37140
3 69212 11075
9 20131 16126
4 24619 57112
6 50862 69261
6 96124 32163
3 29644 39591
14 12799 63410
11 30338 41167
6 47461 10507
12 98129 32587
20 8152 1798
2 50072 21928
5 67609 46546
17 94245 97408
10 19279 93531
17 29296 23175
5 95908 35973
17 46215 66311
6 75065 13771
8 33754 11899
14 29583 20050
15 36486 70122
19 59514 37730
8 39653 31975
8 89054 51253
7 70617 80548
11 91770 76456
18 76332 22670
12 2061 97734
14 38297 31488
17 7118 61070
1 77737 97555
15 70283 57068
2 9375 96721
9 45874 85774
19 75904 56390
15 29108 48159
10 18284 24491
15 73770 26552
14 43027 64848
1 24181 71966
13 25386 49703
12 96711 19986
4 5766 29360
3 46796 75234
20 39078 51137
12 11907 80245
1 61191 98528
6 33145 72298
11 2833 15324
4 4008 39505
19 66252 64890
9 26052 61601
13 42918 67367
19 56506 14162
14 55867 53239
4 11618 65145
20 15528 26336
20 43929 59480
14 98881 62312
17 18681 66319
5 10446 32571
18 51914 58623
10 13367 1540
4 4180 58046
7 70226 13912
17 87408 25530
10 84835 41057
16 80790 84986
8 49042 83866
20 32618 2546
13 55699 12992
20 43669 64905
12 93241 78272
12 10178 82451
3 41276 52676
6 25613 40084
11 75095 24919
20 50911 5708
17 86207 54749
13 83814 87367
14 47741 43065
16 44238 86734
9 99358 79974
5 56017 90152
2 70722 31427
12 99339 57040
20 53485 32134
5 48688 83045
6 28877 69251
17 92930 53065
15 59529 806
3 39120 45044
1 83615 44401
17 6382 418
15 11599 71139
1 69492 70478
12 67468 23962
19 90362 72650
15 18964 1526
9 2314 94456
20 73031 53985
20 86812 93104
9 87328 76718
18 67817 83100
18 38457 94698
12 40524 64189
6 99630 31657
11 90871 22018
6 65156 40981
6 8692 43295
5 5293 16325
16 2700 3137
14 45149 90464
10 31999 58280
6 19266 96736
5 77672 37260
18 6555 36890
4 59400 27760
9 84895 92916
17 11915 1608
6 33391 6901
9 8851 9600
9 77414 54748
8 22695 86747
19 51075 6012
19 74152 83683
6 61419 90238
13 80341 49638
19 21281 34532
17 3202 46447
18 28417 79837
19 69958 88688
1 14635 66102
12 49775 88796
9 43195 39871
11 33352 14022
7 60767 75441
5 25071 55781
15 17135 77062
2 2115 80263
12 88702 8680
7 82189 78637
5 85276 93271
18 43110 43046
16 87690 86241
4 38282 19592
7 72557 80358
2 97069 5429
13 71218 22564
9 79899 24678
5 35026 13380
6 69990 95569
2 93641 80844
1 83393 23954
9 61941 11643
7 80359 49925
11 12798 22481
7 20678 19549
8 84339 90767
12 25060 70666
0 0 0