6 20372 21640
11 7892 67772
17 40419 48373
4 86120 68333
5 37577 13420
12 20646 14902
16 72780 73123
7 78556 93380
18 49201 51909
19 46543 94272
4 73904 14644
8 25965 22535
2 10483 62953
11 26692 49073
5 47982 86650
8 3900 7295
11 83575 80075
5 15986 58630
4 1966 7831
14 96553 54373
13 13013 28277
16 51113 54242
1 56984 64725
13 11229 91416
3 33806 39398
20 69802 43297
2 20700 26871
18 44720 42857
10 62120 44822
11 31429 41375
2 95009 54387
8 73233 5500
19 73991 62484
11 37702 73712
10 50485 7517
18 49917 77318
6 56645 98017
12 43446 42737
20 88878 4857
9 42140 36285
17 49776 31294
8 85687 4526
9 75841 78517
2 30718 16218
17 77011 66702
18 62702 16619
14 91689 73263
13 47547 16709
2 46261 5587
3 89797 47726
10 74707 97501
16 14004 83188
17 58800 59029
13 66080 89746
16 47070 66757
9 35577 29459
13 1401 21147
7 65242 68693
11 71819 14954
12 83252 4751
1 30970 79458
1 9981 93462
18 93519 52262
9 55572 18341
7 33843 65411
1 78815 987
7 40405 2388
11 75258 67629
5 26819 39447
8 83967 22699
9 88840 53668
4 91215 63649
3 76777 57167
14 21367 12739
17 55704 46581
10 56797 25395
11 87348 65800
11 39046 41057
5 59436 67876
12 94780 51842
17 34875 40682
8 54426 31896
20 67439 8672
12 32714 30039
14 16329 85742
4 65354 42538
9 15365 29886
2 67764 68931
10 87791 28367
4 47265 23146
14 29437 58020
2 65276 12446
9 64764 79885
10 21419 12598
16 90813 28927
13 6787 94280
2 48155 9644
8 55322 77408
2 3546 65198
7 19646 12463
12 87587 41899
4 96209 7175
6 36727 71939
2 85917 93358
5 65146 84170
10 30116 90956
9 37624 39111
11 75018 94433
7 81342 97978
20 16033 17624
2 73868 5210
11 89724 1418
12 18025 38145
6 26211 24062
5 46995 89207
2 96705 19322
20 40694 56946
8 94327 31964
7 25368 13306
6 21606 29338
10 30307 3206
11 80906 92930
11 38679 10955
19 68391 37166
4 91460 84160
2 98698 80865
5 96892 21559
17 34196 15886
3 65932 41253
6 95646 62859
12 42983 93165
12 95529 74070
11 49493 12749
13 41602 81140
1 57771 72599
17 63147 71297
14 87844 68189
18 69487 2384
1 83094 68316
9 10006 63962
2 66255 6945
1 25710 2474
15 78093 51966
18 41431 93568
14 41934 51339
9 26597 14485
3 92124 2329
17 79210 71816
17 82182 54909
11 26406 64915
3 33489 31169
5 33736 56879
5 8053 34972
16 95118 76402
14 63323 18336
5 4126 44932
8 16226 37055
8 96514 16265
2 79185 98446
13 30173 24851
6 45121 58339
13 67014 92075
4 91380 127
11 67712 95245
6 37611 58568
10 58848 62694
19 94570 78919
6 32620 75432
10 42486 54617
9 7260 84789
14 36948 29910
6 97806 96923
4 15541 88303
4 68247 56015
3 97355 93625
15 44798 52473
8 37173 47043
3 66602 79663
19 12296 22148
10 56435 29407
6 25426 66355
12 52754 64160
12 72157 79701
9 91687 47947
1 6460 45302
19 79801 90100
10 15835 27272
19 30787 93874
15 21171 6169
20 66172 62604
6 95961 88029
19 55659 40783
12 12280 12940
8 57204 4626
17 58141 11086
6 52704 90887
4 99739 6722
10 93816 37508
8 67556 58679
10 63443 24851
2 88737 20811
20 80385 76469
8 36193 88749
11 71702 45952
12 55156 4093
14 83913 56796
12 2768 56534
13 48894 50350
1 88894 17905
13 35063 81348
17 43835 70084
2 40636 50469
17 78220 86662
15 28744 58363
4 83893 13519
5 50129 97431
16 7251 198
7 71093 49092
17 72444 37986
1 32474 73048
17 17354 16883
11 23044 57518
1 5202 35738
19 76109 64482
10 92966 48374
13 13916 98503
0 0 0