92
119 -100 -114 8 -78 -13 75 78 -7 -87 58 77 -14 55 78 95 -100 89 -88 -2 99 -53 50 27 -101 -33 43 -90 116 81 -113 108 108 -99 -11 -97 15 -64 109 -120 -23 39 85 90 -33 36 58 -6 -3 97 119 -32 -83 42 122 -57 -118 37 -19 126 -9 -4 107 -28 24 -32 3 -89 32 -16 -81 -118 -104 -124 99 -10 39 30 112 -91 0 104 5 44 18 -1 115 28 -91 -31 26 28 
92 5 127 -11 101 2 27 6 114 74 15 -117 78 -13 0 -10 -111 -16 26 16 -39 -97 -67 106 30 -79 6 67 17 -95 -33 -19 38 -34 98 12 96 -2 -110 83 -56 32 93 -106 -109 -34 11 -92 78 -91 52 -89 -60 112 -111 97 -95 23 36 49 56 -124 -97 -34 -30 -127 105 -62 -2 122 -106 70 27 114 91 46 -47 -25 81 -97 12 6 -59 79 -10 -42 49 23 109 -42 -55 37 
-39 -24 -125 58 -23 108 124 102 103 -110 45 2 -123 9 -79 -43 111 -125 -13 -5 8 56 -53 125 -113 124 21 123 -46 93 32 43 -59 35 -27 45 16 -30 20 -9 -12 -63 121 -8 73 -86 77 57 -84 -63 -75 51 121 -1 49 -120 -5 -57 -125 77 -92 35 -8 -23 -57 93 -105 86 -65 42 -51 50 107 -58 -85 53 -17 120 -17 27 -71 35 -49 -78 -93 127 -71 29 -58 -68 -21 -22 
94 98 82 -91 63 104 123 126 19 -56 49 -1 14 91 -75 125 83 35 24 -115 -58 102 -65 -24 102 -8 -122 -84 51 -16 22 18 -45 -24 55 -110 -47 50 -111 100 121 65 -28 8 29 24 5 -16 -69 -99 -3 1 -124 59 105 105 -77 111 -107 102 -33 43 -8 50 -108 -81 68 -28 96 84 -55 90 21 44 -30 -78 -60 102 34 -1 -124 -96 -127 -121 90 105 111 -114 88 -123 115 -72 
47 -20 105 66 26 45 -89 -5 2 -16 -42 -104 -100 56 -55 -32 31 107 94 34 -117 95 41 101 72 24 114 33 29 102 89 -51 -46 67 -112 107 -15 -73 -25 114 38 60 -118 65 -11 -45 -95 -108 -65 127 54 -55 94 -33 -81 39 119 -95 -55 20 -121 -94 97 -40 100 112 -60 -43 -88 43 -56 77 -24 -46 15 92 36 47 111 98 47 38 -84 14 -123 -37 -75 123 -5 -3 16 2 
30 -15 90 3 -30 -97 88 9 73 -96 -41 -78 -14 101 -114 -106 21 125 120 -60 35 -91 81 39 -1 -121 35 122 3 -77 -3 -94 36 -41 37 -121 -10 -3 16 -65 29 102 -15 -113 75 -2 -91 -31 -4 -98 36 -97 -62 -10 70 65 -4 -22 59 127 28 -72 -95 -63 15 70 -56 -123 -61 87 -60 96 62 52 111 10 -77 -108 106 46 -79 15 77 -13 -123 20 -76 1 125 111 0 26 
-88 33 90 54 -25 -93 59 42 122 126 10 56 51 -7 -61 101 13 -83 20 61 60 -30 -79 65 117 -27 -62 114 -44 66 12 -5 -29 -25 -78 73 10 108 -13 4 107 125 -68 30 -9 -1 4 -124 43 -103 64 -24 -6 113 -87 -17 -42 -22 -30 41 -84 110 -91 15 -43 -42 -40 94 -62 75 -29 -83 73 30 75 -64 -99 -48 -61 72 -23 -124 -80 98 116 -39 -46 -53 66 51 115 110 
33 -103 -3 118 -18 85 85 48 33 -72 93 -22 86 40 42 115 120 108 60 -31 112 108 -61 101 -59 21 -80 -120 -55 -92 117 106 -68 -13 96 41 -56 54 -39 104 110 -74 -45 69 94 124 57 86 105 -10 -72 89 -30 -5 62 39 -112 109 46 -40 -111 36 -62 -51 -105 -93 117 -34 89 -49 -57 72 5 26 13 -29 22 -58 -70 0 60 -15 -38 -98 108 -104 69 123 -122 -13 -44 -105 
-104 21 -29 -82 56 -39 12 17 39 83 -39 -84 -19 102 15 -124 -83 72 3 104 -70 92 -121 -90 116 75 -94 122 -65 -11 -111 -42 -117 -12 4 66 76 -111 -44 -12 99 45 31 -47 19 -81 -44 63 119 87 40 -79 52 46 -41 40 -7 -7 34 56 109 51 -114 119 -89 18 58 115 34 -114 -25 6 59 -121 86 -50 -75 -85 -114 -84 -126 54 -35 53 -28 52 -34 93 -83 127 21 -102 
51 35 -110 90 -75 75 77 87 89 -76 -35 20 -69 -76 98 -17 -34 112 26 -32 38 118 -106 -117 42 -13 103 86 -13 -3 112 -90 -95 -126 127 -43 77 77 -83 39 -126 10 -68 -68 61 -97 42 -100 -113 -59 -4 53 -69 17 63 101 -124 39 60 -10 -91 45 28 -59 47 28 26 -4 -23 70 -92 -22 -48 -32 38 -114 -2 -48 -86 13 21 37 -62 79 -74 -126 53 -71 41 -14 47 77 
-97 -53 -110 77 102 44 -54 -48 -14 -18 58 66 77 -32 80 -53 48 122 88 -59 31 -101 -107 85 -99 74 -113 69 -68 61 19 -37 -119 37 -87 111 -47 -13 -65 66 96 121 5 45 -39 -43 120 -118 -49 80 -49 110 106 -29 67 -121 -82 81 76 -23 15 -33 68 23 -124 108 6 -44 -32 69 -105 -64 62 27 109 -104 112 102 -94 -64 54 -16 -81 33 82 113 40 127 67 -11 -23 -46 
83 -82 105 87 -101 -16 -84 -6 -74 -61 58 116 94 39 -116 79 13 -83 -113 -60 29 -67 101 -16 -81 14 -16 114 -125 88 -59 86 -121 -82 46 -95 30 90 27 83 -99 -43 71 122 124 83 74 10 -127 88 78 29 -106 51 -115 -59 -62 -4 -73 -59 -43 -5 -100 -36 41 73 -4 -56 36 -105 -101 64 -20 98 59 -24 54 5 113 54 -34 63 -44 -12 -13 -31 56 53 93 111 121 -77 
-21 -107 14 -108 94 -117 -36 2 -94 -9 -61 13 -39 125 117 -113 3 103 69 97 39 -103 -43 -101 -6 -115 79 -41 123 72 9 -26 93 -105 -6 60 -94 85 -66 -61 -52 1 79 37 -2 69 52 -126 44 -7 98 -45 18 -73 -19 -116 -60 -68 -30 -64 -123 107 38 98 -125 -96 30 -92 117 92 -26 -62 -35 -74 102 91 122 27 92 38 -108 63 121 38 118 -26 49 -70 34 -108 -6 39 
126 -96 10 -127 -65 -87 -91 -75 -123 10 -9 -31 63 -35 -67 58 120 -102 -31 -116 88 -38 49 79 64 -29 -118 -29 -10 3 -118 -11 34 20 -10 97 60 26 -105 64 -91 13 -94 99 105 -33 30 97 -8 126 109 -47 -40 31 -96 -103 -125 -86 -5 -7 44 5 109 -50 -103 -28 -80 85 125 -58 21 -94 82 55 -122 60 -106 35 30 14 34 11 94 122 -85 126 -109 -83 -88 14 38 84 
-109 19 -94 -84 119 -46 -127 116 23 22 -105 -23 -50 -99 -91 -29 64 66 113 -30 -50 80 -36 -8 79 -17 37 119 124 -53 75 -112 94 108 -69 85 -66 -69 74 85 81 97 -66 -97 126 -30 2 62 -91 -13 -95 -14 -61 -3 106 -109 107 16 -118 104 91 84 119 57 65 -78 15 127 -19 -38 84 -66 -68 -110 -36 -70 -12 94 120 25 -47 -103 -116 20 21 117 38 1 6 48 -23 -31 
4 -32 -101 -59 18 42 -60 126 -123 -103 -67 -64 -85 25 -6 31 -9 -14 -72 72 10 -61 -35 -96 -71 -125 32 62 50 -119 -96 -73 -24 -70 -4 122 100 63 120 104 88 -75 -87 -125 78 34 33 -59 -108 89 -114 29 -99 -22 60 -43 -19 -35 -108 -96 -27 -77 -42 77 -19 81 71 -47 17 64 -70 -23 117 -30 -20 67 -124 -114 -119 -104 102 -106 53 -125 -1 -14 -40 107 78 -21 -117 -76 
30 -31 -127 -116 -78 72 -35 67 8 22 -83 -3 120 24 -64 124 38 -55 -108 13 -34 72 16 93 -70 103 73 -119 -45 83 -68 112 -75 -67 124 -25 -123 -39 -86 12 110 -42 -118 103 110 -54 99 20 18 118 -94 111 63 49 77 121 24 22 -125 107 -22 -66 92 30 -6 88 -123 -2 -79 -82 -117 -96 4 -108 -121 -13 -35 105 -120 111 96 -87 95 32 89 44 26 -14 -62 28 -35 43 
89 -71 -55 -44 -110 -50 82 -62 -4 93 -31 127 112 -24 -13 -50 -46 -6 -67 -77 34 -100 82 -4 72 -20 109 -118 -119 -53 53 98 4 126 -74 21 -52 -119 86 71 101 -72 71 85 32 -70 -92 113 51 -32 -92 -42 -4 118 81 -60 -30 63 -50 -21 -118 -125 -51 14 -127 2 -93 -51 10 121 -107 -17 -78 91 -59 81 -106 -23 66 73 72 102 -97 -59 92 112 9 -65 47 86 41 57 
89 117 -57 90 -8 -23 -89 -125 -29 -69 -14 20 -105 54 -27 -84 -97 -88 116 103 -114 -108 -83 105 -124 54 -88 50 13 80 -20 -26 70 50 -63 -66 -100 -24 -63 -2 35 50 -109 57 -23 -8 101 8 31 90 -16 45 110 28 22 113 -45 62 36 95 15 -112 -59 -43 66 6 19 93 109 83 -36 16 6 -18 -54 110 102 -81 -10 5 -118 102 -78 119 3 72 104 85 6 13 52 -107 
28 121 -22 -34 -1 125 -68 -20 81 23 123 -41 -122 -59 -58 107 -12 59 -16 -3 34 34 -11 -91 -22 -34 121 112 106 45 -122 6 38 -17 100 -90 -20 -96 17 -67 55 13 20 60 82 89 39 -57 21 -104 68 -73 58 -71 -37 -92 22 -44 -107 0 -126 -102 -121 40 9 107 77 117 -116 -33 -77 66 108 70 -2 63 31 -90 -122 -75 -67 74 -21 118 -124 70 -101 25 -101 -80 -102 -100 
-54 -95 68 82 -115 18 72 -104 112 122 89 93 65 -40 28 -31 -3 34 21 58 -19 -127 49 -16 70 76 -118 96 123 -93 124 -59 -60 64 -104 -48 -46 95 -25 -61 90 -63 -95 27 25 61 123 -105 -33 16 81 76 17 2 -68 -41 -49 -59 -73 -53 -24 -76 16 43 116 39 123 -58 7 -29 9 -31 35 41 124 -67 -25 119 -45 69 8 -92 18 -103 38 77 -16 116 -110 39 -64 -7 
90 79 -92 78 -9 -96 -107 125 2 30 -33 -91 -56 -37 -30 46 -45 52 -12 90 88 -122 115 -2 82 -29 -13 99 -118 50 -35 100 1 1 50 119 32 71 117 -94 -27 -44 -57 44 47 40 -37 -126 -36 78 92 -76 83 80 50 38 -77 -91 10 -67 87 102 -95 -40 -24 83 -48 -120 26 -59 -86 126 25 -16 43 -56 -104 -122 -54 -12 83 -89 40 39 118 -37 -51 -87 -1 86 -26 -41 
61 6 46 -91 -39 126 -83 114 -61 -42 113 92 69 28 -91 93 33 -18 -46 -11 21 122 -99 11 -43 -23 52 84 -64 -102 -85 125 32 89 -93 120 87 -49 107 -101 36 93 118 -22 -7 -101 -56 -101 9 26 16 -98 20 44 40 104 -106 -35 60 -43 -10 103 -45 -106 64 -11 -113 23 67 122 49 -24 87 40 82 -47 66 -101 -21 -52 52 123 -23 -56 39 -110 -79 60 -18 109 -110 100 
84 -28 121 21 89 -119 -83 29 -125 93 -122 89 5 87 -86 -56 114 21 19 38 16 124 110 -72 -113 -96 116 -4 -115 -121 -32 97 -21 -38 -10 -60 -29 34 96 -27 0 101 -65 -122 61 -23 -50 47 125 97 -42 14 93 -59 70 107 -28 58 -24 -16 65 72 -46 -84 -93 71 -17 5 -22 -48 106 106 -75 -87 111 114 18 -67 33 16 -97 119 -97 123 -68 100 103 31 31 -48 -113 -32 
-104 -32 11 -69 -88 121 63 18 -54 42 -4 -2 83 -20 -16 -27 41 -110 116 71 -119 -109 66 -60 119 42 99 22 121 113 117 -111 -46 1 -52 -6 -5 -117 -116 68 52 7 -62 7 115 50 108 28 68 96 -29 76 115 -91 -111 106 79 115 1 72 101 -10 89 -72 118 -91 49 -14 -80 61 -74 100 -59 -8 -20 -72 -86 -40 83 109 -71 -74 58 -84 -37 75 -105 -85 62 23 114 36 
-114 76 91 -123 112 13 -10 -95 -53 43 -123 16 -93 -16 71 -52 71 27 -70 127 81 116 -84 -83 63 -62 -41 -2 88 -54 -93 101 -106 126 105 -121 12 -33 -89 86 -117 -85 -26 -83 26 -82 -7 -30 73 51 -31 26 39 13 70 -25 78 -98 101 39 -25 -119 13 -3 -121 -9 3 18 86 41 -23 96 84 79 -115 -17 124 6 80 69 -71 -78 -32 96 62 -89 -57 12 -60 -83 -76 43 
-75 64 -87 -68 -73 43 77 -115 -43 -73 109 -86 -122 121 24 -125 -1 -24 72 56 26 -88 24 -40 -50 95 100 18 -116 -104 -66 -63 88 -25 -4 -112 -110 -54 -100 -25 0 -118 17 6 -125 -87 8 2 17 -47 -70 -84 -8 82 3 70 49 -24 -39 60 0 23 125 -40 125 -6 -25 -112 67 3 -9 -60 12 -120 74 15 -79 -46 -110 66 35 -52 109 -101 -98 -15 97 78 88 -70 11 -40 
81 8 48 78 -126 -105 93 69 26 -44 -119 -90 -36 82 53 12 -91 70 -50 72 -110 -69 98 -80 43 68 125 4 126 9 91 79 -110 12 29 -108 34 -5 88 -67 79 97 -29 -85 52 -104 54 89 94 -123 33 112 -64 4 -96 107 -56 -99 -17 -58 38 -53 -106 55 86 51 74 -7 -82 35 53 124 4 -104 -89 -71 -80 93 -109 -114 98 51 126 -94 -72 -98 -115 -1 -69 -5 69 96 
69 91 23 28 14 -31 -107 59 -124 73 56 8 97 95 64 -110 60 82 -97 30 6 -99 64 61 -69 76 -67 -11 -57 -125 -43 -115 93 107 40 -20 -51 61 -89 -47 6 95 88 -24 62 25 -7 -5 -20 24 -102 114 53 89 48 111 37 108 -28 108 111 57 121 77 36 34 -71 112 -33 -32 -62 101 -65 -102 -51 125 51 70 -8 -97 -34 18 -110 -109 -21 65 -125 -111 46 -25 125 29 
-96 119 -22 67 25 35 52 119 -125 117 92 -62 -112 -86 -65 66 111 55 97 -50 -55 114 -32 52 52 -29 68 -30 73 66 126 104 57 -23 44 -45 -115 -32 -54 -112 -42 -89 -47 -27 -47 15 -88 -64 -57 -119 13 15 123 109 -61 47 -47 -120 -111 -102 73 -112 -126 3 -7 45 85 6 -114 -96 21 -29 -58 101 72 23 -11 111 87 59 120 -27 -53 116 -45 13 36 35 21 53 60 -34 
69 62 97 -65 -20 54 68 -7 85 -39 92 -100 -66 36 51 51 20 10 -17 13 110 57 2 -63 -57 -90 99 91 91 32 -70 32 -34 -101 94 73 81 34 -61 39 123 -97 66 -71 67 -10 108 -40 127 -37 101 109 -108 -25 -81 -38 13 -110 -74 -24 50 -17 -119 -112 10 103 89 -37 9 -100 -126 5 -69 68 61 125 -70 42 -42 -70 -123 -69 -89 -103 34 -43 -13 -80 -25 40 24 -103 
-104 32 -87 33 7 -125 123 -111 -98 125 21 -39 66 -45 -41 124 125 44 -74 -126 103 -36 -101 10 49 14 57 -103 -74 -47 -78 -50 112 -37 110 -8 -35 106 9 -5 104 -97 83 42 -14 -86 38 -17 86 92 -15 62 -71 12 -56 105 -102 -127 -125 -48 -47 -75 29 -62 15 12 58 108 -9 -60 -25 -33 -30 -69 -118 83 -27 48 -61 -68 12 51 121 68 -65 -63 46 -40 -63 49 39 18 
101 -59 84 -11 80 14 -31 -57 81 72 38 -76 -125 47 -120 -24 -32 -54 35 107 125 28 48 -68 93 -34 20 -98 -113 -68 48 115 0 4 -23 -47 -109 73 24 100 18 -66 -104 21 109 -97 124 -51 -23 31 -72 -26 -68 103 33 -103 -58 -74 -73 -44 -15 102 -56 113 -21 48 -61 -3 -6 90 -30 -116 -103 -7 32 -122 24 29 -46 -127 -67 10 -25 -8 -14 -120 17 55 -66 71 -116 47 
46 -44 32 -102 -123 99 23 -2 61 120 10 85 -14 -85 91 -117 72 -82 -117 -123 55 -14 -3 -86 -7 -114 97 55 85 108 -26 3 -64 -121 28 -59 105 -77 66 39 -84 -51 -3 29 -8 -40 39 -64 5 50 -60 -67 -92 64 -25 29 78 -56 -44 35 -75 58 -89 -11 64 66 57 41 117 -5 -48 -95 72 77 62 -63 -91 -26 0 42 -104 68 103 -68 5 -50 88 -45 22 -83 117 74 
102 -100 -65 39 94 119 -47 84 -13 33 117 -68 -18 51 -4 18 -103 123 -67 -79 64 -92 -20 -59 -14 -59 23 -120 -14 13 82 -39 41 -111 127 7 -119 -48 -36 -5 112 -47 55 -33 -124 -77 112 -99 -81 -82 -50 110 -46 58 -77 67 127 73 75 -15 -41 30 73 127 47 72 7 55 -103 98 -77 -118 -77 105 -24 -73 -100 -39 -44 -54 6 33 -72 87 -36 -21 27 -37 -75 -25 75 11 
-123 20 10 51 -35 -110 -21 -11 115 29 -2 -90 6 102 -35 34 -65 48 108 68 -46 -91 28 45 15 -72 -120 67 31 82 -49 36 -25 88 -41 67 105 66 -71 93 -33 55 -125 101 29 -32 8 91 -112 -12 32 -31 25 -67 -114 -88 -12 -106 107 -108 103 -70 55 -49 -109 -114 -110 124 80 -53 89 -81 -126 92 -107 30 -68 28 -6 -53 -112 -102 44 41 -41 58 80 75 79 60 94 55 
118 21 -122 -119 35 -104 -123 -13 -30 94 33 -29 58 53 -126 117 -46 -5 -63 -30 21 108 -117 107 39 91 54 -10 23 21 -83 13 -86 -77 22 76 -54 27 -64 43 -7 97 -113 -77 23 -112 -88 104 11 -23 -54 -95 -43 -44 -115 123 -81 67 -14 70 -40 31 -44 1 81 106 -50 -101 5 13 70 125 -18 85 -80 -123 101 -40 108 -15 64 -74 17 -106 10 29 -110 57 -32 3 0 55 
-94 83 -71 115 61 6 -113 -62 -108 84 -64 1 42 -17 6 15 71 -14 127 7 40 17 28 -77 -82 45 107 14 -79 -21 -58 -46 -65 -2 -59 124 -123 -44 -65 -104 -88 -2 25 82 108 -97 -31 51 17 -31 -69 -71 113 87 -21 -97 4 -41 45 53 66 114 -121 -127 -15 -52 124 -10 31 -68 14 71 57 -88 25 38 -58 122 -38 86 -37 20 -112 -51 -21 -5 -20 111 82 -103 36 20 
-116 43 20 -3 119 17 114 23 77 1 -34 6 40 119 -84 109 114 5 68 -51 -102 84 25 4 -48 -123 -12 -94 -98 -104 53 -87 67 -54 37 58 91 24 -47 40 -103 47 -82 64 39 -38 46 25 95 -13 101 120 -56 -1 -3 23 4 112 56 33 -119 -19 74 76 54 -17 6 18 -120 87 -70 -96 7 -24 96 -82 65 14 70 33 -126 43 25 -55 -85 -105 95 46 -120 23 -48 -111 
-123 -102 92 58 9 -29 -52 16 -69 6 48 65 109 16 110 47 -97 52 -48 -96 -32 105 -23 10 -127 -55 -71 -120 95 9 -103 99 34 116 30 -84 -40 106 59 18 -16 -20 -45 -34 123 -63 -115 -101 117 -35 -69 -43 -57 35 95 -57 107 -103 -49 75 33 -25 46 -60 -36 -51 -17 51 -73 -85 -59 39 22 24 -123 18 88 -110 44 77 -17 102 -93 53 9 -126 124 -11 -102 -53 -64 59 
50 110 126 -114 -69 -19 64 -14 23 -122 -103 -82 29 -98 63 -11 -80 -21 -61 31 -47 -26 -44 90 -24 -47 -49 1 28 14 -67 -50 -4 -69 -36 55 39 -100 -87 -65 -95 -62 -20 62 -33 -85 -77 15 22 -10 -82 102 92 2 64 -60 82 -113 69 -17 29 -126 61 -103 -68 -103 79 99 -75 120 -94 -43 -70 14 -109 25 57 -58 -88 -49 60 -42 -74 25 87 118 92 42 -122 33 -102 34 
35 86 59 94 110 11 66 -92 3 100 -8 61 -13 11 -42 -84 81 -2 -5 14 84 49 -89 44 39 -124 -41 45 36 -16 -49 -56 -57 -117 -89 -74 21 104 -39 -103 76 81 85 -64 -35 -84 -21 -81 41 102 60 -2 24 99 -86 -65 102 0 108 11 112 -69 82 -73 -59 120 -20 90 97 69 114 46 22 71 109 114 115 -40 -95 28 -65 93 -101 86 64 -60 -106 39 68 -126 -78 52 
-67 -123 106 2 124 -41 -36 93 -100 -49 11 50 -105 -8 36 -118 80 69 38 -112 35 64 102 -28 -124 123 -117 71 125 -68 -4 -69 -64 -26 60 -67 61 -103 -101 89 -25 38 11 -3 -98 -80 7 110 117 -83 126 24 108 100 123 112 96 -122 55 94 -62 -76 -103 2 26 84 62 -41 109 89 -79 -43 -1 59 82 29 107 -39 11 96 5 10 -7 -14 -18 -12 -30 -49 -6 -102 -83 60 
-51 -59 -66 102 -102 124 -66 -121 85 -18 -37 -44 -86 -83 112 -107 6 -4 117 -117 -121 -18 -4 -12 98 94 67 -35 119 111 -103 -60 -75 -41 -86 -50 -45 -24 -43 -87 85 48 -4 126 93 -19 -109 -29 105 -119 -18 111 -10 106 -28 -39 72 -89 53 63 -105 78 -124 -53 -91 -82 24 -9 21 109 32 -22 29 -99 -23 -6 9 -5 92 -13 4 -54 -30 122 -76 70 -45 124 109 -119 59 -124 
86 63 -49 122 108 103 -14 2 84 -110 107 -15 -82 -44 106 55 79 71 -86 -45 -111 12 -51 -59 -45 32 -63 -64 40 124 -60 -2 59 18 -7 40 -7 106 -86 -51 124 -106 61 -86 -22 40 97 -70 -17 -116 13 0 23 90 68 105 -6 -122 -86 -93 -125 -19 33 62 126 -102 -26 -8 -124 16 68 127 38 2 -86 -111 -86 -117 -54 25 -106 87 -103 45 49 93 23 -84 98 65 -50 100 
-82 110 34 -83 -119 -119 36 -115 25 -24 -116 -65 106 -74 -49 -108 -63 25 44 -41 -16 69 -124 -94 34 27 -51 4 -36 27 -23 10 9 -116 54 17 -108 -37 29 44 66 41 107 45 95 -69 65 -96 83 -19 -9 -60 -77 -5 -27 84 -106 50 -39 -14 -51 65 123 86 76 50 -25 95 -115 -123 12 79 46 -8 -4 14 50 -67 46 6 42 -91 73 92 31 -81 48 53 96 -119 -89 -83 
74 -93 -125 22 85 -22 -10 97 -17 -125 49 -98 -6 -83 43 -84 -22 -39 49 -108 -2 -5 112 -98 41 33 82 10 42 121 54 -12 -99 57 -117 113 -92 0 82 18 3 3 48 124 48 -37 -87 -102 52 90 -82 -77 -43 -97 -48 126 63 -94 8 -23 -100 -65 93 -72 120 103 -87 -100 -24 123 46 106 -1 -34 102 -81 57 -112 -55 -18 105 -9 32 -66 21 111 -67 -44 -110 68 60 -83 
-124 25 -27 123 1 13 -104 104 9 69 82 -120 -93 57 -74 91 72 -1 -55 49 117 105 110 10 88 -84 93 106 111 26 -105 115 -76 -5 110 52 -119 -121 28 17 75 -17 24 110 -88 78 74 111 -50 -108 32 -61 124 15 77 85 58 43 63 42 -59 85 29 -7 -47 12 -82 -38 18 74 106 -34 -71 3 -52 -31 -46 -106 -48 31 -87 112 98 -90 0 47 122 -70 -38 57 100 31 
14 2 -103 95 -113 -58 -71 33 -112 -92 126 -55 38 -53 41 119 -32 121 23 9 105 -7 46 -22 -87 40 36 2 -30 8 -94 112 -117 -70 79 -103 -1 -119 57 15 -84 56 87 81 -125 1 73 -29 -5 -32 108 -27 89 27 78 -126 -60 -14 3 37 121 36 21 -124 94 -27 -99 -35 -19 86 107 24 15 67 -23 18 -59 -77 116 63 19 97 -92 -20 -3 114 -19 64 -28 112 -26 -34 
21 122 -31 -13 -33 -2 79 75 -44 59 -28 99 -1 76 -11 68 127 -22 4 18 -53 40 125 71 26 -21 8 125 -37 109 -37 112 104 60 -29 -57 -69 -77 -109 14 110 -10 -15 -19 -61 102 -78 -61 -48 53 84 26 -35 82 -30 119 -67 106 116 24 87 -48 8 64 -116 107 -120 -58 -98 -101 84 -116 16 -58 -7 83 -84 43 -106 -5 -32 106 -106 61 60 -8 53 121 -30 41 18 -70 
121 -102 121 -122 -122 -126 -53 -93 -100 -96 -81 43 -26 40 -1 18 -45 20 -115 51 -2 -93 -15 -69 26 -90 -75 124 79 70 -74 72 96 -80 77 101 -79 -103 -120 -51 -71 -73 120 30 94 -9 -80 -79 -116 -67 100 10 -32 -43 68 121 -6 120 118 -55 63 -83 -110 31 -36 95 4 13 119 12 89 -80 67 81 78 33 -55 126 82 -44 -69 54 93 27 -117 34 20 5 27 11 78 -38 
55 96 121 -109 63 -3 32 54 -118 -6 102 76 -52 53 -18 20 51 -63 103 110 118 69 9 -126 -25 -98 7 -125 40 -43 -35 -33 -74 -42 -14 116 83 -110 43 93 11 17 42 86 -58 -104 -21 120 -40 -46 103 -49 -104 -16 -47 -1 13 87 1 -75 -83 93 19 -30 -76 -123 -41 -121 -105 -126 99 34 18 14 -8 88 37 99 81 125 -74 56 -51 -51 -88 30 75 52 -11 -51 105 34 
-85 -4 -123 -34 1 -37 -27 23 -36 -55 -71 110 86 49 70 -4 20 24 -6 73 -48 70 -105 -9 -28 97 -84 89 -81 -107 -4 -39 17 1 55 -110 91 -99 40 -72 -27 97 -89 -68 18 108 55 -89 4 -79 112 84 119 -121 -52 -37 104 -9 -75 -105 12 48 -16 -99 -79 -88 -82 -115 -60 86 -59 41 55 -21 100 -54 -40 28 -16 92 76 -31 48 67 -25 123 -97 -49 -13 -45 -26 126 
-124 85 -101 -75 125 -55 -62 -63 -97 6 106 86 113 78 -96 -55 -22 16 -91 -73 112 84 121 -40 80 -103 39 -61 -20 -115 -62 -16 98 -36 36 95 37 102 -95 67 -20 -117 26 -35 89 58 38 -61 -53 74 -7 -68 31 -13 19 -16 12 -70 50 119 -58 115 -25 -87 -48 -116 -120 116 113 -87 56 -34 -77 -45 59 -116 -115 -30 -49 -41 -84 72 18 75 -68 -90 -69 71 -33 109 63 37 
97 -89 77 -78 -77 85 -89 -92 125 94 2 -79 -79 -66 -68 -66 31 11 20 75 -45 -89 23 14 -52 81 -42 43 63 -107 -47 32 -69 -97 81 -19 116 119 17 113 86 -108 -93 -120 -46 -34 -59 113 105 89 61 -68 127 -44 74 -52 -90 -96 119 100 -75 -56 5 -16 -26 -41 92 -38 -49 -18 -52 -91 2 -18 -83 83 76 -15 69 53 -53 2 113 -54 85 60 22 123 91 13 96 -112 
84 -27 -1 -69 59 -36 21 -117 74 97 -81 -52 -48 -36 -96 -100 77 100 81 -104 -26 67 -31 -68 -1 119 -72 -37 4 -104 -21 -39 -4 105 20 -72 -58 -87 -62 -112 -118 -15 -36 -39 76 -5 -11 25 -32 -57 49 70 -117 -110 -125 9 -118 -70 100 13 -47 -49 102 76 -72 -6 -123 -2 34 -58 14 44 55 105 -122 4 -27 -5 -98 69 66 78 11 76 96 13 -42 105 70 -70 -10 -104 
8 -35 99 64 86 104 -65 -8 -82 76 -91 101 54 -86 -23 -101 37 6 95 -25 -44 -21 -77 -76 120 9 -98 63 66 20 86 -53 112 58 -116 70 34 -54 -65 80 -106 -29 53 75 13 -97 102 -78 37 69 25 120 -79 76 -83 -87 -43 -54 104 -104 94 62 -30 78 -8 -18 20 -101 55 82 107 76 -74 33 24 66 63 -2 116 -28 -60 13 -35 -12 -39 10 29 46 84 5 69 50 
-61 -88 0 59 21 -107 86 -51 102 65 -103 -100 -30 49 94 -94 -81 83 6 -14 -32 99 102 57 -18 4 -24 -62 -119 -82 116 -52 -43 -11 -120 106 9 93 -72 -16 31 -48 12 -126 -126 -21 -92 -80 -66 41 34 29 13 8 -41 122 -115 62 -67 -107 107 -78 -31 -63 38 -24 -84 -80 -58 -29 32 101 51 -84 102 52 22 -117 100 84 52 6 -14 -63 -113 72 -68 -101 7 -8 -80 -13 
42 16 51 -48 119 95 0 -66 -62 -96 -93 117 -52 -118 41 98 -108 13 54 71 -108 -88 -119 -93 112 -60 -67 -8 60 -20 106 -26 124 30 54 115 -3 -73 -78 63 -42 -44 52 33 -34 -34 4 -15 107 -70 -71 126 -30 -63 -95 -46 5 -34 74 -63 74 52 39 70 -46 -34 58 79 20 107 15 105 -64 -61 11 29 33 -113 -113 12 -55 -56 11 42 8 43 124 -115 -118 70 -50 83 
-5 116 26 77 -45 -44 28 102 -64 -84 80 0 -18 -36 -99 -112 -21 -84 27 51 -13 -90 -34 123 81 -37 -119 91 -95 -42 46 28 -53 -56 -23 29 28 -122 3 91 -79 -44 -37 31 47 -8 46 -102 36 -54 76 -105 -17 -85 -109 -63 5 -101 -100 38 -16 74 -62 59 -109 42 -40 46 48 91 10 96 -81 100 -1 94 -35 -82 119 -127 -9 68 -104 102 110 -86 -89 -13 -59 -61 -102 53 
-115 -37 -16 -96 -122 72 77 54 35 -41 22 82 -68 -106 48 24 -61 40 25 58 -20 49 32 -38 90 71 77 -96 -117 102 84 -104 -62 -60 -73 -56 -116 -124 125 47 -37 20 2 23 41 -77 -80 108 90 72 38 -57 -6 -57 32 -44 -114 -18 -12 -104 -43 -56 -80 23 11 -26 95 23 -22 92 -57 68 -15 72 -36 -102 123 11 -121 85 -44 44 -100 77 115 60 -94 -127 -85 21 -103 -1 
92 -56 -105 -24 46 117 126 -104 82 -58 92 -61 -114 -72 -35 -118 66 -29 94 -105 -112 122 99 -125 55 -123 -124 97 25 -99 -31 -10 -28 -8 93 -110 -19 92 -86 -65 -94 -122 2 -80 -66 94 -71 127 -62 -104 -106 -46 -109 121 -43 73 125 -40 43 23 -11 -115 -115 88 4 106 106 113 71 -107 -79 105 -102 50 -103 -41 17 -46 -41 83 -22 -19 -91 -4 -26 -7 -58 -28 81 113 123 -58 
126 -120 -97 3 114 -118 -12 57 -98 36 35 -72 -41 59 15 104 -114 101 59 -9 -45 96 114 57 -38 -71 -99 -84 -86 -104 -14 -88 -96 16 42 -109 26 -97 76 56 67 -17 111 -102 -85 -1 -125 -72 -27 62 46 55 30 33 -16 119 89 13 -92 -124 37 21 -84 69 -90 85 87 63 116 35 -9 55 -110 -25 81 -68 101 83 -12 -53 17 -94 -126 -81 67 -14 -89 29 127 -54 32 36 
95 75 -23 -123 33 -63 67 21 99 -69 -52 117 34 -99 -78 8 111 38 82 1 72 84 48 11 -58 86 -88 -58 -95 72 105 -127 19 -45 -123 -76 19 71 73 -9 -125 -107 -19 36 -79 31 -83 -95 -59 126 33 -115 82 -47 24 -103 -88 63 -34 -55 7 -56 -55 -101 26 -51 -49 -82 -107 -104 37 -104 -84 -109 59 -35 50 104 -2 119 102 -96 -124 57 -15 27 81 25 -37 -80 97 98 
-9 -85 124 -110 -8 -53 -64 13 -30 101 36 14 120 -32 106 42 -56 -23 33 -82 8 37 103 120 -63 56 17 27 104 -13 -2 -33 29 -6 -15 -106 69 48 34 -88 21 -58 53 13 37 32 -72 108 -119 88 -101 16 -3 -126 9 61 58 -101 -39 34 13 86 -126 -85 -47 -14 -64 -106 -94 97 -67 55 -89 114 -59 76 18 -4 57 27 -44 83 -84 81 85 52 15 16 78 103 -77 -37 
62 -76 5 -113 38 69 -92 72 38 -31 0 76 -45 68 24 101 -64 -46 0 20 -91 43 -26 122 -32 116 10 -82 92 61 9 26 112 -113 40 23 83 76 -33 -7 -83 94 -58 -1 35 94 -28 98 -80 100 -9 -43 15 93 -49 110 81 89 -99 46 22 37 -56 7 52 112 -98 7 60 -3 -127 105 -36 -57 -23 126 -91 77 97 -43 49 -40 41 -64 -75 120 -81 -121 82 -52 52 -24 
112 124 111 37 108 -115 -83 41 10 -83 18 101 -12 122 99 25 71 68 109 -7 -99 23 57 -46 15 103 -39 -31 -77 -115 73 -92 -118 56 73 117 69 117 31 -49 -93 -78 -75 22 -84 -104 -81 115 92 -99 -20 121 51 -91 -52 -61 -115 36 36 -64 49 -19 -28 58 -90 -83 48 106 -94 -49 -70 -60 0 -18 89 44 6 -119 32 -29 -91 -116 -35 87 -79 40 -101 -66 -52 62 -3 124 
-85 96 54 -47 -115 -25 -68 -82 53 -11 -14 -74 99 -52 98 -22 -44 2 77 -7 13 -86 -47 62 81 -21 123 -98 -87 -7 -101 -44 -39 81 37 -26 -72 96 20 109 -42 -122 -93 -71 -46 -123 35 38 6 -16 -97 -108 26 -17 82 -20 90 78 9 -124 -57 35 -40 32 -12 124 -122 44 92 25 25 -78 31 59 -21 112 64 -114 22 -57 -2 53 -37 -104 -91 -83 3 126 123 -115 -125 -62 
48 -38 97 -91 -42 103 80 -77 1 -23 -28 -95 -91 78 -111 100 92 39 -84 -37 -35 6 -14 1 51 117 0 46 -125 2 112 50 91 82 86 -78 57 39 -28 -69 -112 71 -37 -75 22 -20 -102 -13 -109 -59 77 -16 75 -64 112 -1 -74 -16 -83 -72 114 -98 106 77 111 65 127 41 -24 -29 100 -8 -85 -65 44 64 42 69 -76 61 -117 -127 -83 85 -63 -98 -44 -10 13 1 46 0 
30 24 -51 14 -38 -52 -72 66 47 -100 -70 89 -37 101 26 -122 43 77 66 53 78 111 11 -113 -114 94 4 26 -32 -78 -101 125 74 -25 12 -92 51 67 101 -30 95 -96 -68 -70 -122 85 -65 48 34 -126 -26 -16 113 112 -2 126 78 -125 25 -82 -75 51 -84 126 -101 56 -93 77 -4 -120 -80 -37 -89 -21 21 -83 -63 84 92 98 85 -62 -45 70 -77 81 69 -126 83 -34 -81 -119 
-110 -37 -121 -84 -109 -87 121 14 -79 -87 105 -40 20 -2 4 84 -46 -31 55 -88 35 -118 110 85 91 51 86 47 -110 -122 55 -93 -32 61 -49 -13 102 -56 -126 -104 -15 107 -17 -123 -23 115 89 59 -44 16 99 118 26 81 75 -11 5 34 -92 22 39 91 57 -120 24 -120 -5 -1 -49 -4 22 64 -25 -122 69 80 120 30 12 -52 -81 -17 -61 73 -63 -113 -65 69 48 -30 -36 -40 
-66 -106 -33 85 -98 89 -43 -20 -42 106 -83 61 112 113 14 104 15 -101 -75 62 9 -8 7 74 6 69 16 -73 -88 108 14 -27 -126 109 -69 -97 71 15 11 -98 -6 55 90 -22 40 -23 -45 -72 3 8 117 -115 127 -3 86 6 -62 -25 60 -22 -45 -53 78 -44 -72 -119 -13 127 24 126 -99 -109 53 118 -3 -34 -32 80 22 98 -40 12 111 -40 -119 70 94 -54 -83 26 51 -1 
101 2 83 -98 11 -57 -99 -92 -59 -71 -74 122 -80 51 -39 15 3 110 -14 90 -6 -31 -77 2 -88 -111 76 -44 43 0 83 16 -125 39 46 13 109 74 48 -77 -125 102 -83 -78 25 5 65 -100 -12 -77 118 109 20 -86 -16 59 -69 -68 -113 101 60 98 -10 62 9 -92 -53 -9 110 123 41 112 98 86 -93 -4 -37 99 23 79 -105 14 60 42 56 -83 -26 114 -24 -11 88 -92 
-41 -49 98 96 -14 -82 -41 -32 -87 -127 -47 -116 86 -13 7 -78 -41 -97 -127 -19 45 61 -104 -27 105 -3 -41 -46 113 -80 -10 -56 -2 -40 -87 112 5 -1 -48 46 -1 33 57 -42 -107 -64 7 -21 -34 7 87 -117 -59 111 -16 -82 -20 71 -1 -35 118 116 37 -12 -52 77 -28 81 -51 52 -1 76 -42 -72 -94 -22 -9 40 84 85 -80 44 96 -12 27 -48 33 -120 -105 -95 -28 -114 
-107 -118 1 -31 87 101 -78 -92 26 49 111 111 104 -111 -39 -32 57 -83 -74 104 89 -106 -35 -12 -27 126 -5 -4 -97 95 9 -76 105 -117 21 64 111 71 99 10 -8 82 -7 -32 99 81 64 28 126 117 5 88 -117 97 -51 -16 95 72 108 126 39 -10 -78 17 0 70 -47 -16 13 -76 121 -122 -121 -13 -27 106 -60 -90 7 -61 -101 -116 -101 -90 109 -25 21 77 -81 2 75 86 
119 125 -25 -9 68 56 103 -46 107 96 -41 114 -45 60 92 23 97 -28 90 124 -17 116 -94 -35 -36 55 -86 11 -71 117 -30 -79 115 73 39 55 1 15 -118 -20 -17 -32 -33 66 -99 -68 -38 126 31 -76 122 -113 -87 -99 -21 5 83 21 -112 -115 11 -14 -67 -2 -69 100 -74 59 -13 -65 -88 98 31 6 37 59 65 126 57 -32 -78 52 -17 -37 80 89 95 36 -17 110 48 121 
-32 109 -8 26 82 45 -42 -58 108 -3 -87 11 -124 77 -58 69 76 127 -90 126 51 20 -39 3 -19 -72 -89 91 -89 87 85 7 69 -51 -94 24 121 -9 93 101 116 -121 -15 119 84 54 60 32 54 97 30 -23 -11 119 108 98 -81 -109 62 -42 106 19 92 47 95 125 -57 89 -11 -91 62 -23 -85 -81 -32 126 101 -99 31 27 125 -67 -123 -13 -76 112 -43 -29 -124 -109 56 109 
37 21 28 5 18 99 -34 -121 -120 -99 -17 -77 -52 79 -78 -78 107 80 77 105 -114 81 -36 -62 65 49 36 68 68 -35 50 -22 113 -49 110 4 -78 -51 10 -70 -22 121 -19 53 73 30 102 52 -18 52 30 -4 5 122 61 -57 43 -31 -116 -16 62 61 89 48 -116 72 -76 -66 -106 62 -8 -1 55 100 -75 0 2 -101 -75 112 79 83 -20 -44 77 -87 26 -7 10 38 104 -55 
-29 66 120 -17 11 -84 44 32 106 -92 -97 34 -119 -45 -94 11 -18 -41 -4 -67 -86 103 17 119 -111 -84 -16 27 81 -39 100 -75 -101 92 35 37 -119 -48 -58 114 -12 -27 20 -4 55 54 -121 -90 -114 2 -29 -72 -22 116 -81 -5 -96 31 -105 113 119 122 -90 -110 87 73 55 95 -102 124 82 13 -31 -25 -119 -103 -98 -112 -65 -85 18 34 -29 124 22 18 -8 54 -79 14 40 -88 
8 78 -70 -32 24 113 -65 49 109 -110 -66 -49 -8 -57 -24 22 -41 38 65 104 -55 -92 101 94 54 -35 21 102 106 -66 -113 -13 -116 -55 82 35 -70 -110 -44 -88 -92 18 -10 27 88 93 -78 -81 4 114 -104 76 -105 124 43 76 -39 -63 50 -60 -2 65 55 9 -118 9 -83 -61 27 0 -22 62 -110 96 -38 106 61 11 -103 -62 -2 -79 -114 20 -83 56 -32 6 121 -109 74 -9 
83 1 127 92 -117 -83 -96 37 44 10 -28 62 -22 61 40 -88 -55 65 -23 70 113 -10 -38 -98 -81 57 36 -87 76 -18 31 31 111 31 -4 121 75 28 31 -9 -90 -125 -74 16 64 93 55 -119 30 -96 78 15 22 -87 45 69 98 -46 109 46 63 12 -50 47 -84 73 40 118 -27 -56 -18 11 -53 35 -101 -117 1 81 -109 -97 113 97 46 8 -118 -36 -51 108 45 -69 26 -19 
71 103 -100 114 49 68 104 -105 -116 -41 33 -42 121 59 -31 -5 13 -12 26 -1 -42 -56 -121 -33 36 -44 -52 -47 14 101 62 -43 77 89 -56 -2 29 -79 20 41 7 -74 127 1 113 -32 123 -2 83 21 124 -87 93 -124 8 1 -41 83 82 100 57 17 -70 6 -22 1 -123 -120 50 24 49 -71 78 48 58 63 -111 53 -66 99 -53 -69 -115 -88 -66 21 41 20 -23 -4 -7 -93 
-115 50 40 -9 -76 44 -1 101 -59 -80 -97 -109 95 89 82 111 15 -112 83 89 -54 96 -126 7 -11 43 -101 94 -88 20 -127 -76 -58 41 43 -6 -42 -86 -32 26 -39 -2 45 -71 -40 0 -87 102 15 123 64 88 91 66 -33 -47 -19 -6 -80 20 -114 -80 72 -44 88 -13 77 -81 29 -83 72 117 43 -10 -82 -124 117 -42 105 5 -46 42 -35 -82 -20 60 -1 89 -73 46 -18 -60 
94 -74 24 55 41 -26 101 -58 18 46 -69 -66 -91 -23 -63 -102 63 -85 31 -110 84 123 -65 -63 55 62 -102 109 -20 7 -78 -53 61 74 -126 -26 -80 102 44 66 20 103 127 57 -48 -63 83 -112 -20 -14 -95 -64 -19 -32 1 -91 -98 26 -109 10 -94 -59 84 94 -113 85 -59 -66 60 112 127 -47 87 127 -118 -88 -64 92 -72 43 -50 -39 107 59 56 -20 95 86 -121 114 -32 -87 
-73 -76 -121 -59 -118 -52 3 70 -67 2 -105 -108 1 -95 -68 65 124 -13 -19 -53 76 -40 -122 4 68 101 -37 75 87 58 115 -114 110 122 -45 120 -58 85 62 2 -41 84 22 88 116 82 26 113 -58 -121 -68 -110 -33 -62 22 -92 -89 112 110 125 43 97 -116 25 91 -34 17 -94 -77 -49 36 10 -92 -69 -29 -103 -115 124 -118 -45 -125 -58 -27 -30 7 122 5 45 107 -13 43 22 
-43 54 -81 -80 -108 64 -46 -58 -113 117 80 -77 -79 -77 -53 -66 -81 -43 16 -78 26 117 19 -95 111 -103 78 91 11 -7 -15 96 -81 32 -112 -61 -32 -30 9 -17 -40 -39 33 8 11 108 69 58 -62 -42 108 91 -53 0 124 -69 24 75 -106 -92 -60 6 -124 -13 -89 -108 53 6 -11 -66 116 77 23 22 -43 -93 3 -101 92 68 -15 72 32 60 -56 29 118 96 -24 -115 -124 44 
19 -121 -97 57 -102 84 -65 15 -110 -76 -36 41 74 49 75 -51 75 39 -110 -67 -16 49 120 56 -50 111 24 54 124 27 -30 15 34 0 -56 60 -43 7 -53 -25 59 38 -112 5 -40 90 81 -93 2 98 -32 113 20 -39 42 97 -56 -62 24 -60 93 121 83 -1 -6 -100 -69 78 34 6 -75 -34 -84 -60 98 4 -97 52 39 32 23 -121 18 -85 -33 -68 -115 39 -2 36 107 -37 
30 62 90 -104 90 -107 101 -3 26 -101 90 70 -33 60 -54 -3 -15 113 -98 -120 119 47 -77 -41 107 -64 125 -23 99 105 68 1 40 30 25 2 50 -2 126 -51 24 89 -108 118 21 -34 -12 -122 -49 17 -114 -57 -64 -64 29 -85 -1 26 20 -29 4 -40 100 -84 117 -3 45 40 123 44 117 19 5 -118 10 -101 -25 125 -95 54 15 -81 124 79 -18 25 121 109 -76 14 -47 55 
101 -75 99 91 49 17 4 44 -67 -7 -64 66 2 74 93 105 72 126 31 -41 -83 27 -90 27 -75 -96 8 -23 46 89 -96 20 -114 -124 -17 63 20 114 -20 81 -20 44 20 109 -10 -15 86 -65 -16 -10 22 28 -110 59 -72 -58 91 64 46 10 25 78 -98 38 81 12 -26 -26 -1 81 -73 106 -3 74 88 115 -68 47 -78 43 -90 71 -56 -73 3 -1 -3 -33 -65 -85 104 87 
121 -122 -2 75 18 99 -79 -111 52 -25 123 -79 -78 84 -92 -19 4 -42 -103 41 -99 -32 95 32 95 -36 126 -98 7 103 116 1 108 -14 -52 -2 -42 -4 15 -118 99 11 -69 -106 -32 -33 2 99 52 27 13 81 123 -20 -14 90 72 -16 119 -48 -41 108 80 -60 -33 -99 66 52 25 -46 62 -3 92 120 18 -67 -41 -107 -96 -116 47 45 93 42 -103 -49 5 97 63 -3 -78 -105 
-23 -125 -38 72 -96 -99 -3 56 -18 -69 -75 -53 -77 70 7 10 90 39 22 10 -44 -13 -75 -19 65 57 -49 1 -74 0 23 31 3 113 -25 34 -114 99 -38 -4 -97 15 70 -47 -43 -51 91 -80 116 -15 57 -56 99 109 53 37 39 -124 -90 92 4 61 -4 -120 46 98 41 60 70 -124 -72 100 18 126 -74 103 -52 -111 -105 -64 1 79 8 -27 61 -67 -118 -28 -63 -80 -63 69 
108 60 76 27 31 -11 -40 -26 -8 15 -54 -117 13 0 113 88 17 -120 -103 -109 87 32 -9 20 93 1 119 -98 49 -71 98 29 116 46 -71 19 -92 16 120 27 -96 -61 38 45 67 23 6 -44 30 30 -26 -11 -65 93 -118 -100 -33 -126 -70 -112 -70 -100 45 -82 74 101 65 109 -10 58 9 21 125 -81 -61 64 70 72 -108 -28 -26 -6 89 36 -40 99 64 55 100 121 70 -97 
