62
93 -49 44 101 -96 -60 28 -2 -109 -9 17 20 9 -41 116 -75 112 89 -125 49 -67 -95 0 -52 24 44 -48 -95 44 19 63 10 98 -21 -17 -126 46 -117 0 65 2 -110 -42 -117 -23 -53 -65 -38 -91 -63 -116 -31 -30 11 45 121 -72 124 -101 99 16 89 
-19 -14 -59 92 -12 115 103 116 53 -23 -121 -117 -12 -17 -43 50 73 -7 115 84 90 -42 -33 7 -49 22 4 -22 -6 -107 -61 103 7 8 67 122 -5 42 111 -80 -108 117 -69 7 -27 16 -70 -82 -119 -83 -126 99 2 -31 -21 81 118 110 -69 -15 -124 -2 
-40 10 -121 -100 5 1 70 -12 49 89 -22 108 -32 79 -4 25 125 5 70 126 -24 -55 -32 83 -102 -42 66 -43 71 69 83 -97 -49 89 -70 84 -37 127 -56 -115 89 50 120 -71 2 -12 82 -1 121 24 -2 -30 96 93 -75 122 -76 118 -49 122 59 -94 
-102 -117 123 -45 94 -42 -45 -89 -30 -84 89 -38 -27 -37 78 -73 89 72 78 -41 -86 47 -75 -34 41 -24 -43 120 -29 -112 -101 -4 -101 -106 79 120 -20 -94 -97 77 -50 119 -88 50 -45 117 104 -84 61 55 3 103 -25 55 -58 -112 -96 26 -119 3 42 -93 
126 68 -71 78 61 36 112 92 -14 -66 84 25 112 -89 15 89 -46 -51 17 85 -76 119 13 -7 -121 44 -109 -112 -80 61 -77 -81 1 -21 124 -65 -112 108 -101 1 -85 110 -102 -100 -107 40 116 -25 116 5 -68 -87 -4 72 33 3 -11 52 18 36 -15 68 
82 114 -80 78 -79 -65 59 -52 63 102 -70 89 -126 -50 1 117 53 -10 -5 112 30 118 56 -64 -6 -83 116 -115 81 -27 80 35 -40 -127 -14 9 -65 -83 84 126 -108 -114 87 -107 -36 -39 -117 -111 79 5 -126 -18 -4 57 45 118 102 34 -125 55 -120 83 
-37 -33 83 76 104 -110 121 60 -111 -115 74 103 -94 -89 -63 -84 -72 -112 49 -71 -2 -82 114 -85 -92 89 77 -90 17 84 120 107 -77 75 56 -101 93 49 87 109 62 34 85 95 72 -105 -116 -127 -90 60 -71 35 105 -84 78 -114 -123 27 -77 21 -16 -84 
1 34 119 -71 61 85 106 21 67 40 -73 24 7 127 46 18 127 84 -49 -71 -8 -71 -28 -57 -58 -23 98 -7 126 -46 37 0 116 28 56 49 -14 34 -57 -75 -53 -3 77 81 -3 -5 -28 -4 -48 51 53 72 107 -103 -113 -78 2 113 42 0 -61 -48 
127 -73 108 56 104 -34 -37 -81 18 37 44 -33 -9 -87 90 91 37 -85 14 -38 114 -6 -13 -126 43 116 114 -42 -11 -74 37 -11 -19 17 -83 -43 110 8 4 1 -83 -79 96 36 -39 58 -1 125 101 -115 -40 87 6 74 88 -78 62 75 7 -77 -127 -83 
40 -19 61 85 66 44 -35 -58 -83 10 -9 -114 -82 79 71 44 77 44 57 -91 4 -64 110 -35 -15 45 -88 120 96 -88 -91 8 21 98 -35 -41 15 58 29 60 -60 -108 73 -15 99 16 -98 48 -67 86 85 64 -106 68 -98 7 -15 -59 -1 -47 -19 36 
88 -126 7 -74 -39 -106 111 117 81 -77 -118 27 36 108 -84 65 29 -24 23 -14 -87 45 -74 -58 -75 38 11 51 119 119 -40 79 121 94 -123 -46 116 115 -56 69 -89 -47 -31 74 -66 12 11 90 115 -93 -51 -99 80 3 -29 -123 -86 109 56 -95 101 -112 
111 94 110 116 -79 98 104 -8 40 -113 72 -119 89 -121 20 -27 96 8 7 -83 37 -40 47 -120 -36 89 117 -107 121 90 -92 105 57 -109 93 105 116 69 -31 29 84 -86 37 45 -80 -70 -110 -111 65 25 -66 -26 113 109 -18 -51 70 -29 -31 63 -66 5 
40 118 23 6 95 12 -52 -63 -87 -96 -21 78 77 26 -120 95 43 73 -7 104 -81 -22 85 29 54 27 127 -104 -37 -67 29 -125 -77 -76 8 -109 64 83 -44 104 115 62 54 65 -39 62 32 -124 7 -103 107 54 2 65 -45 -71 -36 -46 -47 55 15 109 
57 66 -94 -62 85 97 -106 -87 74 -119 102 1 73 -65 -65 -22 -61 69 2 -82 -5 -123 111 77 -66 -52 -96 14 -125 46 -4 59 -15 30 125 -58 0 -109 -18 -54 -100 -44 74 101 19 -119 -49 85 78 81 -124 -55 86 114 -105 -108 -65 -74 34 -63 100 -98 
124 -42 59 121 27 -69 -116 -118 5 -88 -35 -48 -115 112 -40 -37 69 -89 -83 72 -17 -125 59 6 -105 121 59 56 -70 32 85 -73 117 17 -80 17 76 -68 26 -46 -29 118 33 -16 103 121 75 44 -96 119 -11 15 122 -79 -107 -111 -86 80 72 -28 -16 30 
26 -26 -80 74 118 123 -121 16 -50 -22 7 110 89 -18 103 36 -102 -121 28 15 22 22 63 42 38 105 -6 -17 -50 106 -115 104 -48 -68 50 -58 -72 57 85 6 -93 -35 -12 123 74 -37 32 100 -30 -67 -13 119 82 -77 34 -7 -100 -99 103 -22 -121 116 
-46 -41 -79 -124 28 -23 60 -14 110 95 78 -29 90 25 61 -5 -3 -96 55 112 -104 10 -92 58 -124 -64 86 107 41 93 95 122 -76 -111 126 80 -6 58 -61 -24 26 -110 74 -11 42 8 111 -88 40 39 -104 64 -78 -68 -6 -75 -5 -48 -96 -92 -82 127 
-98 -31 -112 -100 -79 9 86 -13 113 -16 4 60 100 -81 -59 84 -42 108 -5 -18 44 44 41 -89 97 -92 -9 -127 -57 36 -127 -27 -122 -112 0 -74 25 -41 41 11 70 -82 -57 43 -36 11 -1 50 -8 122 -96 -91 39 73 -53 8 108 66 9 -76 -26 9 
24 -21 25 -103 33 -78 -17 -53 61 -74 -8 -124 97 84 15 -31 6 -120 -37 38 -84 -125 -17 -9 11 -36 -71 -108 15 31 29 -89 -117 -74 -65 43 -24 46 118 -91 99 -18 -87 68 -61 56 -91 73 63 0 -17 107 2 94 -30 -115 -70 27 -95 72 -69 61 
111 -59 115 -82 112 -37 92 102 -1 63 -43 40 4 23 -32 40 -31 -97 -87 79 -118 43 45 -20 55 102 -121 88 47 -62 22 30 6 9 76 -9 99 40 -35 -29 -24 50 -117 107 -54 -22 20 42 9 60 -7 19 -25 -89 126 -97 -114 -122 119 60 -57 13 
-37 77 -106 -89 -60 120 78 32 -36 -73 -45 -26 -94 28 80 53 -58 -38 -14 63 108 89 101 107 120 115 112 111 47 -73 -3 -118 -123 18 -79 -56 11 126 104 102 -75 -69 -51 -41 86 -98 -115 -99 -8 -1 91 -28 -40 64 -49 -47 52 -64 -63 -29 -9 61 
-19 -5 -48 29 66 91 28 42 65 81 101 -113 -88 59 -83 -75 87 36 51 51 -119 -116 -12 -40 -36 -88 24 29 10 -113 -38 119 10 42 20 -51 5 -79 119 -57 -126 92 -42 -86 24 2 -34 -17 -89 -111 -93 -80 -100 22 8 -8 61 -96 -107 -57 -81 -17 
-65 56 -103 82 -122 29 -125 124 99 -124 88 -71 -82 -16 59 11 95 97 28 -126 -110 55 23 25 -80 -44 57 -60 27 104 51 89 33 75 44 38 -24 47 34 -52 51 -6 4 96 106 -64 -21 74 -94 -121 75 -77 62 -29 76 109 55 6 -78 -45 -18 101 
-83 -113 48 88 52 -103 7 -42 -28 -70 80 104 -101 59 -88 5 5 -55 12 -47 -4 -53 51 -56 -71 -21 77 -22 61 -68 -48 105 -54 127 65 126 -103 -55 -44 -4 3 -91 -27 29 96 13 -93 -27 86 47 53 -46 121 -23 26 -78 83 -24 28 17 35 107 
-6 108 107 -68 106 -124 5 -65 0 -120 -28 101 37 -60 -14 72 41 -55 -8 -33 27 -15 72 -75 35 28 29 -65 -83 -64 -85 38 -83 -106 98 -104 -103 -25 -41 25 -17 59 -2 -107 127 111 93 40 -71 -43 -120 83 69 79 -119 -24 -21 37 39 24 101 81 
-65 -110 102 -95 -86 127 8 0 24 119 -68 -106 -116 -69 -122 104 98 -66 -67 106 -110 -125 58 -102 -22 -90 62 -111 61 35 98 123 53 72 -99 95 72 37 -33 -32 28 26 -10 39 85 -4 16 56 57 76 34 75 78 -36 100 -71 1 34 -54 -66 -58 -84 
-70 123 116 -41 90 60 123 -70 -99 23 84 19 -65 41 -113 78 -31 72 26 -125 19 -23 -33 -9 33 95 -102 107 -98 -32 -104 -40 -37 -116 47 -75 72 42 -17 101 -62 -61 -8 0 107 7 -50 -51 -49 104 -48 97 -47 46 -39 114 14 -13 94 43 82 117 
-124 -82 -127 50 -29 73 -35 81 47 30 -108 -88 -98 127 46 -20 -52 124 -43 27 94 38 -54 -72 25 87 42 -9 3 -4 -20 6 41 -19 -71 -116 -73 21 93 101 -76 112 -115 -46 112 58 61 -68 55 -109 87 22 56 -95 77 -47 119 -9 71 -5 115 -76 
-126 29 32 -70 41 87 79 6 60 -125 -10 72 -44 -26 3 -110 34 -70 -92 -7 80 92 26 29 -83 18 -108 116 -115 -120 -88 -114 36 72 -56 -51 31 -105 82 -36 -102 -55 -91 -19 47 39 -1 -47 97 35 74 49 -1 -27 -50 43 118 -30 32 -125 -22 71 
-111 -114 16 -40 -37 -80 -17 -82 11 8 -10 47 116 -90 -41 -12 -9 -72 -105 -63 105 21 37 -72 -63 28 26 96 30 -124 40 46 -110 -71 -121 -20 -24 -11 26 114 124 -111 34 113 -74 120 -27 44 -79 -4 109 -102 -110 19 -47 -46 -81 107 -77 76 110 91 
-5 -127 -108 2 -19 -5 118 -121 -18 114 -105 -112 100 -51 -120 -54 120 -72 69 101 -46 87 -7 35 -87 39 14 -36 -12 -3 -72 110 -2 -53 -16 106 70 -25 112 -75 -38 -120 -60 -66 -44 -52 8 -51 4 -51 -77 86 -92 43 -7 -51 -46 -120 41 69 5 96 
52 -125 -84 -91 108 114 11 93 -89 100 101 -21 -93 -70 55 42 6 -68 119 56 -110 -100 -28 11 -23 53 19 -109 -5 -104 115 -81 -102 -97 -45 -121 -110 94 99 -71 67 73 36 101 -125 -36 16 8 23 8 -63 41 35 36 -75 -116 -38 71 -97 84 94 -110 
-124 120 -79 -41 126 -62 -75 98 -6 120 43 -97 93 46 -6 -18 -74 -110 117 -9 59 25 -101 111 36 -12 54 67 -55 21 84 -52 13 -123 34 11 -58 87 -18 64 79 -102 95 45 71 -39 -101 124 -21 -111 -12 -90 41 14 -107 -50 -125 75 -111 -53 -32 100 
23 109 104 -70 -7 -81 -111 102 111 96 127 78 14 70 -88 41 67 18 57 -73 55 -30 69 75 48 71 23 64 -109 119 37 42 100 14 99 -35 61 116 -60 44 85 -61 -5 -29 -118 34 -116 76 -76 68 -125 106 -89 71 54 86 15 -51 23 34 -59 -67 
-52 -87 74 -80 5 7 -92 72 -76 120 -116 46 -37 -107 -47 -26 96 4 -85 99 -17 -46 43 -91 -88 -69 -14 63 92 54 123 -87 95 70 -40 -27 -50 -4 -83 1 -11 -71 -80 79 -51 0 -74 -82 -124 -31 -110 -14 50 60 23 90 118 -118 25 83 64 21 
123 31 -37 -44 -124 40 79 -79 -86 -60 -23 -39 -108 54 89 -54 100 92 42 117 -49 -35 49 102 -73 40 111 80 -4 48 -27 -8 -49 64 75 -45 -23 27 3 19 95 108 107 114 34 69 -68 6 33 102 -4 112 -60 -82 86 -6 86 70 -53 -46 -9 48 
74 69 -16 21 -104 89 -79 27 -20 -112 7 -40 -125 -86 -99 -66 48 62 -91 -84 47 -24 -39 5 98 -81 -52 -83 1 66 92 -53 8 -51 96 32 -90 -110 -69 18 -95 65 106 -93 106 -120 -31 26 69 6 70 -12 109 -97 121 80 -50 -58 124 78 -119 89 
-102 16 -90 122 -80 -52 -116 -22 94 -84 -84 72 -49 -105 79 47 48 21 -75 -10 -118 -93 21 -125 115 99 -56 111 50 -47 73 75 96 111 69 -111 -68 81 -5 -102 124 38 98 -52 60 50 122 -19 -57 -80 99 -48 -46 -7 -45 -58 -36 27 -75 -114 107 126 
88 76 109 30 92 -87 -16 -41 -61 -19 125 -91 56 57 86 50 -89 -98 97 -118 -19 -76 2 64 -7 94 -37 46 107 -58 45 68 -110 26 -29 109 67 82 -59 -122 -65 -62 -85 118 123 -127 41 -93 -98 11 -84 11 63 46 -53 -71 12 37 103 -8 107 20 
-68 124 -81 31 106 114 -15 -80 119 48 -14 -94 39 -19 -93 -48 15 -64 91 59 75 26 -22 -106 83 118 59 58 -18 38 -49 42 34 -3 -55 13 -17 58 60 -25 -21 -82 9 -110 27 44 -30 -85 108 -67 102 55 87 -47 77 42 -57 8 -28 53 -82 50 
-32 80 -80 41 -35 31 -28 -102 -121 78 -56 15 95 99 -68 -63 -113 -88 -2 117 94 -43 -58 44 126 13 -76 -30 -61 -31 -107 34 -79 -60 -53 14 98 47 40 105 -3 111 -7 -35 83 52 29 97 91 -100 86 58 -16 -99 -26 -18 41 26 80 107 122 100 
14 -84 -87 89 58 -116 8 -30 116 -123 -46 -19 -31 -91 -95 126 -121 124 -102 93 55 9 121 -98 119 35 55 71 15 49 44 -99 93 84 118 23 95 -2 121 84 3 -53 -63 100 -16 -30 99 -10 -34 124 -44 -106 6 -51 -77 -2 112 105 -59 -1 27 113 
28 -7 69 18 -112 37 -111 -119 -7 19 -45 58 -8 67 -100 -37 -71 -6 -41 12 16 93 89 66 -37 74 44 32 -54 -56 18 101 64 -41 -8 79 124 9 88 -10 -99 -84 -80 20 110 -52 110 -88 70 -58 52 -42 -93 14 -103 -2 -40 68 -97 33 -116 48 
7 76 -120 127 28 -123 8 -12 -6 36 31 42 -72 14 118 -90 53 60 -20 -22 -109 15 119 -85 -115 -49 111 -84 112 123 91 -9 71 99 -9 -29 103 126 87 -30 35 -9 -116 91 -123 -125 -126 58 63 -19 -92 81 123 -101 124 -119 -22 108 -76 -38 104 -112 
81 48 114 -56 -108 90 -58 106 -68 105 -31 -56 68 -26 -54 69 -95 -118 -78 -59 91 -82 -32 87 -74 73 68 -23 -93 44 -8 115 -36 -21 -68 -17 -59 2 -38 0 -21 59 72 -81 -94 -109 116 -61 -100 -90 7 118 -45 102 78 8 48 19 113 83 -65 -23 
71 27 83 -125 -117 -103 4 -27 24 110 -96 -31 -98 -63 -13 -110 4 14 -72 -117 5 11 113 -45 -108 34 101 -123 -11 -91 -18 -67 64 -62 -65 74 -38 67 -80 114 49 -49 -45 79 16 69 97 -108 -44 -103 -97 88 36 -111 -84 56 50 -110 61 -88 -73 -85 
-28 118 -19 34 65 70 -26 112 56 -104 -64 -117 102 79 80 71 99 -92 96 -125 124 5 -109 -88 -67 68 -70 121 107 -16 -91 -48 -26 17 114 -88 -41 -40 -104 -112 -17 -41 -101 -43 -89 106 -99 -117 -113 125 -115 -117 2 -97 -77 63 99 -20 56 79 91 92 
-97 -62 -19 -110 -23 68 -23 1 83 87 88 110 -83 127 89 -54 -118 103 -56 -105 114 74 -75 -91 9 -103 17 -63 104 -20 -98 -121 46 11 -103 -104 -49 1 24 -93 -39 -15 -111 6 -16 105 80 -6 81 -104 16 67 97 69 104 -22 93 -7 43 69 101 73 
76 19 -44 100 42 35 -26 -61 70 62 51 87 -59 -92 65 -107 29 18 -84 -82 -42 -114 114 -66 -9 80 55 -93 22 28 107 -29 -80 -64 -56 90 98 45 -99 41 -20 80 0 48 115 -63 68 17 83 112 62 -87 125 49 -25 -11 1 -97 23 -104 58 3 
-6 106 66 65 68 37 -17 97 -50 90 49 78 11 37 -112 -48 -73 98 -64 117 -116 -66 38 -13 50 -89 17 -54 -66 -52 76 56 -74 15 -7 121 -75 103 90 3 66 12 -47 -51 -78 -32 28 -23 -61 92 -34 -49 -102 -124 65 76 -85 -45 -106 -24 30 98 
-96 83 -15 25 77 38 1 40 -87 -61 -75 -6 16 -25 90 -83 79 -99 -119 -83 -20 -93 -79 -82 110 -37 0 -124 67 -97 102 98 114 -41 -4 64 125 124 -24 -90 -64 29 31 80 -124 -7 124 83 22 -122 -127 -125 -88 -79 -80 -105 12 47 -101 -49 78 -127 
-78 64 -40 45 0 -43 42 104 -6 106 5 -102 58 9 19 54 -36 -86 60 -36 -84 100 13 -37 122 -103 -117 -107 -25 88 -107 24 25 -19 -58 -102 65 111 -126 -68 89 7 -43 19 -112 104 -54 -21 -110 -122 71 -67 105 -44 24 100 -20 34 120 82 -5 -114 
-22 -107 -6 47 -82 -68 31 -80 -9 -8 54 76 -116 70 52 -43 -79 70 -37 119 -124 -59 -52 27 -87 55 -66 -94 9 57 -80 115 77 41 35 122 101 -62 -85 -36 58 96 -87 69 39 92 -102 87 35 -11 79 38 57 -101 -62 97 82 -1 -124 -37 -72 -77 
-49 -123 91 113 127 65 -76 -85 -99 109 -116 -58 50 50 -93 76 10 69 -63 -38 -21 121 -11 44 91 -57 -84 94 34 -28 -111 112 -23 108 98 -24 45 -106 19 74 -125 30 -112 52 -48 -78 0 89 119 65 -77 -30 58 39 -113 22 109 -69 -12 15 30 5 
0 -121 -15 -30 -17 -97 -9 -126 105 -7 31 120 -82 111 -85 46 72 -94 -17 122 4 -86 34 19 63 16 77 -76 -96 -20 56 31 -13 -86 -127 97 -55 -8 99 -78 113 3 -85 -96 -14 -42 77 -70 -9 -67 -75 123 -26 87 15 -90 -25 -36 -38 6 72 -109 
-90 -69 -68 -90 -99 5 30 -127 54 15 3 97 47 116 -73 -4 -81 46 57 -28 41 -97 -68 -72 -59 34 20 30 -87 -35 48 -50 23 108 -12 52 -15 -110 52 -88 33 -72 -119 -48 -83 -65 76 -37 108 5 63 22 36 122 78 104 29 -30 7 69 63 -73 
-108 -41 -92 7 -117 20 25 63 60 -69 118 68 11 -93 -124 -40 -2 112 92 -67 6 1 -72 -44 -23 85 54 112 26 -11 -88 46 75 -53 -75 86 95 78 21 27 -119 11 -32 20 46 -29 107 -84 -44 71 -23 89 -55 33 -82 50 -10 99 34 -112 -39 73 
62 -91 -107 115 122 116 65 16 16 74 -100 111 -34 73 -45 -55 116 38 -111 -34 0 -38 126 45 -116 -12 17 45 4 106 -9 -62 -113 12 -75 -118 0 118 25 -112 64 52 127 -97 -3 -45 -24 -14 121 -7 80 -7 82 78 -89 93 -61 56 11 70 35 -126 
-119 49 13 -67 59 -114 -77 -44 -98 115 -119 -99 -110 6 -16 -7 120 -23 113 72 98 67 23 -118 33 89 65 -84 32 -28 -82 40 -106 59 101 81 72 -103 -91 102 -115 -82 -124 -98 51 -13 23 43 92 9 -12 62 -51 -117 71 109 100 9 -102 5 109 -57 
-82 -124 -126 -109 84 74 -84 121 48 -71 -89 51 -42 90 -89 109 5 -125 -10 121 65 66 -124 9 47 104 -110 73 -19 127 -112 26 -125 -110 45 86 91 89 79 12 -110 118 -64 -24 80 -26 -43 -42 -24 74 -49 -87 13 -45 50 -67 -69 67 -122 40 67 -107 
-62 69 -89 111 28 -126 73 -20 14 90 -29 77 -61 -77 -77 23 8 27 -30 87 67 111 -86 -11 -84 -27 -71 -78 -115 124 -57 -49 65 -19 -65 -34 -18 -120 74 123 98 -83 73 -91 -33 123 59 103 22 -98 62 -38 -115 104 79 -71 -51 -119 -22 -39 -123 48 
40 70 -99 102 -91 11 109 110 7 79 -101 -48 115 -6 -52 47 -30 98 77 -95 -68 89 -119 -116 -109 -43 -108 -4 46 -103 -83 -42 94 -54 -68 -125 85 -86 112 -36 121 -116 44 109 6 120 28 103 90 -23 -120 -106 -61 -112 -94 -43 -27 -75 81 -109 -51 125 
