39
-47 -30 -9 -8 50 -53 108 13 112 48 -12 -62 20 -32 100 95 111 -42 59 -45 47 76 -84 -47 37 6 53 -62 -102 87 35 -21 -70 -101 99 108 -27 79 -7 
-43 0 108 23 -107 -51 -5 115 -68 80 46 14 0 -5 58 80 -96 -64 6 -31 -38 -34 -123 68 24 -97 39 4 4 -9 124 88 118 105 -17 -117 -74 106 126 
-14 59 44 127 -69 -88 57 -116 -57 121 18 40 -45 111 45 -104 7 75 62 -117 -49 -74 -120 -88 -83 113 23 -73 -88 2 -75 25 -67 97 25 -8 -119 -45 3 
-48 -52 -107 120 30 -123 37 54 11 -15 -12 22 64 42 30 104 86 16 -1 -114 55 -127 -61 -47 -66 -92 105 53 -83 -68 -71 -3 8 -50 -10 -90 -45 -101 92 
94 12 -47 -12 -51 122 -109 -75 80 34 51 94 -38 52 -95 42 113 -59 20 39 -14 80 96 111 -40 -81 -27 -2 1 0 -38 -32 -116 42 83 -40 36 102 12 
-11 8 -64 -45 97 115 -12 12 101 56 -96 13 -86 111 -18 -103 -56 29 -2 69 -97 125 -97 -2 -118 72 -46 -30 -19 -72 109 98 64 -82 -75 34 -94 40 -82 
-120 -31 -50 21 11 -66 -125 36 5 32 -94 -54 62 -97 -23 -68 -87 -78 13 10 31 69 -8 1 5 37 54 -89 71 -33 -43 78 63 34 -29 -53 95 -26 110 
-28 -122 -111 46 68 -81 -104 -127 -40 -55 13 97 103 -45 -39 -23 87 126 -97 126 69 -3 -45 19 -67 116 118 7 84 -35 -10 -71 -30 6 102 -89 53 126 -89 
-115 -57 52 109 -81 -121 -57 23 93 -59 54 92 -118 -77 -81 29 -16 -92 19 118 119 111 -20 -80 -46 113 -105 -7 38 -107 31 51 -37 -45 32 10 -39 102 -94 
-73 -84 87 -109 -75 -118 -62 82 -7 -27 -26 -16 -36 -42 92 12 39 78 34 -96 -11 54 63 -88 -110 -110 71 28 -21 46 61 33 90 20 52 -112 30 118 97 
-104 -37 -57 7 55 28 -28 -61 -60 -78 101 -28 38 27 -93 77 45 -76 21 -55 30 -61 -122 -64 -99 26 116 -83 -72 106 -114 -49 -58 -43 85 124 112 -71 -64 
-75 -21 -91 24 -111 64 58 93 -19 110 -14 54 13 53 60 77 82 -42 66 126 13 45 -115 92 114 -31 49 111 -46 106 -81 6 -42 -44 -98 -26 -108 88 -60 
1 71 54 -72 -43 -20 115 -94 -65 -54 99 -67 87 16 -54 51 3 42 -27 -14 123 -48 33 2 37 116 32 -116 -119 -8 -49 10 -64 -123 65 20 -16 53 54 
47 126 26 107 86 -85 -74 9 46 95 109 -96 91 -66 65 -35 98 53 124 109 62 -11 -67 -56 53 -63 -119 -54 49 62 127 -32 61 26 -52 19 68 1 -100 
-14 -31 -118 18 -68 -57 -45 25 -86 -119 22 -104 71 -116 -44 -113 64 20 -104 -118 -58 85 -118 38 18 36 114 -90 -24 -13 -62 90 84 -52 -19 -111 18 64 41 
60 72 -64 83 15 -53 -89 30 -116 59 53 -106 -127 11 -96 39 -98 67 25 -60 -84 -116 5 -122 96 80 -13 112 -29 -77 25 -97 123 89 113 11 -92 -103 -86 
-80 83 95 -59 84 -22 -28 -5 8 -89 -108 75 -46 -96 -48 -40 127 -96 75 111 3 125 9 33 121 -30 19 5 6 43 46 53 -2 13 121 -46 119 -34 77 
-1 4 96 -54 86 127 26 -81 126 58 121 110 -67 119 -9 93 112 88 -15 -10 -34 -100 -92 -109 26 49 -115 108 40 -22 57 -88 110 26 -14 68 25 -116 114 
24 70 107 6 -125 99 125 96 83 85 -47 -54 -76 -19 -18 -57 -120 -97 -45 115 71 60 45 110 42 -57 -32 -17 96 -20 -31 -7 -78 -51 126 -76 -80 123 -107 
-124 81 -27 -51 -123 82 58 -53 89 89 30 76 32 -38 -6 15 -123 64 110 -13 33 -37 84 -102 12 -95 -103 64 -48 -108 84 -44 101 -71 33 106 -116 -37 -74 
100 -75 83 49 85 -82 -85 -28 -78 107 -46 37 12 45 -7 38 -71 25 62 120 105 82 76 -66 55 -122 94 33 -111 -70 87 116 -18 42 38 -61 87 80 38 
-119 60 120 46 -55 37 -89 110 94 64 44 86 42 -1 35 103 -74 40 69 87 57 126 46 46 -19 -39 -44 47 -80 -91 -42 -71 97 -49 102 -86 116 -115 -103 
82 77 68 41 -9 -60 -52 -34 -7 116 -92 -47 45 -93 127 -37 15 -40 47 -65 7 83 21 64 52 99 38 94 87 51 118 42 0 59 -45 119 126 30 -43 
-9 18 -7 72 -65 27 71 26 -86 -96 -55 -23 39 -100 125 -25 80 96 -114 46 56 65 36 -30 -63 -33 53 -71 -35 -45 13 84 101 -121 29 -91 33 -27 62 
74 4 -120 -77 -85 -93 -80 18 115 -111 31 34 73 -32 -58 -85 33 37 95 89 -125 -77 -25 87 -104 -19 -12 -67 -114 89 122 88 -35 -126 -116 8 -91 -68 -102 
-103 -52 56 58 -107 -103 -127 -64 57 37 -96 19 40 -45 121 0 -21 -25 116 39 -11 77 34 -51 -86 35 -40 49 72 20 75 96 96 3 26 116 27 27 -75 
-43 -64 -43 103 104 39 97 -24 -110 -56 -36 57 61 -86 -37 -118 -45 126 -30 -123 70 117 79 39 85 -45 -62 74 110 92 127 -61 -99 -43 -85 -123 123 -116 -19 
-114 -44 73 71 -111 114 -94 -101 -59 -96 -4 -54 102 -14 -103 13 -56 -20 79 -109 -38 43 -109 28 71 -25 70 76 -29 82 -71 -15 -90 -126 -72 -73 115 -38 -47 
-71 -7 77 3 -32 -65 28 109 7 -120 60 25 -31 -24 43 124 -81 -109 67 123 -11 21 -76 101 59 -74 -98 113 -86 -9 -62 -29 111 -113 101 -48 -50 1 -67 
84 8 121 -18 105 -31 -102 101 16 -84 41 11 32 -65 62 6 121 116 35 107 -97 -102 -82 1 -118 -67 -25 -38 11 103 22 -32 -16 16 77 -39 112 102 -65 
0 -109 104 -117 51 -89 73 -71 -95 62 92 -115 92 118 -69 -35 -127 -9 68 -38 -126 44 112 -30 -100 0 -81 -11 -16 -106 52 111 -88 29 122 91 67 67 -108 
100 1 112 112 -34 102 -84 58 102 34 -1 -63 36 -85 -79 -122 -57 48 -75 59 -96 -54 -16 -112 -14 -115 -117 -51 80 77 -31 52 -49 -47 37 44 -72 80 -25 
-97 -13 101 -33 -104 -111 16 -99 -41 -64 -46 -109 -32 27 2 -16 -114 15 -6 -38 -33 -56 59 -108 22 -115 57 -61 -60 9 42 -29 124 16 66 -108 32 -46 -79 
118 17 2 -119 113 -98 11 -31 -85 -102 90 5 -7 -94 -64 12 56 -52 -59 122 16 78 36 114 75 -75 52 94 84 -122 -113 74 23 17 83 8 46 -34 104 
88 -8 66 -35 112 100 28 -3 28 104 66 22 -8 16 -69 -22 -37 -17 -97 -70 -60 -92 -55 -113 59 89 97 -61 8 -64 -84 -32 56 110 61 41 82 -38 -90 
-18 -62 103 -123 57 -8 -65 -93 83 46 -63 -114 113 -27 -42 -127 -96 -80 97 -29 55 -94 15 -105 90 -3 84 3 -49 -82 40 61 -17 16 65 -87 -119 -127 -53 
91 46 12 105 32 113 -65 32 -110 -18 2 -12 -90 36 -124 -67 -2 0 -111 -127 79 -65 41 13 45 -71 -50 85 -63 -50 -95 -99 124 45 -122 29 30 -59 -67 
47 51 63 -92 89 -29 -89 -106 97 39 -90 97 -9 -27 11 -124 -109 67 -47 104 -123 31 -119 -94 28 54 -88 -71 -44 -19 -10 -124 -95 -74 -88 121 24 -50 -113 
-6 117 -75 -36 -19 25 102 -16 43 42 65 19 47 -31 28 81 124 -46 120 -74 38 -26 43 41 6 96 80 0 -7 -97 14 115 -107 67 -49 1 -36 -75 112 
