1395 1584 169
6 1979 484
1653 1498 249
968 112 145
61 1307 106
681 1438 452
114 297 314
657 1521 446
483 1891 194
372 885 144
16 771 87
1690 1084 58
1160 915 181
1544 675 327
1505 795 509
1198 1691 152
1102 2011 249
1766 352 98
956 308 361
195 1879 248
395 1021 130
823 1098 39
578 600 115
1474 1654 48
2042 170 36
718 1275 334
752 1465 176
1746 203 316
1840 1740 441
1877 1260 290
1443 471 402
912 1769 162
408 679 385
244 1407 499
537 739 84
926 1565 28
732 204 508
803 1283 234
1624 1623 215
509 310 39
40 781 465
1441 483 230
589 58 209
1267 1985 72
330 2013 124
1346 1911 239
1180 1147 222
1799 473 489
789 548 2
891 774 473
437 1451 238
130 852 164
684 1023 77
93 1931 271
420 280 308
1795 865 472
1260 1693 112
410 667 68
521 731 80
1105 1646 266
359 173 403
2021 284 148
1058 404 114
1288 167 193
1889 1280 421
1645 1022 291
973 390 38
1854 1045 143
1860 485 59
584 1581 51
756 1241 308
224 1411 405
1599 591 450
510 1519 163
872 1352 56
418 506 324
1493 1401 122
598 1647 219
297 622 70
1123 404 483
1954 1194 214
1191 870 315
449 226 153
503 1542 185
543 565 118
845 1424 16
1208 1020 147
1120 1380 330
854 1798 210
139 1912 394
1144 498 90
1592 789 389
837 1089 336
85 830 292
1000 48 453
1995 1108 255
1605 1944 333
1874 1510 178
1546 581 221
1287 1027 25
5 91 457
1708 1990 83
730 1287 285
277 1160 380
2013 1878 330
423 1407 350
1792 1704 256
611 738 491
1122 1200 312
1854 1361 324
1944 54 360
1486 506 224
360 501 306
454 2019 219
1973 1565 35
497 1835 265
1320 616 382
1313 2039 234
1575 6 187
1761 942 33
1525 718 243
694 1033 305
295 110 131
593 1419 229
1036 321 442
1797 308 179
2042 210 139
914 1797 260
1048 1219 45
1792 532 318
494 383 62
55 715 472
2025 1822 99
483 613 444
951 506 46
1943 1558 291
414 1175 8
1220 441 347
1070 2045 255
1205 1354 294
1096 1676 503
1106 197 429
1634 1547 316
969 1817 147
1410 1666 184
1157 1990 396
718 1228 388
840 1910 76
1069 579 356
1105 792 327
1587 731 42
786 1495 117
841 1684 314
126 1397 97
1307 1785 11
1596 214 413
547 296 481
1201 1521 336
1377 946 338
777 1539 19
1891 551 116
1296 1238 209
1123 1941 84
848 1578 487
1077 1669 420
711 1490 3
1808 1269 2
950 35 199
133 1936 442
1147 977 475
774 1080 349
978 35 76
964 1967 92
331 656 225
11 1053 255
1694 1354 123
1165 1357 258
1377 151 106
317 1687 68
1959 1628 385
1358 220 82
1058 1624 164
2007 595 375
1142 1579 53
617 149 341
531 1648 194
1048 1340 277
226 1592 378
28 1569 400
878 1918 61
755 2033 288
1130 566 113
734 1688 362
1221 182 32
972 1365 348
1161 118 447
637 1334 264
654 1344 483
824 926 399
1428 2034 429
663 914 192
56 18 159
134 1261 279
1520 701 381
1461 1782 347
304 1435 381
1872 155 321
288 1857 145
767 824 110
1642 556 236
658 1191 27
147 194 97
819 1380 315
1773 1402 421
1825 1102 225
390 1307 246
467 840 210
136 462 213
1726 968 75
1093 780 58
1240 958 427
1915 1291 18
99 233 65
1214 1487 471
124 673 239
1376 137 46
1627 293 110
468 1550 15
11 665 137
152 1163 334
322 1907 471
1827 1037 249
1533 1944 345
176 1217 494
776 559 349
907 1692 40
227 1908 363
718 2020 236
42 314 468
338 1515 344
1607 561 448
218 1953 463
709 1960 479
63 462 93
1248 777 12
1280 621 211
1063 914 270
1202 466 323
769 995 148
732 1109 269
1236 822 292
929 1161 282
1609 1251 200
1612 884 425
1930 1991 253
666 1040 14
456 628 129
953 1811 232
429 595 87
434 137 231
1005 1991 464
1585 1995 257
115 257 58
1039 801 50
1611 1046 11
86 1391 267
1554 1373 295
1162 1868 361
595 1516 399
1868 1112 79
103 1081 179
1365 1660 235
345 1164 142
1121 1893 151
1266 1473 467
1806 1554 452
1949 695 73
380 1292 243
335 6 164
1639 345 368
1340 874 19
1076 576 414
766 955 505
452 1607 126
1966 831 508
1398 1085 58
776 1772 338
1818 1449 18
2041 1501 56
154 1508 243
782 623 211
46 918 498
2012 480 386
1547 567 276
1155 1855 461
386 1142 108
510 1240 212
663 1061 284
237 1476 292
246 209 175
1081 109 190
580 1604 94
1285 1128 147
547 710 201
1679 1019 90
1651 1973 275
953 649 466
298 591 232
2005 1134 73
1721 1239 290
656 1743 281
588 570 346
662 1292 313
266 1268 359
942 1181 495
1001 840 9
1730 1059 71
911 1305 421
1799 204 48
1087 1959 142
1728 718 143
1562 1730 434
123 1557 192
2022 892 375
510 1904 197
1021 492 166
1326 1635 403
421 1986 318
913 1051 441
323 805 99
1918 1628 407
278 1749 335
1652 1181 44
375 82 284
1129 231 511
275 1532 46
1282 120 356
1348 841 496
1652 115 91
569 1290 232
2019 836 361
1624 1010 421
999 548 276
124 1581 450
54 1429 377
564 879 63
1009 1827 269
1590 1157 23
393 477 500
1964 595 391
297 1652 132
965 1914 343
303 1242 441
1634 663 31
1643 1038 422
200 1121 121
1515 1430 219
312 1637 494
1316 1759 190
1349 750 510
1899 985 69
303 1234 237
1410 84 361
1283 980 207
1635 162 269
1150 23 386
793 471 377
1889 737 258
406 1255 466
249 650 67
1954 642 362
320 1147 33
919 9 198
480 786 34
1968 959 337
1544 16 396
987 1674 377
486 2007 303
294 1519 497
1421 1052 340
1437 516 234
1305 1874 172
212 1474 438
1311 1608 71
1086 1283 136
1277 1594 227
477 1625 237
1724 1737 240
1404 1589 469
621 1378 258
627 328 392
178 1931 330
314 1863 128
598 859 335
237 1524 358
117 1289 452
1868 1168 463
88 751 130
1272 1739 303
296 1027 77
1360 1137 281
991 1209 262
1632 639 207
1221 1698 134
1503 1516 324
489 291 425
109 1982 483
366 41 444
1560 936 292
1549 655 331
1787 746 257
620 318 146
437 1231 434
1718 694 318
1698 337 98
379 486 364
1411 1982 112
421 147 164
235 1114 337
1069 1134 256
1402 1190 87
869 629 212
188 380 184
200 496 341
1819 84 269
1628 90 372
906 1629 307
67 33 153
1328 1810 10
549 1750 376
339 1018 327
528 790 358
1723 577 259
1374 999 466
1442 1219 281
445 1881 419
787 1066 231
793 1357 156
1591 12 447
1220 940 323
10 203 349
1033 1527 212
425 230 258
1799 1042 11
198 1518 383
1064 1907 442
1427 1737 300
1753 1963 324
676 311 86
990 1162 2
1701 1028 427
1202 1704 91
311 1693 455
1296 702 346
1079 1218 293
1028 1337 155
1495 675 10
1631 287 127
529 2028 126
736 54 94
481 927 430
1307 422 495
1158 408 280
1749 1916 277
365 1183 434
552 868 204
64 1165 230
841 1337 435
404 1074 488
1937 1802 441
1217 128 333
1794 825 75
359 833 509
1897 561 426
319 395 191
437 993 360
1392 242 30
15 1903 201
1318 1885 467
460 343 200
1699 331 481
1932 1307 239
1662 1019 330
544 913 407
493 911 507
124 1700 57
1678 1605 257
61 1208 486
1780 1259 381
650 713 296
69 533 463
542 414 451
1127 1162 352
1097 392 72
1315 929 47
773 1956 407
113 1462 237
1947 1879 52
299 1916 19
1609 860 130
1303 799 506
1945 208 349
223 1798 165
1707 1999 512
735 1 417
1844 1888 378
160 908 292
1895 1562 120
978 1982 472
1835 1891 390
1262 1446 373
1177 1295 277
943 1851 214
1918 1660 392
1366 1420 325
1161 1092 358
894 551 232
472 1718 188
334 486 347
1643 536 404
1338 1965 251
354 500 386
1242 1717 359
53 828 220
1722 1797 267
1680 1259 152
402 1007 121
446 1906 302
1631 1624 254
1284 1220 352
173 1154 455
1720 89 393
649 335 127
1193 567 351
398 411 414
698 634 447
299 162 438
207 1209 248
534 1607 508
1943 1965 361
956 2044 150
1743 1554 165
187 1031 249
1552 979 378
1616 541 105
1876 24 290
1711 395 67
1964 1917 268
610 1392 38
1020 779 203
1205 1700 121
1317 1374 71
407 340 97
1674 1557 481
1289 1892 108
1497 1735 334
1590 331 67
16 987 80
57 1342 462
1107 684 15
1796 514 150
1000 1949 462
1038 975 79
475 1342 456
2032 961 292
1321 1207 22
1794 1163 188
1423 381 129
1971 1645 178
543 1643 150
264 1031 406
733 1387 292
1053 586 379
185 1107 160
849 1131 425
1250 1012 181
387 811 198
285 1570 447
1670 959 218
1612 1204 459
1454 1007 124
58 1999 93
1175 1248 191
85 274 52
1145 180 278
1559 136 359
212 2043 275
670 1321 340
293 757 468
1633 640 133
1395 1944 391
1472 679 397
147 828 278
1800 1065 511
924 91 33
460 1714 497
696 1519 56
1437 692 163
1349 679 439
410 1467 365
1520 1542 443
559 1418 114
852 982 307
1355 1271 19
588 1824 294
2031 1535 367
519 1621 350
1682 1895 466
1196 1663 38
1888 651 53
1905 481 485
912 648 458
50 849 255
1937 704 247
1179 1619 247
1752 619 150
856 661 117
471 1762 148
127 1729 475
617 109 268
779 260 149
553 1849 380
637 1541 419
1106 887 314
1616 1404 268
1873 805 387
1032 1266 33
678 1044 379
878 1520 109
335 1013 416
880 1589 380
1330 1064 96
1849 727 121
199 1770 272
1766 9 250
898 392 180
1542 129 344
844 1954 328
805 478 11
121 1331 165
856 1376 112
1358 2022 2
777 1823 438
1158 179 97
652 506 427
1898 2 438
480 33 151
32 467 226
1355 791 157
181 925 135
203 1927 382
272 419 436
2031 213 420
371 700 190
41 886 49
40 1493 401
692 182 297
876 1490 427
1597 965 253
19 1738 343
255 1422 341
1107 610 267
477 273 498
1687 1270 25
617 1761 242
1321 1868 293
1439 437 54
1906 849 397
1735 1375 91
977 1575 146
544 1911 400
1244 440 315
1688 612 372
657 1229 188
1641 1050 425
736 1256 41
43 143 443
594 309 150
1228 1968 216
528 531 187
252 1458 242
1614 880 483
1893 989 46
341 819 363
487 254 115
1588 1786 116
919 859 360
1297 37 268
1991 2045 428
884 415 48
1332 1679 315
1137 1994 466
1395 1240 226
1939 647 439
277 1866 372
823 1029 152
1128 93 362
386 878 103
582 394 127
430 1195 283
1884 1724 38
685 1696 109
1961 741 479
282 1119 498
1298 1007 83
2020 1354 297
977 1422 348
63 1019 441
1449 2032 492
1934 1823 140
538 542 404
338 1497 262
1939 195 428
1744 1598 143
2015 256 321
1301 524 373
1405 601 372
1626 33 445
1043 1976 287
411 1634 202
0 0 0
