1753 1719 190
620 544 20
393 1640 255
2031 805 155
1367 1471 295
688 555 423
1982 1839 87
1150 106 97
200 699 126
1160 220 303
42 549 78
1748 1588 109
89 1189 348
202 7 424
646 274 49
899 1980 509
1116 1507 354
860 280 356
1741 1794 398
1218 379 120
899 902 398
932 1718 505
1898 1465 179
244 788 288
1686 628 486
185 1220 325
1695 1818 429
1260 561 19
968 1432 243
596 1749 30
943 361 100
1822 776 427
1883 7 218
975 760 313
457 855 220
1029 497 426
2025 367 147
773 1152 104
796 1452 501
1804 1029 257
1587 1678 384
929 1262 172
614 1148 6
1797 1794 487
795 1693 54
622 1878 408
311 1257 18
1313 1009 497
1705 1097 131
1760 1742 257
495 1232 388
560 431 17
1343 937 321
125 784 240
1120 1122 30
524 1645 434
734 711 215
1108 515 284
491 1931 500
1045 475 419
438 1277 162
1321 1706 242
1817 1267 88
789 601 100
995 1771 482
1985 1284 62
1738 171 452
2009 444 429
1651 1707 397
155 755 136
531 865 63
993 644 463
1705 1679 71
1949 832 349
259 1578 295
139 979 88
1285 777 461
1925 694 432
2025 132 157
440 311 328
1907 795 89
576 589 155
2027 1966 229
698 1730 455
1522 564 465
398 1654 282
267 17 38
394 947 197
1161 1380 498
710 767 51
2042 1066 257
682 555 325
731 2001 79
189 1943 442
429 1147 368
929 854 112
1566 1276 217
707 413 441
168 680 367
1116 615 480
843 1923 272
123 671 352
1349 477 195
1807 1240 74
540 458 84
732 213 409
1117 861 84
2004 1184 346
1306 20 50
1488 98 64
1102 1305 471
1297 300 487
1211 1973 39
1457 792 240
1431 1323 94
1661 384 375
1912 772 172
318 193 238
392 783 360
501 1832 29
1699 669 75
914 831 401
1502 1941 365
1095 1462 15
101 328 38
1486 574 104
1856 1415 385
140 1168 18
1181 179 345
1724 748 456
378 33 471
2011 967 235
480 567 6
1528 531 460
1919 555 91
272 1631 134
847 1552 287
1167 59 116
599 972 488
1176 1361 280
1856 489 315
939 1170 506
174 356 440
841 392 249
1390 1396 247
518 48 1
294 1109 107
1372 611 3
465 639 424
1469 453 313
114 1400 305
909 1961 6
8 380 480
489 1675 373
236 111 290
854 861 266
504 23 247
586 52 493
1538 1965 448
2046 1038 169
821 613 479
722 1628 145
1935 1378 77
874 79 137
478 1584 204
1428 557 197
1065 405 394
1421 1197 504
1784 1220 358
908 933 81
1524 210 47
1378 600 233
354 661 346
164 1097 49
70 1250 295
542 961 59
170 1201 19
1493 946 168
68 570 360
950 209 498
1253 1798 98
1614 1514 180
1991 140 356
1545 315 174
435 679 115
1219 1943 122
76 1464 112
1237 854 85
1471 922 216
292 391 49
1891 1719 93
942 359 491
1136 41 394
1419 1758 97
1530 390 199
60 867 464
1255 561 114
1919 1752 349
1211 1553 90
635 1206 444
886 1426 347
80 105 420
531 1083 494
1172 287 495
512 1998 39
1504 1618 7
442 1336 512
977 571 416
1396 1596 315
837 1839 381
1983 843 22
913 341 79
1476 1327 64
1503 1711 236
145 800 485
1672 280 1
1840 312 213
1577 34 383
1235 565 376
1788 1262 106
1890 1851 101
292 307 383
1044 1284 31
1276 882 262
155 449 438
1555 2017 344
1522 325 267
394 1887 66
360 42 290
1292 1432 100
1659 1740 56
356 445 483
2024 1870 457
1799 301 472
850 422 406
622 1263 150
1754 354 379
1058 831 121
1923 372 354
222 34 505
136 272 385
2026 1432 464
1586 1430 253
1153 936 289
787 418 454
1393 1614 259
94 305 313
1391 885 73
1391 636 412
378 1380 420
1776 1684 210
1282 1048 68
199 766 508
649 1838 407
271 853 135
243 460 117
195 1911 100
1028 1168 110
982 1345 165
744 298 247
1166 1074 77
539 1809 362
173 819 249
1053 1611 382
127 648 22
1317 1262 289
208 26 59
1089 527 388
181 118 316
2000 1805 307
572 1213 480
59 650 143
2047 1139 44
994 286 219
1217 1454 267
1485 678 57
637 1964 396
1525 1075 253
288 1128 21
1141 294 373
741 547 272
1551 1738 126
1978 9 236
1605 2014 343
246 1072 42
621 1759 405
1670 2035 126
1843 1830 17
1840 1062 172
1642 323 433
1561 321 123
808 543 284
1410 90 392
1592 947 392
516 216 391
652 1686 334
1248 1625 104
1446 1856 164
1898 330 402
1569 1409 40
1514 1005 464
906 1061 173
1777 1216 84
927 1423 428
480 1143 240
642 2010 175
1363 1085 474
229 1674 130
1646 922 236
607 1624 22
2001 835 401
901 1517 410
821 973 297
712 711 460
1951 1045 464
509 1576 144
1764 580 161
2038 7 91
800 510 456
301 1382 297
442 137 123
1600 57 230
505 1832 2
621 1990 20
449 1312 434
866 1765 186
1021 794 81
112 1390 62
1599 1759 155
1277 127 334
906 1498 214
76 1987 400
1506 871 389
996 76 405
356 1372 242
1316 1107 6
626 295 38
1692 1323 483
1938 1815 16
1600 1107 59
2039 1577 99
81 723 153
1726 557 21
309 1079 338
1373 1212 464
698 343 261
1388 18 491
1402 838 451
1259 1831 36
469 849 363
1947 1238 94
1208 921 234
767 1634 71
1163 157 294
1903 1898 465
401 1372 246
295 2036 413
141 162 77
216 1684 70
582 1985 496
1290 1675 240
1445 1365 388
1413 443 363
0 0 0
