116 1909 350
788 227 467
1795 883 164
34 1093 80
1040 304 150
487 1064 500
1206 76 318
474 845 507
904 2032 367
1196 1204 225
1708 1448 20
1123 1894 333
1304 921 23
1690 778 189
1334 142 404
852 516 463
2043 796 51
516 1344 342
348 525 342
1422 132 103
1508 2032 394
1489 1694 504
753 1879 39
964 1229 254
2024 1381 314
36 1271 303
392 1473 6
171 68 78
896 880 24
699 1130 497
969 337 190
933 2012 9
848 1477 289
386 52 66
1273 1166 288
1354 184 394
70 922 7
711 386 86
2007 53 194
654 186 194
2005 1217 159
360 1634 212
1362 846 340
475 237 214
1176 406 410
803 432 104
376 1789 306
840 732 80
1859 1803 60
790 741 72
1200 1710 222
1643 987 486
107 1509 476
668 256 486
135 120 148
1527 207 75
670 174 431
968 2044 104
1585 334 377
325 1310 265
955 15 99
1988 1983 445
817 1212 244
1206 34 88
1114 1465 319
237 788 83
2032 553 471
429 775 458
30 239 294
954 1224 1
1920 873 390
412 151 254
1467 1744 113
98 126 84
971 469 451
1780 112 115
662 1602 234
186 1302 276
1868 265 32
1491 630 316
976 107 511
8 1063 267
1635 1635 361
839 1980 159
1780 1517 188
461 162 85
1290 223 186
1870 1085 439
1577 1440 447
1013 1023 486
1193 1161 104
359 454 512
469 323 64
1287 664 457
1288 1290 212
1311 1536 109
27 1248 108
1661 939 465
1259 288 25
317 1096 103
83 307 238
1817 854 404
182 1736 481
1815 524 90
383 834 249
588 889 112
13 849 43
1669 1504 112
1054 948 443
679 1631 121
838 961 387
1716 488 262
1868 683 429
1908 637 497
405 1030 316
249 1892 408
1266 1992 186
625 1552 68
1147 1914 37
785 1025 246
1333 1945 268
833 89 173
782 1588 510
715 646 228
810 704 196
1060 39 228
1054 1782 286
1906 1401 122
1043 1680 237
1877 875 316
57 1250 457
1033 13 68
1971 1977 308
150 2011 80
1177 715 257
2026 31 35
1343 1175 223
433 1982 4
716 503 3
1900 1481 345
910 403 198
50 1812 36
1063 681 301
213 467 391
27 830 408
1209 397 96
1952 821 198
953 1395 42
1513 47 273
1686 1004 503
139 989 194
286 1486 276
776 615 171
416 538 366
1080 21 369
93 1832 191
1041 881 3
1019 24 232
2019 1369 411
1757 82 311
1582 808 374
606 911 300
796 491 102
584 692 393
70 763 180
482 1046 407
983 1923 115
1336 969 433
581 989 310
742 1756 392
1697 1478 250
765 1420 297
1943 335 171
1064 1279 411
329 903 343
644 531 354
386 453 108
486 1378 510
995 1101 9
395 932 227
1696 1286 43
213 460 490
1120 1301 15
703 1052 96
909 1956 245
1507 782 421
1325 339 45
1261 117 29
970 1952 126
1085 1561 407
1249 1895 358
702 1707 9
1631 1997 15
40 769 100
1438 990 49
1972 451 171
760 1446 235
299 1314 47
1006 1541 436
1775 1990 1
970 728 208
165 1843 417
1328 1730 305
1160 1591 161
397 1264 237
1104 945 105
1494 1183 264
1137 880 446
1535 674 176
469 289 456
635 591 357
940 1158 433
504 439 278
1699 1016 448
740 1659 170
138 1196 415
1551 1828 275
312 258 285
1903 1122 144
353 388 13
925 2016 428
384 488 101
267 1596 37
1038 31 156
468 392 287
113 1739 176
1950 164 400
2002 309 158
966 1331 214
1856 1635 370
0 0 0
