1161 1676 209
1191 1119 389
649 896 17
503 1404 444
396 28 174
1520 474 39
1210 1440 314
1070 761 210
1456 782 116
1097 1540 484
1948 1243 30
971 619 80
1291 1886 375
1486 1396 110
268 622 193
1115 774 109
1820 827 268
1149 1142 422
1788 276 145
536 662 144
804 1496 407
1953 384 135
1867 1643 460
952 209 6
1344 313 268
1003 842 441
1082 395 361
1483 465 241
342 1806 158
1942 368 92
968 1024 40
1353 1007 438
1825 567 223
1210 473 24
711 1264 264
951 959 197
961 1934 21
742 698 296
1383 245 199
1977 41 313
218 806 416
1782 378 326
1610 501 255
803 1006 142
537 1418 223
1009 450 9
403 867 355
1637 1210 299
468 1166 71
1412 1786 431
511 855 443
161 1129 255
534 1251 125
664 357 59
1764 688 264
941 1749 413
496 510 334
2037 135 352
780 1834 172
236 960 504
1068 539 345
1023 1421 162
98 730 344
543 132 189
1259 265 328
134 281 408
253 2022 463
881 1779 215
519 1830 256
767 702 464
1328 310 190
403 162 237
1716 611 432
1209 1026 293
559 1877 424
1382 490 137
1148 1949 474
640 1539 182
966 1353 106
651 1657 152
1437 1242 403
1009 909 478
508 1886 414
1547 760 159
1555 567 460
725 545 335
1048 869 176
721 1121 212
168 207 192
2017 969 88
920 400 318
765 808 428
781 872 159
91 1197 159
47 1597 218
893 761 111
1913 115 181
1301 1558 246
580 1105 283
183 1636 118
822 1586 302
1667 1616 168
1769 664 418
796 1033 51
1620 7 143
1593 948 149
22 283 77
346 17 96
706 180 227
1170 1847 133
1955 1045 480
95 538 30
1272 911 428
227 1121 143
181 1779 358
1886 427 437
899 1179 396
872 1901 62
1895 1934 189
890 1719 476
807 220 216
297 765 63
816 402 273
982 1255 433
1052 1291 9
1165 1462 169
160 22 389
1477 1028 11
1562 1066 364
1681 319 325
1197 435 198
881 1906 486
325 471 146
815 137 263
358 48 127
1129 689 190
1664 603 99
738 1409 335
202 1764 144
1956 910 472
1887 2041 300
2023 1907 511
1583 602 70
62 645 264
778 466 416
2018 1482 66
1681 1538 188
725 1915 239
1185 184 489
1117 1870 121
682 61 256
1767 1032 143
670 1920 139
1755 1463 126
86 945 506
1167 320 456
1211 1215 56
997 1941 374
1577 185 111
1554 1660 22
1017 1463 250
1355 1489 128
873 711 384
953 1258 13
771 1785 293
1932 625 196
414 1710 442
978 534 144
792 1638 94
896 1238 357
1012 331 168
1720 1838 386
1893 254 229
1757 1549 249
1315 29 231
13 88 464
215 1796 201
687 753 273
1159 1001 98
1080 332 268
1515 810 83
1014 1012 16
952 662 22
745 1346 75
1558 1568 375
622 1357 327
1255 1286 221
1286 1198 400
1812 8 229
1424 1999 370
886 1425 45
1191 829 10
418 1505 204
862 1437 436
1125 555 500
1826 103 53
723 1478 504
1441 1545 226
1963 1613 486
809 331 244
1473 640 493
1267 1762 253
207 1465 29
1168 1207 436
543 1951 118
1203 1621 282
1084 657 470
425 1640 393
1971 1979 22
161 617 156
1158 558 51
1234 317 496
1995 214 7
550 1055 481
1380 545 181
1554 1149 401
631 998 427
1356 2000 222
775 846 245
1117 1272 458
500 1763 159
170 547 197
1979 869 262
902 1401 57
699 164 18
1838 752 40
580 247 74
1675 219 121
1750 445 298
298 1249 445
1516 803 449
1941 1542 197
848 763 377
475 1434 447
592 659 91
1602 704 405
745 770 503
667 2033 252
937 1446 486
1658 1396 376
724 444 504
594 254 487
155 1025 432
774 718 85
1184 1215 205
1878 168 2
1195 1723 380
145 1904 179
1075 483 341
1710 1903 508
1906 1309 283
473 318 117
1066 708 352
1974 4 250
1003 2029 324
1258 764 418
1958 955 226
1553 1529 90
120 1480 342
1687 701 339
822 1809 23
686 1711 460
494 1167 439
974 502 39
1817 702 484
1388 104 209
1618 1913 316
1096 883 389
487 1790 267
1890 1669 100
1669 509 4
206 428 92
1750 1662 317
1563 1992 482
1119 533 384
1091 712 476
1099 302 352
679 1867 434
199 884 485
1012 923 157
12 1101 384
1080 1767 19
347 1890 451
990 602 155
1510 935 41
1860 518 287
114 431 120
918 1012 210
28 1368 280
1057 57 424
656 230 370
1845 1846 180
913 1654 7
1879 872 97
1531 243 441
218 972 228
511 146 127
1993 1110 433
1052 1606 376
456 1613 245
1012 1113 441
750 733 143
226 1989 37
666 952 476
1411 1730 166
1915 294 332
313 252 285
78 1152 283
1138 1067 42
378 1581 395
772 1944 485
1704 10 352
1261 488 181
1 1029 247
946 230 498
530 1237 292
1938 461 325
578 768 306
937 853 199
14 1207 71
1985 1159 250
888 1096 444
1566 1785 162
1467 1543 477
1467 1199 18
2009 1191 159
134 1328 109
49 1245 452
529 65 394
330 612 408
1705 1579 501
1567 334 206
1030 661 111
284 919 201
1748 1371 370
1785 1860 352
1540 1195 84
147 597 219
1593 380 252
1322 812 460
1290 1953 154
947 2009 278
506 1792 359
1747 998 88
1841 199 60
264 759 209
519 449 463
1225 1018 490
646 1255 425
1560 539 364
2043 1930 378
32 631 476
1519 1259 223
796 95 366
1444 352 337
317 542 440
164 1972 47
757 379 62
1471 1997 318
1184 488 165
1239 1632 222
494 744 224
1545 1193 91
1006 46 95
1121 270 473
1034 678 360
226 416 18
1805 1328 134
1972 1468 73
544 367 261
1692 874 333
1819 14 496
2015 1586 64
817 682 291
1119 1629 486
1788 1506 167
252 1534 408
395 876 374
1715 1740 309
516 129 493
528 1480 102
1549 492 487
1576 1304 85
261 1273 144
1167 1894 196
1800 563 101
1928 939 375
963 1682 37
1306 656 73
528 1639 8
782 30 187
1795 1622 144
395 1245 101
1844 1497 77
1 327 21
846 1604 318
1102 1860 314
302 1098 47
1561 983 355
465 1600 202
1156 1189 310
1453 1909 213
1452 1836 295
816 1666 266
698 381 410
532 1855 459
486 769 490
273 1613 367
325 1559 10
403 673 244
801 541 100
1788 599 54
235 700 189
0 0 0
