321 476 372
939 589 371
993 1582 237
188 572 424
550 1032 90
774 790 171
529 218 492
1686 274 431
58 488 40
474 394 26
451 1441 278
553 71 509
215 932 140
1088 680 312
975 335 461
365 660 106
182 64 99
1777 71 503
190 1087 308
755 1076 141
438 1112 442
121 1555 372
1852 1231 429
1490 617 405
1135 1276 407
1440 1345 406
1488 1497 5
1018 1591 265
679 707 116
910 1637 290
1796 776 322
1148 1177 249
388 2026 234
864 1722 56
1685 1863 218
763 1079 359
1092 545 424
2047 1569 27
290 635 457
1746 1044 402
1411 1495 309
909 1199 355
1485 535 131
199 1058 324
1970 1467 441
1278 1759 401
1314 680 400
841 486 134
393 1970 498
1304 1733 411
2036 1690 85
1966 391 396
1877 766 434
1582 431 378
1871 1258 8
127 649 193
1912 860 255
1997 1296 71
1330 1866 350
1383 2024 504
1297 576 320
1199 1581 140
1169 1205 290
622 912 265
2037 699 489
2020 1926 438
1596 36 403
792 559 309
1882 1739 491
303 820 146
998 1719 127
1822 866 20
1529 1124 15
416 1090 364
1648 1390 236
1340 567 186
630 1218 62
424 819 339
155 2002 6
376 1865 78
1570 42 317
46 1145 149
1182 1457 272
1968 1333 267
640 203 421
991 1574 406
1150 251 356
2021 933 116
847 699 493
1834 139 382
747 1385 467
452 2017 285
941 1539 252
1045 623 404
1504 1024 22
744 1233 319
1063 890 227
1837 560 489
813 57 116
812 699 286
1562 151 445
1448 1903 189
1557 1226 69
457 1058 121
794 2021 496
1655 1765 20
2032 1582 179
606 1472 258
801 189 40
1334 2038 263
1957 718 125
339 945 201
381 272 69
473 768 416
99 1155 467
1757 1843 348
190 462 437
451 1595 364
1026 448 233
1322 419 197
1853 1382 468
1924 739 282
390 1045 365
1492 1461 445
313 136 34
221 1972 95
1258 1029 54
1664 87 144
865 863 213
1257 1469 496
215 35 215
177 399 396
962 82 32
197 947 462
954 1965 503
883 1733 172
707 1712 127
1116 1965 49
979 1214 173
1930 2 364
1718 1606 191
2008 1234 87
377 483 440
1974 1328 391
658 1387 497
1507 1832 6
517 1256 188
935 195 135
1545 184 456
647 436 182
343 712 217
861 378 272
1083 885 177
312 1778 387
433 319 466
489 1155 71
632 504 37
244 274 409
1716 822 108
806 878 496
1385 1289 277
1257 1348 427
1269 195 75
644 1596 254
121 282 129
1665 482 120
1287 442 400
287 141 97
149 1967 126
810 690 59
1185 1514 473
1537 1424 171
914 943 301
1561 316 170
197 244 253
1121 1430 217
589 793 303
1282 1921 263
1504 1595 366
696 1742 361
1818 275 15
1295 317 178
734 1812 66
2003 152 11
1214 1171 241
2047 978 467
365 862 246
402 22 407
382 526 469
233 1681 258
217 640 87
1373 1401 97
1075 1233 316
926 1668 399
1946 496 241
1517 881 3
992 1367 343
1825 1868 359
1523 1065 108
1488 1137 461
840 1626 71
1976 1985 10
524 1900 243
1355 1292 94
980 1448 479
1313 606 64
1806 656 268
1476 1423 390
590 805 457
1200 340 73
450 993 327
1175 1235 423
1429 258 73
583 1541 274
1714 141 316
1490 564 54
1245 1283 38
1433 57 133
415 150 281
693 1754 325
1136 1642 394
1964 1358 457
1940 1365 254
1291 407 348
195 1109 2
1315 1485 40
1002 2027 323
229 45 430
529 566 423
1768 1799 384
583 1973 471
839 669 465
1424 1506 247
934 54 306
1957 934 322
600 880 303
735 658 465
1005 8 131
1039 1653 343
1136 492 33
1881 1333 218
1358 363 410
1123 1473 51
228 117 301
1059 506 333
1228 1651 58
745 1220 457
947 1770 46
1039 1339 462
1360 406 508
1869 1202 491
977 30 108
332 761 385
1626 419 255
1542 644 41
1223 378 219
1195 388 278
1010 1092 340
175 907 202
364 1047 172
1314 1910 2
1079 419 310
670 251 493
1941 850 422
1811 1792 211
1548 1767 289
1247 1505 429
104 1106 98
1401 292 348
1503 2008 148
1341 902 367
1582 641 230
1298 1675 508
458 108 332
75 1797 135
681 945 118
805 1146 23
894 727 256
497 974 217
1844 243 3
1625 235 487
744 957 247
1432 1298 408
413 1342 458
1528 993 41
901 1777 331
1109 324 252
2012 76 307
1717 319 452
1658 1086 206
1443 972 141
1158 1777 199
582 1096 489
1407 1270 328
166 1073 329
1225 1505 408
1415 1159 382
934 1962 173
98 1391 403
450 780 361
849 300 458
2042 498 485
922 11 109
134 324 103
1880 48 256
1976 1077 326
260 1660 54
1786 1414 168
635 1693 279
1315 2003 491
1504 880 88
342 911 261
122 1871 333
1442 818 232
1589 1982 93
1387 1024 372
1160 310 112
843 92 343
347 133 67
1813 446 275
405 1420 469
328 1002 122
2003 798 155
1734 1886 434
1157 350 413
1720 1774 364
427 46 90
2048 804 476
255 1815 380
780 301 368
195 1442 344
2021 536 84
39 1913 54
1616 1496 160
904 467 336
1818 1593 472
2029 210 381
734 1905 81
121 1177 152
812 1708 364
697 1023 346
978 1837 105
1442 1487 459
657 1739 62
190 1019 423
600 1296 208
1266 1410 256
1668 68 181
2047 1460 485
240 261 422
127 411 368
1838 1170 461
1139 287 170
2020 798 357
716 1444 145
673 1523 187
1313 499 106
1037 1052 389
780 203 66
586 1877 64
1628 137 40
1843 780 318
716 113 393
635 900 74
1904 1280 149
199 1975 117
1182 1143 174
366 993 501
4 1801 280
1105 1715 43
1985 1351 374
1831 1237 182
1213 564 195
1423 619 367
88 486 353
1866 1747 133
94 879 408
658 1332 436
350 1239 359
914 199 326
1939 1524 336
915 194 443
1711 134 168
490 1303 162
1922 1787 106
1031 717 154
86 470 498
1034 1006 421
1795 57 326
1413 73 371
551 699 25
643 228 222
1188 877 186
829 1623 423
1899 315 49
185 289 385
649 189 92
789 1075 79
1925 807 121
120 544 6
1162 1912 375
94 1055 72
871 806 343
424 1435 110
746 290 299
1324 322 390
648 353 250
1738 1544 397
1125 1635 154
1324 1069 8
538 1819 473
1948 1211 412
985 262 222
770 162 277
1986 1917 479
1911 2013 180
1597 1668 192
152 1581 31
241 870 481
1304 283 146
458 1467 28
1685 1310 86
1520 1184 460
1379 633 111
763 878 448
0 0 0
