829 339 209
436 2019 129
230 818 468
465 1648 301
660 102 20
135 1717 31
1511 1874 88
295 1452 310
150 442 478
1053 1506 504
1065 1091 324
704 1554 404
1503 1012 444
1366 131 74
1133 1266 209
1037 225 94
1857 2038 99
1037 1607 424
430 115 314
1531 1164 180
1066 1236 12
25 12 148
1873 1703 257
1270 2021 275
1078 558 61
1852 1653 146
2003 231 433
48 1166 484
582 1335 23
1205 601 446
392 1725 176
83 1835 90
1674 653 182
1955 481 382
1268 1425 291
1138 13 336
1473 1854 139
1562 1008 227
37 1359 364
667 713 31
62 1529 244
302 1514 209
1325 1264 9
1560 1298 78
749 132 229
1462 267 83
680 1624 333
448 411 160
1827 1338 284
373 1765 29
1707 109 311
881 682 243
528 168 155
1391 115 463
226 1507 155
783 1599 338
1006 648 139
1997 261 125
275 580 91
1403 1143 460
1993 1557 45
1247 1145 342
581 1284 409
428 1916 230
1323 186 439
523 1854 353
413 1722 499
1003 752 72
360 877 430
1892 546 433
938 830 31
234 528 91
1218 1908 452
1731 331 95
1897 1765 510
1843 605 144
1064 774 423
134 298 231
668 2023 461
293 180 251
2020 1990 460
1387 472 289
191 757 300
950 1097 478
357 1490 9
1582 18 337
1131 1400 39
156 437 202
277 1617 308
624 1284 137
84 205 1
1849 1664 272
163 129 484
496 402 167
627 1459 482
970 411 365
1320 152 321
220 288 160
146 1246 375
780 854 415
745 879 53
220 828 206
1914 1579 129
1663 721 433
313 405 485
123 920 250
1537 103 114
721 276 262
1143 1958 161
528 773 494
1347 1679 127
1570 281 143
478 1305 359
1438 996 378
997 1136 356
265 305 22
1626 1905 181
118 570 179
1817 1005 372
98 1026 463
349 397 380
913 294 374
1740 1410 196
1613 989 183
1167 1235 222
1648 523 115
231 1351 435
323 603 245
1970 1835 65
1564 203 79
267 250 83
1700 292 8
381 1915 491
2012 252 41
334 454 175
1412 1742 292
66 233 30
1819 1690 89
423 1568 147
1676 1690 310
975 512 217
924 1007 338
2034 1190 230
246 1354 431
454 1282 284
733 1411 217
1252 1754 251
1507 268 404
1689 1566 409
779 1151 466
1668 1223 465
1508 686 494
478 1091 352
248 1417 397
1215 1945 77
36 1838 316
1295 1060 239
1083 959 138
345 367 69
51 861 420
1078 715 324
676 523 233
301 1065 71
790 41 25
619 94 364
652 1733 507
1150 92 159
1069 1632 347
1155 1997 234
111 1457 350
391 1257 305
1588 1931 382
216 1657 336
1992 1500 178
1073 919 469
935 781 348
41 1883 33
1266 615 323
1841 948 159
1568 105 100
366 1497 320
1807 2045 451
1534 168 349
1032 1290 443
104 167 374
1782 954 142
666 637 343
855 204 36
1131 257 475
33 1723 80
344 173 511
652 627 375
355 1382 466
1575 321 279
1370 303 273
389 1321 41
559 599 379
1045 718 228
1079 1373 24
1476 755 423
1829 1295 190
202 1365 287
1331 1581 397
560 1093 441
103 1954 477
1519 1904 309
1635 1009 1
2014 1442 172
1213 1121 183
888 652 130
1468 1213 258
475 477 138
1263 954 75
1694 1821 403
350 389 104
424 1026 228
297 2017 203
352 1948 500
1211 884 499
1558 57 307
173 1858 183
905 400 471
1844 816 458
1528 1266 75
1995 748 88
732 1948 41
1011 1731 482
1740 1338 243
103 1196 133
1291 1239 39
1454 314 107
152 1463 7
989 551 156
1946 180 380
1019 338 472
639 1386 331
1891 571 144
1194 543 487
430 1746 507
495 979 503
445 506 128
1384 1587 382
418 1285 79
962 511 255
1909 1480 191
203 641 124
826 862 346
302 982 6
1733 1730 210
1926 529 112
1930 1442 313
1575 611 500
926 930 240
413 330 347
1288 1440 288
1958 1796 507
353 1754 167
1003 571 15
959 713 158
1525 1575 25
141 722 207
327 50 270
1169 1705 262
1697 1357 286
140 768 128
190 321 105
1095 1433 77
581 909 456
1694 959 465
33 476 42
208 1557 161
1061 1491 3
82 1579 377
1145 235 164
77 1592 134
334 901 410
384 2 79
1891 269 91
330 662 421
412 1333 291
1874 1735 229
944 1223 260
414 781 124
28 1249 150
109 654 71
1169 1264 336
184 496 24
1283 291 369
334 1288 214
292 471 473
143 1918 236
1229 1556 288
954 1438 455
42 1822 384
168 1758 305
1901 2030 485
1187 1024 163
931 312 369
1397 861 328
200 20 154
1421 363 275
1589 141 350
1150 1797 463
944 863 427
1309 204 3
1229 198 386
463 1743 150
558 1958 477
1899 601 377
958 1188 363
536 1147 43
914 581 349
871 1451 96
1039 1126 473
1207 623 158
314 1643 368
1699 1690 439
598 1211 312
1242 1033 148
506 1500 444
857 784 468
183 13 35
906 446 177
1657 1634 126
626 510 299
1387 945 222
1691 1354 308
1387 1477 307
1607 463 378
1049 1479 246
149 323 57
1879 996 327
1877 2024 256
1804 454 7
1135 1601 426
1982 876 460
295 1741 503
1885 7 202
325 1663 266
1185 1064 53
149 1809 405
823 1234 189
146 141 154
1080 511 153
53 44 255
1 1674 239
874 482 27
1896 1134 202
1557 938 143
1681 1652 57
1563 1006 409
877 1654 435
361 1787 248
265 457 223
322 1746 96
1267 335 281
1133 528 253
657 1808 440
2019 1924 24
21 521 86
1083 124 168
589 1215 169
1203 62 37
1604 679 155
176 202 112
1487 292 391
1628 686 382
459 1921 91
969 1020 445
777 1348 506
273 750 155
1361 545 509
956 139 333
329 1382 368
748 1472 466
311 538 442
1364 764 97
562 1943 303
1140 1448 276
1874 1549 106
1623 1257 468
21 1249 54
1608 1494 345
915 1249 505
1478 1566 297
1538 945 147
679 252 271
1943 788 384
844 1221 416
1504 145 163
1243 1182 90
1620 251 208
984 1860 90
1181 96 34
1588 45 178
688 1426 7
712 1881 200
310 1303 341
891 1651 469
1550 184 119
353 1775 306
637 1015 399
472 1702 71
1096 711 197
550 1269 150
715 628 138
1681 1929 301
863 871 12
2041 1822 430
134 523 153
1726 1280 235
852 119 153
583 1908 61
900 685 131
1063 307 282
238 1790 334
526 788 92
1555 12 231
1254 478 76
688 1356 315
215 999 281
731 1403 421
1760 1690 141
610 1140 448
1093 1038 322
1504 1198 10
1541 2045 67
1409 603 134
952 906 187
1506 347 202
56 1859 176
1171 1844 496
1278 315 236
2009 1091 40
1767 309 412
937 369 453
1528 2019 31
1898 1360 259
1768 876 175
818 967 59
879 1206 217
1719 2002 290
820 1718 335
1771 1022 479
1685 832 59
1773 641 452
1115 1616 1
535 1331 84
1011 343 114
505 1953 205
321 835 214
681 1139 10
1850 1909 466
1921 1150 18
793 1108 22
1252 311 436
1229 1311 253
1013 1802 124
1591 1745 500
1669 1298 236
16 1101 314
1639 1650 485
1988 992 117
520 1804 70
1637 328 269
335 1928 415
945 775 371
1652 1574 331
1388 563 248
175 1689 134
396 955 445
440 790 160
301 702 52
1032 1399 385
246 1747 387
364 1891 448
691 1510 392
512 460 111
530 1763 405
1174 1238 289
461 624 340
7 1836 96
1137 1386 176
715 888 150
401 1480 129
699 414 46
569 1601 160
1929 1628 156
1632 1577 374
946 1673 192
1871 122 34
1325 1041 467
75 1354 129
1308 969 473
159 1867 129
840 1599 254
163 954 391
61 1509 136
7 1953 61
1563 1648 480
372 1072 88
139 445 35
518 821 5
2018 1601 389
1783 983 270
599 306 460
756 1211 377
653 838 15
1867 1996 313
955 676 80
1062 573 347
983 1262 512
1412 1143 488
1211 1085 360
1229 1034 254
1182 1963 367
2023 78 487
1303 1022 461
831 1278 183
188 1307 470
501 1222 110
1482 47 325
563 1149 368
1952 1211 362
80 1525 386
1269 770 424
899 809 120
661 1042 213
1796 1766 214
1336 572 302
1592 445 28
1791 379 390
592 500 428
998 1292 153
163 879 310
534 1731 182
682 1523 331
1748 1327 155
1748 1816 483
1786 1831 274
336 1942 149
923 340 111
160 1212 75
1428 992 102
1796 967 410
2015 1791 418
1437 1270 496
1636 1523 122
153 1882 40
347 1964 203
1537 980 31
1009 793 133
1414 1008 122
343 610 196
46 757 266
1291 1936 237
1047 1409 282
108 969 299
1550 371 475
1638 487 230
1734 1003 409
294 226 69
1598 1889 39
577 1693 307
1246 1711 314
1250 619 105
1021 1833 480
1424 1636 437
1970 1200 185
1578 506 5
1766 1368 480
553 748 68
351 1459 191
605 1573 465
1897 417 475
640 150 104
1495 236 486
1718 1444 378
609 584 352
363 954 404
1370 613 122
1672 267 8
1081 659 342
1790 1054 465
889 912 306
306 128 13
1518 478 62
1371 289 128
1977 224 318
546 1567 114
613 1715 227
930 410 352
163 1136 133
1480 154 491
1990 433 82
659 1320 31
1146 495 303
905 163 133
610 1670 361
182 1043 112
1065 1451 280
999 1046 504
615 1917 112
1166 885 390
946 109 508
738 1998 212
774 1212 132
155 1821 341
748 1290 25
973 956 258
1640 828 97
1421 244 15
26 531 424
0 0 0
