8 68 1 3 3 0 6 17 96 34 99 92 62 96 51 89 18 
31 1 0 0 9 0 12 0 38 0 45 0 47 0 75 0 85 0 85 0 99 11 100 24 100 32 100 33 100 50 100 72 100 77 100 89 100 96 100 99 99 100 35 100 29 100 13 100 12 99 8 96 3 96 3 84 2 66 1 29 0 15 0 
28 9 0 4 1 0 23 0 25 0 61 0 66 0 81 0 84 0 84 1 98 2 99 24 100 27 100 31 100 38 100 92 99 99 98 100 77 100 74 100 38 100 30 100 17 96 0 88 0 57 0 50 0 46 0 38 0 
43 22 0 14 1 0 3 0 11 0 15 0 48 0 57 0 77 0 83 0 99 29 100 36 100 36 100 42 100 53 100 55 100 57 100 60 100 63 100 85 99 98 98 100 86 100 71 100 64 100 64 100 61 100 58 100 55 100 41 100 11 99 3 97 0 96 0 86 0 77 0 65 0 59 0 45 0 39 0 39 0 38 0 31 0 23 0 
43 15 0 6 1 0 2 0 6 0 12 0 33 0 44 0 56 0 57 0 71 0 98 0 99 6 100 12 100 26 100 36 100 36 100 52 100 61 100 69 100 76 100 79 100 86 100 88 100 91 100 99 100 100 96 100 77 100 74 100 49 100 42 100 39 100 38 100 36 100 33 100 29 100 0 93 0 92 0 62 0 54 0 42 0 19 0 
14 71 0 37 1 25 3 1 17 3 87 16 98 73 100 74 100 78 100 94 100 98 88 100 25 99 7 89 1 
20 40 0 1 5 0 6 0 12 0 21 0 57 0 88 0 91 7 100 15 100 32 100 59 100 83 100 95 94 97 91 100 64 100 56 100 40 100 16 90 1 
16 72 0 25 2 10 12 3 18 0 45 8 97 43 99 47 99 64 99 84 98 96 92 98 91 99 80 99 77 99 55 90 3 
25 11 0 8 1 0 4 0 39 0 64 0 70 2 95 3 97 4 99 5 100 7 100 17 100 39 100 80 99 90 95 96 89 98 86 100 74 100 55 100 22 98 8 97 4 84 1 43 0 30 0 
26 9 0 4 3 3 4 3 4 3 4 0 31 0 37 0 54 0 64 0 66 0 80 0 90 4 100 6 100 60 100 95 100 100 96 100 43 100 39 100 37 100 9 100 4 100 1 94 0 68 0 30 0 
4 61 22 20 42 21 60 24 58 
24 23 0 14 1 7 5 0 9 0 68 0 79 0 87 0 88 0 88 0 97 2 98 12 100 12 100 51 100 88 98 98 94 100 91 100 76 100 63 100 32 100 10 91 0 72 0 64 0 
35 0 0 0 3 0 29 0 32 0 37 0 57 0 66 0 72 0 81 0 89 0 94 0 95 1 96 5 99 64 100 74 100 89 100 94 99 97 97 99 93 100 89 100 70 100 37 100 36 100 31 100 24 99 12 95 0 78 0 71 0 69 0 57 0 52 0 42 0 24 0 
9 32 12 14 15 10 26 5 42 16 72 50 85 66 88 97 78 75 42 
15 45 0 4 2 1 9 0 42 0 98 38 100 77 100 85 100 91 97 94 94 99 83 100 21 100 12 96 3 87 1 
34 2 0 0 3 0 6 0 7 0 15 0 22 0 39 0 43 0 53 0 81 0 84 0 88 0 98 14 99 37 100 43 100 43 100 55 100 64 100 83 100 96 100 96 100 99 100 100 69 100 36 99 21 96 6 90 1 86 0 77 0 69 0 65 0 37 0 9 0 
34 16 0 1 1 0 25 0 32 0 45 0 66 0 84 0 98 13 100 14 100 16 100 18 100 23 100 41 100 54 100 71 100 73 100 87 100 93 100 100 98 100 90 100 76 100 73 100 34 100 10 100 2 99 0 91 0 84 0 55 0 54 0 46 0 31 0 30 0 
13 74 0 18 1 6 11 1 22 0 68 1 93 11 95 88 100 99 93 100 58 100 48 99 9 91 2 
26 7 0 1 8 0 17 0 20 0 21 0 23 0 89 1 94 8 98 18 100 32 100 96 100 98 99 100 98 100 96 100 87 100 70 100 31 100 25 99 9 93 2 90 0 82 0 81 0 66 0 39 0 
33 23 0 12 1 0 4 0 13 0 27 0 30 0 78 0 80 0 85 0 97 2 100 28 100 47 100 49 100 65 100 68 100 75 100 80 100 87 100 96 100 100 99 100 85 100 77 100 32 100 31 100 29 100 24 100 17 99 5 96 1 89 0 44 0 28 0 
20 25 0 8 1 4 5 2 7 1 8 0 37 0 52 0 56 1 78 2 95 9 100 19 100 82 98 90 95 99 88 100 5 100 2 96 0 33 0 31 0 
26 34 0 6 1 0 4 0 23 0 25 0 37 0 44 0 74 0 84 0 100 21 100 30 100 47 100 60 100 60 100 67 100 74 100 98 99 100 85 100 75 100 13 99 7 96 3 93 2 51 0 45 0 
32 4 0 1 6 0 24 0 59 0 71 0 74 0 87 1 98 14 100 17 100 43 100 44 100 67 100 68 100 70 100 86 100 89 100 98 100 100 86 100 71 100 62 100 51 100 35 100 28 100 24 100 6 93 1 93 1 48 0 42 0 33 0 27 0 
44 20 0 11 1 4 3 4 3 2 4 1 5 0 14 0 22 0 33 0 37 0 43 0 49 0 68 0 68 0 76 0 90 0 92 1 94 3 96 8 100 29 100 29 100 43 100 46 100 49 100 58 100 96 100 100 100 100 99 100 97 100 73 100 72 100 66 100 54 100 42 100 18 96 1 90 0 86 0 72 0 64 0 52 0 45 0 25 0 
27 9 0 1 3 0 23 0 40 0 52 0 85 0 86 2 94 12 100 17 100 87 100 91 100 98 95 99 92 100 73 100 67 100 51 100 28 100 26 100 7 100 5 99 3 82 0 59 0 56 0 36 0 24 0 
26 1 0 0 46 0 68 0 68 0 75 0 84 2 96 3 99 24 100 56 100 66 100 92 99 95 98 98 97 100 91 100 75 100 43 100 6 95 0 85 0 85 0 56 0 49 0 48 0 36 0 30 0 
24 1 0 0 3 0 17 0 35 0 46 0 60 0 70 0 89 1 92 4 100 26 100 57 100 92 100 97 90 100 60 100 47 99 19 96 12 91 3 70 1 30 0 24 0 8 0 2 0 
14 62 0 5 5 4 6 3 7 4 81 5 90 74 98 87 93 92 90 96 71 100 46 97 6 81 0 75 0 
35 35 0 14 1 3 3 0 6 0 11 0 36 0 37 0 41 0 42 0 67 0 93 1 96 6 98 12 100 24 100 32 100 32 100 65 100 72 100 97 100 99 95 100 65 100 58 100 40 100 27 100 20 100 9 100 7 98 0 95 0 86 0 66 0 48 0 44 0 38 0 
44 1 0 0 3 0 13 0 43 0 45 0 46 0 54 0 59 0 59 0 61 0 75 0 76 0 78 2 97 5 100 27 100 33 100 37 100 39 100 56 100 91 100 99 99 100 97 100 94 100 86 100 78 100 69 100 64 100 63 100 48 100 32 99 4 97 1 90 0 90 0 86 0 66 0 56 0 44 0 34 0 33 0 32 0 19 0 15 0 
44 4 0 1 8 0 19 0 29 0 31 0 44 0 45 0 45 0 65 0 71 0 74 1 93 6 100 8 100 12 100 12 100 38 100 44 100 49 100 65 100 76 100 76 100 88 100 90 100 98 100 99 100 99 100 100 95 100 80 100 38 100 23 100 4 98 0 96 0 94 0 85 0 84 0 77 0 40 0 25 0 16 0 16 0 12 0 8 0 
7 4 0 3 52 4 100 77 82 93 59 95 15 87 4 
34 6 0 4 1 0 3 0 29 0 37 0 41 0 42 0 51 0 80 0 80 1 88 3 92 10 97 18 99 27 100 28 100 69 100 82 100 100 97 100 93 100 73 100 55 100 54 100 48 100 24 100 8 97 3 87 1 73 0 34 0 33 0 30 0 29 0 9 0 
38 33 0 5 2 0 3 0 6 0 36 0 59 0 74 0 77 0 83 0 91 0 94 0 95 1 96 5 99 41 100 54 100 68 100 76 100 88 100 95 97 100 93 100 57 100 38 100 36 100 30 100 23 100 23 100 12 100 11 100 10 100 5 99 0 96 0 81 0 79 0 74 0 61 0 44 0 
28 15 0 15 0 9 1 3 5 0 7 0 69 1 96 3 100 11 100 12 100 12 100 33 100 42 100 63 100 83 100 99 98 100 97 100 72 100 34 100 32 100 25 100 16 100 7 99 4 97 3 70 0 50 0 25 0 
9 57 9 21 14 2 25 2 50 2 60 14 100 96 93 99 71 98 9 
23 12 0 7 2 0 9 0 43 0 52 0 59 0 68 0 99 2 100 17 100 82 100 95 97 100 92 100 72 100 56 100 56 100 40 100 37 98 10 73 0 72 0 19 0 18 0 
18 28 0 8 1 0 6 0 66 0 76 10 95 30 99 33 99 83 98 96 94 100 87 100 36 100 26 99 4 88 1 77 0 76 0 53 0 
10 26 0 7 2 3 18 1 45 3 73 10 88 72 99 94 91 98 68 97 6 
31 21 0 1 1 0 2 0 34 0 40 0 56 0 85 0 88 0 99 14 100 18 100 29 100 41 100 49 100 49 100 55 100 67 100 88 100 89 100 97 98 100 91 100 86 100 82 100 81 100 66 100 28 100 7 97 1 71 0 61 0 54 0 
39 20 0 10 2 1 4 0 12 0 56 0 59 0 66 0 80 0 88 2 93 2 93 4 97 15 100 25 100 38 100 42 100 47 100 49 100 55 100 82 100 83 100 88 100 96 100 97 100 100 93 100 92 100 83 100 67 100 58 100 51 100 43 100 27 100 11 100 4 97 0 92 0 90 0 88 0 21 0 
19 27 0 13 1 0 4 0 16 0 31 0 90 1 94 11 99 25 100 54 100 75 99 99 96 100 53 99 10 99 10 96 3 91 0 56 0 42 0 
13 58 0 3 1 1 14 0 32 0 83 8 97 14 100 82 100 97 86 100 52 100 20 99 12 86 1 
36 12 0 1 1 0 5 0 10 0 21 0 25 0 61 0 70 0 93 1 98 1 98 2 100 3 100 10 100 11 100 15 100 20 100 25 100 40 100 53 100 72 100 80 100 96 99 100 96 100 75 100 57 100 57 100 54 100 24 100 7 100 4 94 1 88 0 45 0 41 0 19 0 
12 38 1 8 2 0 25 0 55 0 96 36 99 99 100 100 75 95 11 86 1 71 1 64 1 
20 1 0 0 57 0 87 0 100 19 100 38 100 49 100 60 100 95 98 99 94 100 66 100 56 100 39 99 8 98 5 96 4 66 1 52 0 41 0 38 0 
19 15 0 0 1 1 82 2 98 5 99 32 100 50 100 82 100 94 100 100 99 100 96 100 94 100 72 100 41 100 38 100 32 100 1 55 0 27 0 
13 34 0 1 4 0 30 0 53 0 56 2 99 55 98 88 94 95 91 99 38 99 36 97 2 42 0 
15 82 1 20 6 15 7 4 24 2 36 0 65 0 84 1 98 21 99 61 100 100 93 100 51 100 33 94 3 90 2 
22 15 0 0 1 0 10 0 36 0 61 1 80 2 92 11 97 20 99 31 100 71 100 83 99 92 98 97 94 100 72 100 58 99 4 82 0 49 0 34 0 31 0 20 0 
37 4 0 2 3 1 9 0 36 0 52 0 62 0 84 1 93 4 100 9 100 24 100 43 100 52 100 81 100 94 98 96 97 99 90 100 76 100 60 100 60 100 49 100 39 100 27 100 19 99 4 90 0 87 0 86 0 70 0 51 0 40 0 38 0 36 0 31 0 30 0 27 0 14 0 
28 0 0 0 35 0 46 0 60 0 67 0 82 0 85 0 89 0 94 3 95 27 99 33 100 41 100 50 100 87 100 91 97 100 77 100 76 100 61 100 51 100 28 100 20 100 0 72 0 67 0 38 0 33 0 21 0 
10 29 1 8 10 0 31 5 71 24 93 63 100 100 95 100 34 93 4 81 2 
27 15 0 10 1 5 2 2 23 1 35 0 65 0 85 0 91 2 100 41 100 90 98 95 96 99 90 100 63 100 40 100 35 100 27 100 21 100 20 100 12 100 11 97 6 88 3 78 1 71 0 68 0 29 0 
21 68 0 35 1 1 3 0 6 0 48 0 52 0 61 0 76 1 89 2 95 6 99 10 100 63 99 80 97 98 92 100 22 95 9 88 3 88 3 86 2 80 0 
37 7 0 2 6 0 13 0 13 0 28 0 42 0 48 0 61 0 67 0 69 0 95 0 98 3 99 11 100 15 100 18 100 52 100 66 100 68 100 100 100 100 70 100 47 100 43 100 28 100 9 100 1 99 0 91 0 76 0 76 0 69 0 65 0 53 0 52 0 45 0 44 0 40 0 
22 25 0 8 1 1 2 0 5 0 57 0 64 0 70 1 91 12 100 18 100 61 100 80 100 84 99 89 96 100 88 100 70 100 41 99 27 90 0 59 0 51 0 40 0 
26 11 0 6 4 1 20 0 90 3 99 7 100 9 100 13 100 15 100 17 100 17 100 24 100 25 100 29 100 58 100 90 100 96 96 98 91 100 84 100 78 100 32 99 0 77 0 72 0 43 0 34 0 
21 4 0 0 2 0 66 1 89 2 93 23 98 32 99 46 100 69 100 88 100 88 100 96 95 100 84 100 76 100 75 100 69 100 61 100 17 96 3 86 1 59 0 
35 25 0 0 3 0 26 0 61 0 63 0 88 3 96 10 100 74 100 82 100 84 100 88 99 96 97 99 95 100 82 100 68 100 44 100 37 100 30 100 29 100 28 100 26 100 17 100 13 98 4 91 0 91 0 87 0 87 0 82 0 61 0 59 0 48 0 48 0 29 0 
22 14 0 5 8 0 17 0 22 0 50 0 54 0 66 0 77 2 100 87 99 100 95 100 74 100 14 100 2 89 0 85 0 68 0 55 0 53 0 52 0 41 0 36 0 
11 2 1 0 3 8 100 10 100 84 100 95 96 100 91 100 33 100 12 92 4 27 1 
0