35 1 0 0 4 0 31 0 48 0 55 0 85 7 96 14 98 21 100 26 100 44 100 71 100 89 99 100 97 100 92 100 79 100 71 100 69 100 68 100 64 100 49 100 48 100 35 100 24 99 9 98 0 95 0 85 0 73 0 65 0 52 0 40 0 35 0 18 0 11 0 
6 76 2 40 16 0 61 24 100 94 88 90 11 
20 26 0 19 1 8 3 4 6 1 26 0 36 1 54 3 87 8 99 48 100 58 100 96 97 100 96 100 92 100 85 100 70 100 44 100 37 97 21 92 0 
16 28 1 1 12 0 77 6 92 8 94 11 97 14 98 23 99 52 100 61 100 79 98 96 79 100 57 98 20 94 5 36 1 
21 20 0 13 2 3 15 0 47 0 73 5 86 20 99 39 99 43 99 51 99 63 99 90 96 93 95 100 89 100 73 100 50 100 33 100 31 99 6 98 2 69 1 
27 6 0 3 4 0 8 0 19 0 26 0 81 0 100 15 100 35 100 63 100 73 100 96 99 99 87 100 83 100 77 100 54 100 33 100 5 97 0 83 0 72 0 69 0 60 0 48 0 40 0 22 0 8 0 
18 0 0 0 12 0 63 0 85 0 95 2 98 9 99 45 100 55 100 64 100 100 99 100 91 100 50 100 41 100 10 98 2 97 0 86 0 
27 3 0 2 3 0 18 0 22 0 51 0 57 0 88 1 96 9 100 12 100 18 100 37 100 44 100 99 100 100 97 100 44 100 44 100 39 100 33 100 2 99 0 52 0 51 0 51 0 48 0 24 0 22 0 
27 7 0 0 2 0 36 0 64 0 70 0 81 1 99 19 100 21 100 55 100 65 100 74 100 97 100 99 95 100 91 100 90 100 85 100 85 100 68 100 25 100 21 100 20 99 0 67 0 55 0 42 0 30 0 
9 97 0 7 12 0 40 2 51 38 88 47 90 63 93 97 93 98 24 
18 75 0 12 2 2 3 1 15 0 91 0 93 4 99 30 100 58 100 67 100 75 100 92 100 93 100 100 97 100 87 100 84 99 0 96 0 
30 0 0 0 9 0 32 0 70 0 90 1 94 2 96 8 100 25 100 26 100 26 100 38 100 47 100 55 100 57 100 74 100 76 100 79 100 87 100 99 100 100 92 100 63 100 55 100 47 100 31 100 16 99 0 78 0 57 0 18 0 
32 1 0 0 31 0 31 0 55 0 75 0 79 0 89 0 90 0 91 2 99 28 100 30 100 32 100 38 100 71 100 100 99 100 78 100 54 100 35 100 27 100 26 100 14 100 5 98 0 90 0 85 0 78 0 73 0 58 0 42 0 36 0 26 0 
26 12 0 3 3 0 55 0 65 0 65 0 69 0 83 0 93 21 100 36 100 53 100 94 100 99 96 100 94 100 78 100 78 100 55 100 33 100 32 100 32 99 8 91 0 81 0 51 0 41 0 16 0 
41 3 0 0 2 0 21 0 33 0 35 0 37 0 38 0 66 0 70 0 75 0 79 0 91 2 96 3 97 9 99 18 100 20 100 26 100 35 100 62 100 73 100 89 100 99 100 100 100 100 100 100 98 100 98 100 92 100 74 100 64 100 50 100 33 100 17 99 6 98 2 89 0 88 0 62 0 31 0 13 0 11 0 
27 29 0 8 1 6 2 0 6 1 91 6 100 7 100 7 100 11 100 76 100 77 100 86 100 92 99 100 92 100 92 100 90 100 89 100 69 100 52 100 41 100 39 100 9 97 3 94 0 82 0 36 0 35 0 
25 45 0 13 4 3 6 0 25 0 44 0 56 0 83 0 88 0 89 0 97 9 100 22 100 23 100 43 100 56 100 68 100 86 99 90 97 99 91 100 66 100 20 99 1 89 0 62 0 46 0 
23 7 0 5 4 2 13 0 31 0 57 0 79 2 91 4 98 31 100 46 100 50 100 72 100 73 100 89 100 100 94 100 76 100 40 100 21 100 4 86 0 14 0 14 0 13 0 
43 31 0 1 1 0 2 0 2 0 7 0 10 0 28 0 48 0 57 0 64 0 66 0 68 1 95 2 97 8 99 15 100 28 100 37 100 39 100 65 100 79 100 79 100 93 100 93 100 93 100 98 100 100 96 100 83 100 59 100 58 100 34 100 28 100 24 100 19 100 18 100 14 100 13 100 11 100 5 100 0 86 0 74 0 52 0 
18 7 0 7 0 3 7 1 38 0 69 2 87 5 92 12 100 74 100 81 97 99 89 100 78 100 73 100 65 99 42 96 8 95 2 91 1 
21 83 0 11 1 3 2 0 39 0 44 1 93 3 98 29 100 63 100 79 100 94 100 97 99 99 73 100 49 100 44 100 44 100 29 100 18 99 6 97 5 86 1 
33 2 0 0 20 0 27 0 46 0 62 0 73 0 76 0 90 0 93 1 97 9 99 21 100 24 100 37 100 40 100 53 100 68 100 82 100 90 100 96 98 98 90 100 70 100 61 100 44 100 34 100 15 100 13 96 3 79 0 67 0 49 0 38 0 6 0 
19 63 0 47 1 34 2 2 10 0 41 0 50 0 62 0 74 1 90 6 97 8 99 62 99 65 99 72 99 90 90 95 73 100 49 100 22 94 2 
42 5 0 1 2 0 9 0 30 0 33 0 55 0 58 0 62 0 76 1 98 15 100 58 100 62 100 81 100 100 97 100 86 100 85 100 84 100 78 100 75 100 52 100 51 100 50 100 42 100 38 100 37 100 34 100 19 100 9 100 6 100 0 84 0 75 0 74 0 67 0 53 0 43 0 33 0 19 0 15 0 10 0 8 0 
15 61 0 11 1 2 13 1 41 0 91 3 99 42 99 68 97 83 93 100 80 100 62 99 26 97 12 94 0 91 0 
34 4 0 3 3 0 18 0 31 0 51 0 79 0 90 0 92 0 100 23 100 34 100 45 100 65 100 96 100 100 99 100 73 100 70 100 69 100 57 100 29 100 24 100 15 99 10 96 1 80 0 58 0 48 0 47 0 47 0 36 0 23 0 22 0 21 0 8 0 
27 33 0 2 3 0 21 0 24 0 38 0 48 0 52 0 55 0 61 0 94 0 98 3 99 36 100 46 100 73 100 79 100 84 100 86 100 95 100 99 97 100 68 100 30 100 14 97 1 67 0 53 0 38 0 
14 1 0 0 3 0 25 1 89 2 95 4 99 35 100 38 100 97 100 98 70 98 20 85 8 82 6 53 1 
22 9 0 2 1 0 15 0 50 1 76 4 100 6 100 10 100 15 100 17 100 71 100 82 99 97 94 100 84 100 57 100 37 100 33 100 32 100 4 77 1 77 1 11 0 
32 12 0 3 2 1 10 1 10 0 90 2 98 9 99 17 100 21 100 23 100 68 100 74 100 79 100 97 98 100 96 100 95 100 76 100 73 100 71 100 71 100 50 100 36 100 12 96 3 95 2 91 0 55 0 31 0 27 0 26 0 24 0 19 0 
37 16 0 8 1 6 2 2 12 0 69 0 70 0 76 0 85 0 93 1 99 13 100 21 100 24 100 46 100 56 100 67 100 71 100 74 100 88 100 91 99 96 95 96 95 100 90 100 60 100 45 100 27 100 26 100 21 99 13 93 6 82 1 69 0 59 0 48 0 36 0 32 0 27 0 
35 8 0 1 4 0 17 0 47 0 62 0 68 0 77 2 93 4 99 23 100 24 100 33 100 65 100 66 100 71 100 83 100 83 100 87 100 91 100 96 100 98 98 99 97 100 81 100 65 100 11 100 8 99 5 90 0 84 0 78 0 73 0 47 0 34 0 24 0 22 0 
14 74 0 20 3 13 4 2 16 0 52 0 76 1 97 29 99 75 100 97 99 99 71 100 29 89 5 85 2 
28 2 0 0 8 0 19 0 34 0 42 0 45 0 50 0 55 0 70 0 87 0 98 3 100 5 100 16 100 27 100 54 100 89 100 95 99 98 91 100 37 100 21 100 15 100 5 92 0 84 0 69 0 68 0 34 0 
33 52 0 52 0 9 1 4 2 2 4 1 7 0 27 0 29 0 35 0 41 0 54 0 61 0 65 0 73 1 87 8 100 25 100 29 100 44 100 66 100 95 99 98 95 99 92 100 32 100 23 100 2 94 0 89 0 82 0 73 0 70 0 67 0 63 0 
37 3 0 0 5 0 10 0 16 0 32 0 37 0 39 0 52 0 73 0 86 3 94 7 97 23 99 61 100 71 100 97 99 99 95 100 91 100 44 100 39 100 36 100 27 100 23 100 17 100 6 100 1 88 0 71 0 68 0 63 0 49 0 42 0 42 0 30 0 29 0 28 0 14 0 
32 3 0 0 9 0 11 0 15 0 21 0 66 2 100 14 100 30 100 47 100 61 100 64 100 71 100 77 100 78 100 81 100 91 100 94 100 97 97 97 97 100 72 100 59 100 27 99 2 98 0 79 0 64 0 56 0 42 0 37 0 13 0 13 0 
17 5 0 0 8 0 25 0 97 8 99 76 100 93 96 98 87 100 80 100 75 100 27 96 4 92 2 74 0 72 0 64 0 18 0 
8 0 1 8 81 27 99 92 95 98 44 99 24 81 2 64 1 
25 14 0 9 1 6 3 1 7 0 8 0 15 0 20 0 39 0 49 0 90 4 97 9 98 33 100 35 100 93 100 98 94 100 40 100 35 100 26 100 21 100 17 97 0 79 0 46 0 26 0 
37 5 0 1 5 1 5 0 16 0 27 0 28 0 60 0 69 0 97 7 100 30 100 47 100 64 100 67 100 69 100 79 100 96 100 99 100 100 67 100 50 100 33 100 21 98 5 92 1 87 0 82 0 81 0 81 0 75 0 59 0 51 0 50 0 25 0 25 0 21 0 9 0 8 0 
35 7 0 1 2 0 34 0 38 0 51 0 53 0 74 0 87 0 99 8 100 23 100 24 100 41 100 55 100 60 100 65 100 65 100 76 100 83 100 97 98 100 96 100 96 100 93 100 73 100 55 99 0 93 0 91 0 85 0 81 0 77 0 70 0 63 0 35 0 34 0 
11 75 2 39 5 4 11 2 26 7 95 18 100 87 99 100 93 100 93 100 7 87 3 
14 2 0 0 31 1 80 6 92 32 99 69 100 86 100 98 94 99 82 100 66 100 9 96 0 88 0 78 0 
18 1 0 0 1 0 73 0 77 0 81 0 91 0 100 7 100 98 99 99 72 99 47 98 20 97 5 95 4 86 1 32 0 25 0 18 0 
24 1 0 0 8 0 10 0 80 0 83 1 97 7 99 19 100 21 100 35 100 72 100 86 100 98 96 100 91 100 86 100 61 100 34 100 33 100 27 96 3 94 2 87 0 76 0 17 0 
34 8 0 3 1 0 3 0 21 0 37 0 40 0 54 0 77 0 87 0 90 0 95 13 99 32 100 37 100 43 100 94 100 99 93 100 91 100 82 100 81 100 67 100 64 100 50 100 43 100 38 100 25 100 7 100 4 96 2 90 1 72 0 67 0 60 0 17 0 
23 50 0 12 1 6 2 3 4 1 13 0 42 0 43 0 96 2 100 19 100 24 100 96 99 99 98 100 52 100 46 100 45 100 9 99 5 98 3 97 2 96 1 75 0 72 0 
33 7 0 2 6 2 6 0 31 0 41 0 43 0 44 0 64 0 86 0 99 3 100 3 100 11 100 26 100 32 100 39 100 57 100 68 100 86 100 91 99 98 95 100 87 100 53 100 26 100 19 100 17 100 16 99 7 97 2 96 1 88 0 83 0 60 0 
24 4 0 1 8 0 23 0 44 0 55 0 58 0 61 0 66 1 98 18 100 24 100 54 100 80 100 99 99 100 92 100 74 100 72 100 58 99 14 97 4 91 1 85 0 38 0 16 0 
17 13 0 8 1 0 3 0 34 0 74 0 96 0 100 50 100 76 100 81 99 99 95 100 77 100 46 100 40 100 19 100 0 85 0 
31 0 0 0 2 0 8 0 16 0 51 0 53 0 55 1 79 2 97 9 100 22 100 28 100 48 100 56 100 70 100 73 100 78 100 96 100 97 98 100 85 100 80 100 74 99 30 98 14 97 1 95 0 61 0 40 0 19 0 13 0 2 0 
23 3 0 0 13 0 71 0 73 2 98 8 100 9 100 34 100 49 100 73 100 89 100 90 100 91 100 99 100 100 16 100 2 94 0 90 0 74 0 52 0 51 0 49 0 27 0 
26 16 0 0 1 0 12 0 17 0 43 0 92 1 99 9 100 13 100 28 100 34 100 55 100 73 100 98 100 100 97 100 35 100 18 98 5 97 0 81 0 75 0 62 0 57 0 56 0 53 0 34 0 
35 10 0 1 1 0 5 0 8 0 10 0 14 0 28 0 45 0 59 0 60 0 65 0 92 0 100 11 100 19 100 19 100 40 100 47 100 50 100 65 100 66 100 70 100 85 100 94 100 95 100 99 99 100 72 100 71 100 16 100 16 100 15 98 0 64 0 60 0 25 0 
23 51 0 26 1 3 3 0 19 0 24 0 72 6 94 10 100 16 100 19 100 42 100 54 100 77 100 89 99 92 97 94 94 96 91 98 87 100 27 100 22 98 9 96 2 88 1 
25 3 0 0 14 0 59 0 68 0 73 0 77 0 95 0 99 2 100 58 100 60 100 63 100 89 99 98 98 99 75 99 65 99 60 99 44 99 1 53 0 33 0 25 0 9 0 8 0 5 0 
19 5 0 2 3 0 21 0 37 0 83 7 98 18 100 30 100 38 100 60 100 62 100 87 100 94 100 94 100 99 94 100 9 98 0 83 0 58 0 
25 59 0 10 1 6 4 1 12 0 36 0 41 0 58 0 68 0 70 0 81 1 95 6 99 47 100 66 100 97 100 98 98 99 89 100 68 100 49 100 31 100 30 100 15 100 8 99 0 87 0 
17 42 0 13 1 0 12 1 51 3 99 30 100 59 100 88 100 99 94 100 90 100 87 100 43 100 36 100 25 100 3 99 1 98 0 
44 3 0 0 5 0 7 0 8 0 11 0 25 0 40 0 40 0 42 0 48 0 54 0 56 0 75 0 75 1 94 4 98 6 99 37 100 48 100 60 100 69 100 70 100 82 100 94 100 98 98 99 97 100 94 100 85 100 77 100 75 100 67 100 26 100 23 100 4 97 0 93 0 91 0 78 0 63 0 50 0 36 0 35 0 33 0 20 0 
30 3 0 0 2 0 30 0 33 0 37 0 51 0 78 0 84 0 85 0 95 5 99 12 100 43 100 47 100 58 100 96 100 97 100 98 99 100 62 100 40 100 36 99 0 69 0 65 0 54 0 52 0 38 0 18 0 15 0 11 0 
37 1 0 0 8 0 20 0 24 0 28 0 30 0 41 0 50 0 59 0 75 0 76 0 79 0 93 0 94 1 99 3 100 18 100 43 100 55 100 81 100 99 100 100 96 100 95 100 91 100 79 100 66 100 66 100 62 100 55 100 34 100 17 100 10 97 2 93 0 16 0 8 0 3 0 
30 21 0 6 1 3 5 0 9 0 12 0 25 0 30 0 93 1 99 6 100 14 100 26 100 71 100 90 100 92 99 97 95 98 87 99 78 100 42 100 38 100 13 100 5 99 2 95 0 71 0 64 0 57 0 56 0 56 0 29 0 
16 54 2 27 7 13 13 9 17 4 24 1 40 2 68 3 77 4 81 7 86 82 98 100 98 99 40 98 15 97 4 65 2 
15 52 0 21 1 0 2 0 44 0 58 1 80 3 99 4 100 91 100 99 92 100 41 98 13 96 2 93 1 83 0 
36 38 0 1 2 0 9 0 13 0 16 0 34 0 59 0 75 4 97 10 98 23 100 27 100 32 100 39 100 42 100 43 100 46 100 53 100 61 100 67 100 96 100 100 93 100 82 100 51 100 33 100 27 98 7 94 0 88 0 79 0 76 0 66 0 66 0 62 0 51 0 50 0 
26 10 0 5 1 0 3 0 17 0 20 0 32 0 35 0 55 0 58 0 65 0 67 0 74 0 91 0 95 20 100 48 100 62 100 80 100 100 100 100 55 99 3 79 0 69 0 56 0 56 0 20 0 
29 10 0 1 6 0 25 0 43 0 53 0 54 0 64 0 77 1 94 3 96 4 97 7 98 32 100 60 100 94 99 98 98 100 58 100 56 100 36 100 31 100 18 100 18 100 1 100 0 96 0 90 0 86 0 26 0 17 0 
34 2 0 0 14 0 14 0 14 0 28 0 35 0 45 0 60 0 67 0 86 0 89 3 98 4 99 6 100 14 100 43 100 44 100 52 100 71 100 94 100 98 99 99 98 99 98 100 65 100 54 100 51 100 18 99 7 98 1 84 0 64 0 47 0 34 0 32 0 
29 21 0 8 2 1 4 0 12 0 21 0 42 0 90 0 90 1 100 38 100 62 100 99 98 100 94 100 83 100 78 100 72 100 56 100 49 100 46 100 40 100 33 99 14 98 12 90 4 84 2 66 0 40 0 28 0 27 0 
44 27 0 27 0 2 2 0 28 0 30 0 34 0 36 0 51 0 55 0 56 0 75 0 89 4 97 5 98 9 100 15 100 30 100 63 100 95 99 100 97 100 80 100 77 100 75 100 56 100 54 100 44 100 43 100 29 100 28 100 27 100 26 100 25 100 23 100 9 100 3 100 1 100 0 97 0 90 0 80 0 60 0 60 0 45 0 34 0 
11 85 0 17 4 5 7 0 14 4 87 8 91 42 95 97 99 100 80 97 49 91 24 
39 3 0 0 13 0 16 0 71 0 81 0 87 0 88 0 92 0 97 0 100 1 100 13 100 19 100 28 100 29 100 33 100 56 100 68 100 72 100 94 100 100 96 100 89 100 85 100 82 100 72 100 50 100 44 100 16 100 12 100 3 98 0 86 0 59 0 57 0 52 0 36 0 30 0 18 0 17 0 
39 10 0 5 2 4 3 0 21 0 34 0 39 0 61 0 80 1 100 17 100 20 100 41 100 66 100 84 100 84 100 87 100 91 100 100 93 100 82 100 66 100 54 100 54 100 48 100 37 100 29 100 11 97 2 91 0 88 0 87 0 83 0 73 0 71 0 63 0 63 0 47 0 29 0 24 0 17 0 
32 5 0 2 1 1 4 0 11 0 15 0 29 0 35 0 42 0 45 0 69 0 73 0 79 0 100 17 100 25 100 33 100 39 100 47 100 53 100 100 99 100 47 100 29 100 20 100 17 98 1 82 0 76 0 69 0 45 0 45 0 32 0 7 0 
25 25 0 2 4 0 17 0 73 0 73 0 76 0 91 0 99 13 100 21 100 24 100 25 100 26 100 28 100 90 100 99 96 100 93 100 70 100 62 100 60 100 13 99 8 95 5 61 0 49 0 
35 2 0 0 5 0 15 0 23 0 49 0 50 0 55 0 72 0 79 1 99 5 100 24 100 28 100 50 100 56 100 73 100 93 97 98 95 98 95 100 89 100 80 100 78 100 72 100 53 100 52 100 47 100 12 93 1 79 0 61 0 59 0 53 0 33 0 13 0 4 0 
24 51 0 10 1 0 2 0 27 0 52 0 87 1 97 7 99 19 100 50 100 77 100 81 100 86 100 89 100 91 100 99 97 100 86 100 52 100 42 100 1 86 0 68 0 66 0 63 0 
30 34 0 3 2 0 5 0 9 0 23 0 36 0 50 0 57 0 70 0 73 0 94 6 100 57 100 61 100 86 100 86 100 94 100 96 99 100 83 100 68 100 48 100 37 100 35 99 6 99 6 97 2 84 0 76 0 59 0 53 0 
24 23 0 3 1 0 2 0 45 0 59 2 87 3 97 4 100 13 100 57 100 60 100 74 100 81 100 95 99 98 90 98 90 99 84 100 31 98 13 96 9 95 7 92 2 88 1 66 0 
24 34 0 4 1 0 7 0 51 0 67 1 94 2 98 5 100 26 100 35 100 46 100 52 100 64 100 97 100 100 95 100 61 100 34 100 21 100 6 99 2 98 0 90 0 70 0 46 0 
26 14 0 6 4 4 5 1 7 0 38 0 61 0 76 0 97 3 100 14 100 24 100 92 100 100 88 100 78 100 63 100 54 100 40 100 20 100 13 100 1 88 0 86 0 80 0 73 0 66 0 20 0 
25 22 0 0 1 0 29 0 47 0 82 0 87 2 95 4 99 13 100 21 100 30 100 40 100 74 100 96 99 98 98 100 94 100 80 100 79 100 65 100 62 100 54 100 30 100 0 99 0 56 0 
16 55 0 5 4 4 19 4 47 4 66 4 69 5 96 41 99 52 99 68 99 94 96 99 92 100 39 100 13 100 4 91 2 
22 32 0 8 1 5 2 0 11 0 21 0 31 0 41 0 84 1 95 2 98 24 100 60 100 98 99 100 93 100 90 100 36 100 21 100 17 100 17 99 3 89 0 65 0 
12 46 0 2 1 0 72 1 80 5 88 21 98 79 98 94 90 100 55 100 45 87 1 64 0 
40 0 0 0 11 0 17 0 20 0 85 0 86 0 87 0 95 1 100 4 100 7 100 8 100 39 100 44 100 65 100 69 100 72 100 88 100 92 99 99 97 100 92 100 79 100 78 100 75 100 73 100 70 100 69 100 67 100 63 100 60 100 53 100 36 100 29 100 21 96 2 92 0 81 0 23 0 13 0 3 0 
10 6 1 5 51 9 100 33 100 77 99 99 94 99 45 98 40 94 21 89 5 
32 13 0 3 1 1 2 0 6 0 29 0 37 0 40 0 59 1 94 6 97 16 100 29 100 76 100 83 100 88 100 90 100 95 100 99 90 100 86 100 76 100 59 100 49 100 44 100 23 100 22 100 15 100 10 100 10 98 0 34 0 29 0 18 0 
10 57 0 20 1 1 7 0 17 2 98 86 100 89 97 99 67 100 43 100 3 
23 1 0 0 25 0 40 0 74 1 98 6 99 29 100 60 100 79 100 88 99 94 96 100 90 100 90 100 60 100 57 100 56 100 51 100 13 98 9 94 3 88 0 86 0 73 0 
31 22 0 14 1 14 1 0 3 0 8 0 26 0 34 0 80 0 92 1 94 9 100 11 100 38 100 45 100 46 100 46 100 50 100 52 100 73 100 83 100 95 98 100 97 100 65 100 56 100 54 100 36 100 26 100 18 100 9 100 1 52 0 
35 0 0 0 12 0 28 0 43 0 44 0 45 0 62 0 76 0 95 0 95 1 98 8 100 16 100 29 100 34 100 37 100 55 100 60 100 75 100 83 100 97 100 99 97 100 75 100 50 100 47 100 39 100 33 100 21 98 15 93 2 86 1 75 0 63 0 33 0 21 0 
36 3 0 1 1 0 41 0 47 0 53 0 71 0 77 0 93 1 99 9 100 12 100 45 100 51 100 57 100 80 100 94 100 100 98 100 89 100 61 100 58 100 56 100 34 100 24 100 20 100 14 97 7 92 3 85 2 78 1 71 0 70 0 58 0 39 0 35 0 27 0 23 0 
34 18 0 1 1 0 9 0 14 0 21 0 31 0 36 0 37 0 40 0 60 0 62 0 67 0 74 0 83 0 99 22 100 57 100 72 100 80 100 100 99 100 98 100 92 100 83 100 56 100 15 100 8 99 6 92 1 78 0 73 0 70 0 70 0 60 0 21 0 
22 9 0 0 19 0 77 3 93 8 98 58 100 71 100 99 100 100 65 100 56 100 43 95 14 91 2 85 0 83 0 76 0 58 0 56 0 55 0 33 0 28 0 11 0 
20 48 0 7 1 4 11 0 27 0 61 0 62 0 86 4 95 9 98 40 100 92 100 99 100 100 87 100 74 100 69 100 51 100 17 100 14 98 0 58 0 
34 28 0 0 3 0 8 0 37 0 52 0 69 0 86 2 94 11 100 31 100 33 100 51 100 56 100 60 100 65 100 75 100 82 100 83 100 100 100 100 86 100 79 100 41 100 23 97 6 91 1 77 0 64 0 62 0 55 0 53 0 53 0 51 0 50 0 46 0 
11 78 0 2 1 0 15 0 62 0 78 2 100 59 99 89 97 98 77 100 30 98 1 
24 24 0 2 4 1 17 0 39 0 40 0 74 3 92 8 100 24 100 52 100 52 100 68 100 94 100 100 93 100 78 100 73 100 66 100 38 100 18 99 13 98 11 93 7 89 4 79 2 
36 5 0 2 3 0 8 0 10 0 12 0 20 0 31 0 33 0 39 0 41 0 55 0 67 0 87 1 93 3 98 12 100 22 100 25 100 27 100 48 100 67 100 94 100 97 100 99 98 100 67 100 65 100 47 100 42 100 35 100 16 100 14 100 8 99 5 89 0 85 0 30 0 
18 20 0 12 1 2 7 0 17 2 93 6 95 19 99 53 100 57 100 72 100 81 100 98 99 100 36 100 30 100 11 94 3 87 0 41 0 
38 5 0 1 1 0 16 0 34 0 36 0 50 0 73 0 88 0 96 3 98 8 99 13 100 13 100 53 100 57 100 58 100 60 100 72 100 80 100 87 99 93 97 100 78 100 60 100 35 100 30 100 25 100 10 99 8 96 4 84 0 74 0 70 0 37 0 36 0 36 0 25 0 21 0 14 0 
28 42 0 11 1 0 6 0 11 0 17 0 30 0 56 1 100 24 100 24 100 52 100 58 100 68 100 83 99 100 95 100 81 100 70 100 60 100 57 100 24 100 19 100 16 100 12 100 1 99 0 90 0 79 0 67 0 
36 18 0 6 3 3 8 0 21 0 31 0 57 0 83 0 88 0 93 2 99 6 100 17 100 26 100 39 100 40 100 47 100 74 100 83 100 91 100 91 100 100 97 100 74 100 71 100 65 100 38 100 33 100 30 100 14 99 9 89 1 83 0 45 0 42 0 37 0 37 0 28 0 
20 64 0 8 2 2 4 0 17 0 41 0 85 0 93 1 99 41 100 72 100 77 100 99 100 100 97 100 94 100 68 100 23 99 4 97 1 94 0 67 0 
29 7 0 5 2 0 11 0 44 0 50 0 80 0 82 0 84 1 94 3 96 22 98 22 98 34 99 45 99 68 99 78 99 81 99 93 99 95 96 99 90 99 90 100 78 100 53 100 13 97 4 91 0 90 0 59 0 43 0 
40 19 0 3 3 1 4 1 4 0 21 0 22 0 25 0 38 0 47 0 69 0 79 0 88 1 98 4 100 18 100 19 100 19 100 20 100 25 100 30 100 34 100 55 100 55 100 70 100 70 100 80 100 89 100 95 100 100 99 100 58 100 36 99 16 97 3 95 0 92 0 58 0 57 0 45 0 30 0 25 0 
25 16 0 1 2 0 16 0 38 0 50 0 97 31 100 72 100 82 100 100 100 100 90 100 57 100 54 100 50 100 49 100 46 100 43 100 42 100 20 99 5 92 2 87 0 63 0 60 0 23 0 
30 34 0 8 4 2 5 0 13 0 16 0 16 0 34 0 51 0 62 2 92 6 100 61 100 62 100 64 100 66 100 96 100 100 100 100 95 100 68 100 65 100 57 100 52 100 22 98 4 94 1 70 0 70 0 66 0 50 0 41 0 
29 41 0 24 1 10 2 7 3 4 6 2 10 0 16 0 41 0 65 0 75 0 77 1 82 3 92 6 97 18 100 47 100 49 100 54 100 80 99 99 98 100 97 100 81 100 36 100 28 100 14 97 4 94 1 60 0 55 0 
14 30 1 11 2 4 14 0 78 3 95 5 97 52 100 54 100 62 100 72 99 100 86 100 84 99 37 93 4 
41 0 0 0 2 0 12 0 13 0 17 0 21 0 30 0 40 0 40 0 45 0 83 0 93 0 93 1 98 11 100 45 100 56 100 89 99 95 97 98 94 100 89 100 73 100 71 100 66 100 66 100 65 100 62 100 54 100 43 100 28 100 14 100 13 99 3 95 1 88 0 75 0 71 0 68 0 51 0 22 0 8 0 
0