18 21 0 2 1 0 17 0 60 0 75 0 78 1 93 16 98 28 100 77 100 96 98 98 97 99 91 100 57 100 49 100 3 96 1 30 0 
16 24 0 6 3 5 4 0 9 0 45 1 98 28 100 52 100 76 100 100 97 100 28 98 12 96 7 85 2 77 0 46 0 
32 33 0 9 1 3 5 2 8 0 18 0 36 0 61 0 66 0 74 0 94 4 98 7 100 56 100 82 100 100 100 100 95 100 69 100 56 100 28 100 24 100 24 98 2 94 1 90 0 87 0 84 0 81 0 77 0 64 0 56 0 52 0 36 0 
36 1 0 0 6 0 11 0 22 0 34 0 42 0 50 0 51 0 55 0 59 0 63 0 69 0 87 0 96 4 99 6 100 10 100 26 100 38 100 44 100 48 100 48 100 82 100 99 99 100 90 100 78 100 55 100 44 100 44 100 25 100 24 100 13 100 0 99 0 62 0 48 0 
34 2 0 0 7 0 11 0 12 0 13 0 28 0 49 0 53 0 84 0 97 4 98 10 99 19 100 28 100 32 100 45 100 53 100 70 100 82 100 100 99 100 73 100 70 100 44 100 42 100 26 100 16 100 15 100 9 99 1 84 0 55 0 54 0 48 0 37 0 
17 18 0 0 1 0 25 0 41 1 82 3 97 42 99 77 100 94 96 100 94 100 69 97 8 85 0 85 0 70 0 58 0 42 0 
36 1 0 0 15 0 17 0 19 0 23 0 65 0 68 0 72 1 95 2 100 37 100 42 100 53 100 83 100 93 98 96 97 100 95 100 68 100 66 100 65 100 40 100 31 100 15 100 4 96 2 90 0 87 0 75 0 61 0 54 0 53 0 51 0 50 0 32 0 6 0 5 0 
21 18 0 3 1 0 3 0 59 0 88 0 99 25 100 39 100 52 100 64 100 94 98 99 92 100 65 100 37 100 8 100 2 94 0 88 0 84 0 70 0 19 0 
41 4 0 0 4 0 8 0 15 0 18 0 23 0 42 0 58 0 78 0 94 0 98 4 100 4 100 8 100 16 100 17 100 30 100 31 100 39 100 41 100 55 100 58 100 91 99 95 97 97 95 99 83 100 70 100 61 100 56 100 36 100 34 100 22 100 5 100 1 98 0 91 0 64 0 40 0 31 0 11 0 8 0 
36 9 0 3 1 0 5 0 6 0 15 0 21 0 38 0 50 0 65 0 66 0 70 0 72 0 72 0 86 1 93 2 98 7 99 46 100 67 100 69 100 76 100 80 100 93 100 98 99 100 81 100 79 100 59 100 56 100 53 100 51 100 24 100 19 99 2 82 1 56 0 24 0 
22 12 0 0 1 0 23 0 30 0 54 1 90 4 100 44 100 55 100 93 100 99 92 100 89 100 89 100 26 100 19 100 15 100 12 100 1 85 0 76 0 76 0 23 0 
15 14 0 4 2 0 27 0 90 9 100 95 98 100 92 100 74 100 70 100 57 100 16 97 3 89 1 43 0 37 0 
9 0 0 1 85 12 100 48 100 95 99 99 87 100 61 100 7 91 4 
41 14 0 5 1 0 3 0 41 0 43 0 54 0 55 0 57 0 66 0 74 0 78 0 81 0 88 0 96 1 98 13 100 23 100 54 100 84 99 96 96 98 93 100 89 100 57 100 53 100 50 100 38 100 26 100 15 100 10 96 0 86 0 85 0 83 0 73 0 53 0 53 0 46 0 44 0 38 0 24 0 20 0 
40 12 0 8 1 3 4 2 7 1 10 0 34 0 36 0 39 0 42 0 49 0 50 0 51 0 55 0 85 0 88 0 94 1 99 7 100 63 100 85 100 92 100 97 100 98 95 99 90 100 76 100 51 100 47 100 36 100 35 100 24 100 16 100 8 94 0 64 0 57 0 57 0 36 0 29 0 22 0 13 0 
34 59 0 1 1 0 24 0 33 0 52 0 68 0 68 0 71 0 75 0 80 1 98 9 99 22 100 43 100 53 100 57 100 61 100 67 100 73 100 82 100 97 100 100 80 100 78 100 78 100 76 100 64 100 34 100 26 100 24 100 17 99 3 96 1 84 0 75 0 
16 90 0 21 1 12 6 6 10 4 24 1 45 0 75 2 97 43 100 62 99 90 95 96 93 99 83 100 43 99 32 96 3 
31 55 0 5 1 2 7 0 17 0 26 0 43 0 49 0 54 0 63 0 72 0 78 1 98 3 99 17 100 20 100 41 100 46 100 96 100 100 98 100 80 100 56 100 41 100 39 100 39 100 12 100 8 100 4 100 3 89 0 86 0 84 0 
12 12 1 5 7 0 31 2 60 11 92 28 98 37 99 92 97 98 69 97 55 89 13 75 2 
43 2 0 0 5 0 26 0 32 0 63 0 66 0 71 0 74 0 83 0 87 0 96 0 99 7 100 25 100 26 100 57 100 77 100 88 100 95 98 100 96 100 96 100 91 100 79 100 74 100 64 100 61 100 49 100 32 100 18 100 15 100 4 100 1 98 0 79 0 72 0 63 0 46 0 39 0 39 0 38 0 36 0 28 0 26 0 
23 0 0 0 8 0 22 0 53 0 80 0 93 3 99 23 100 97 100 100 91 100 89 100 87 100 69 99 44 98 29 96 2 79 1 51 0 31 0 21 0 18 0 4 0 1 0 
20 1 0 0 9 0 10 0 37 0 69 5 99 24 100 50 100 78 99 100 98 100 90 100 76 100 74 100 22 100 20 98 4 97 0 74 0 3 0 3 0 
14 37 0 25 4 5 11 4 26 4 80 8 85 25 92 56 99 88 89 92 76 98 40 96 24 87 7 63 2 
26 17 0 0 1 0 8 0 27 0 78 1 95 13 99 48 100 52 100 53 100 68 100 68 100 75 100 98 100 99 90 100 77 100 58 100 24 100 19 100 10 95 2 93 1 88 0 76 0 31 0 20 0 
28 39 0 4 1 0 13 0 30 0 46 0 54 0 55 1 85 2 96 5 97 12 99 32 100 63 100 76 100 81 100 93 98 99 97 100 66 100 63 100 47 100 18 94 7 67 0 65 0 64 0 46 0 45 0 41 0 
26 17 0 0 1 0 11 0 45 0 53 0 70 0 94 5 98 25 100 28 100 43 100 72 100 72 100 78 100 85 100 96 99 99 98 100 91 100 63 100 48 100 41 100 13 99 1 48 0 41 0 35 0 
17 12 0 6 2 3 3 0 8 0 21 0 31 0 67 1 97 6 99 34 100 100 100 100 85 97 8 95 5 63 0 46 0 22 0 
27 10 0 0 2 0 10 0 13 0 37 0 66 0 85 1 96 11 100 23 100 28 100 29 100 62 100 63 100 81 100 82 100 99 98 100 95 100 90 100 72 100 60 100 46 100 9 97 2 91 1 46 0 37 0 
12 54 0 1 1 1 23 1 86 8 97 46 99 85 100 92 85 100 53 100 51 100 3 95 0 
22 18 0 0 5 0 23 0 78 0 85 0 87 3 99 10 100 18 100 41 100 58 100 73 100 86 100 100 99 100 46 100 45 100 35 100 8 100 0 89 0 88 0 70 0 
53 25 0 9 1 2 3 0 6 0 13 0 18 0 20 0 40 0 50 0 52 0 57 0 66 0 68 0 78 0 78 0 88 1 95 5 99 8 100 18 100 23 100 34 100 40 100 54 100 59 100 72 100 78 100 78 100 78 100 82 100 89 100 90 100 97 100 98 96 99 88 100 77 100 77 100 61 100 60 100 53 100 37 100 19 100 15 100 9 96 0 95 0 94 0 88 0 85 0 85 0 84 0 39 0 33 0 
14 74 0 25 3 13 12 3 27 0 71 1 80 15 100 63 100 70 100 84 96 100 84 100 8 100 3 100 2 
27 13 0 2 3 2 3 0 21 0 50 0 66 1 98 13 100 18 100 52 100 54 100 75 100 100 99 100 92 100 85 100 57 100 47 100 45 99 2 66 0 65 0 60 0 54 0 44 0 24 0 20 0 19 0 
17 68 0 11 2 1 3 0 87 0 88 1 96 6 99 78 100 93 98 97 95 100 81 100 75 100 72 100 53 100 41 100 17 95 0 
31 3 0 1 4 0 27 0 34 0 40 0 44 0 62 0 73 0 75 0 99 19 100 29 100 46 100 54 100 77 100 85 100 98 99 100 95 100 80 100 73 100 67 100 20 99 3 91 1 91 1 84 0 82 0 70 0 30 0 29 0 23 0 
12 6 0 5 4 0 44 2 98 16 100 85 99 95 93 100 77 99 1 99 1 33 0 31 0 
14 69 0 24 4 9 7 2 15 0 42 3 96 50 100 50 100 56 100 56 100 70 100 96 95 100 26 85 2 
23 0 0 0 40 0 88 0 91 2 99 66 100 99 99 100 94 100 92 100 76 100 69 100 58 100 22 100 15 99 7 98 5 92 1 79 0 53 0 50 0 24 0 17 0 9 0 
24 9 0 9 0 2 6 0 9 0 40 0 43 0 54 0 99 20 100 65 100 81 100 87 100 91 99 94 97 99 87 100 77 100 73 100 56 100 44 100 24 97 2 67 0 32 0 16 0 
12 50 3 7 29 3 63 0 91 1 94 1 94 40 100 44 100 93 99 100 36 92 14 58 3 
26 5 0 4 1 1 4 0 19 0 49 0 54 0 55 0 88 0 89 0 99 11 100 18 100 45 100 48 100 83 99 97 96 100 89 100 49 100 47 100 15 100 3 91 1 77 0 71 0 48 0 14 0 
40 5 0 0 1 0 11 0 20 0 22 0 30 0 57 0 60 0 62 0 73 0 78 0 78 0 95 3 100 18 100 22 100 23 100 25 100 26 100 26 100 36 100 40 100 43 100 59 100 71 100 83 100 85 100 94 98 100 96 100 70 100 69 100 39 100 23 100 19 100 11 100 11 100 8 95 0 70 0 52 0 
23 10 0 2 5 0 13 0 40 0 66 0 69 1 100 33 100 51 100 54 100 100 100 100 65 100 59 100 56 100 21 100 11 99 2 89 0 67 0 65 0 58 0 19 0 13 0 
13 8 1 0 4 0 57 8 98 10 100 68 100 73 100 97 93 100 87 97 13 96 2 88 1 10 1 
25 4 0 4 0 0 22 0 30 0 47 0 69 0 71 1 93 2 100 4 100 5 100 47 100 99 100 100 93 100 77 100 16 100 7 100 1 99 0 70 0 51 0 36 0 28 0 17 0 5 0 
19 5 0 0 15 0 26 0 91 1 93 10 96 49 100 96 99 99 98 100 94 100 92 100 59 100 39 100 9 100 0 95 0 70 0 20 0 12 0 
33 9 0 2 2 0 6 0 15 0 25 0 36 0 46 0 53 0 66 2 91 4 95 7 100 26 100 42 100 57 100 58 100 62 100 95 99 98 97 100 72 100 71 100 63 100 21 99 11 97 3 96 0 83 0 80 0 76 0 75 0 55 0 43 0 40 0 
34 1 0 0 7 0 11 0 11 0 32 0 55 0 64 1 98 6 100 6 100 10 100 11 100 83 100 100 96 100 87 100 84 100 78 100 76 100 65 100 51 100 47 100 4 99 2 96 1 92 0 68 0 62 0 46 0 41 0 25 0 21 0 7 0 6 0 2 0 
27 16 0 5 1 3 7 0 38 0 69 0 78 3 97 19 99 31 100 36 100 47 100 87 100 90 99 93 93 98 81 100 74 100 53 100 27 100 4 98 3 94 1 90 0 89 0 66 0 53 0 52 0 39 0 
46 8 0 2 1 0 4 0 51 0 55 0 56 0 56 0 63 0 64 0 66 0 82 0 88 4 97 9 100 24 100 29 100 30 100 62 100 68 100 76 100 88 100 97 99 98 97 100 93 100 83 100 53 100 50 100 30 100 28 100 28 100 24 100 17 100 13 98 4 96 2 89 1 67 0 62 0 53 0 51 0 46 0 36 0 25 0 23 0 17 0 13 0 
43 1 0 0 7 0 28 0 29 0 38 0 45 0 48 0 54 0 65 0 72 0 74 0 84 1 92 3 95 4 96 6 98 22 100 64 100 67 100 79 100 84 100 84 100 87 100 87 100 96 100 99 96 100 92 100 88 100 86 100 78 100 74 100 67 100 50 100 11 99 6 93 0 65 0 52 0 47 0 35 0 35 0 29 0 18 0 
39 18 0 6 1 1 3 0 12 0 29 0 41 0 45 0 45 0 52 0 53 0 69 0 84 0 94 1 98 2 100 12 100 40 100 46 100 59 100 64 100 66 100 76 100 94 100 95 100 98 95 100 86 100 77 100 71 100 70 100 39 100 25 100 10 100 0 100 0 98 0 98 0 91 0 88 0 84 0 
14 18 1 6 10 2 26 1 71 4 86 7 99 14 100 20 100 99 100 99 58 99 49 99 43 98 23 91 2 
16 37 1 33 2 0 11 0 31 0 81 3 95 5 98 16 100 21 100 63 99 94 97 100 18 100 18 100 18 100 14 99 2 
11 23 1 14 35 9 56 4 85 4 86 28 94 79 95 90 78 100 52 100 50 97 3 
12 21 0 6 1 2 33 1 76 18 100 76 98 97 93 99 78 100 65 98 12 83 5 51 0 
12 79 0 5 7 3 17 2 58 7 70 18 76 35 85 82 98 86 95 99 53 95 29 90 5 
27 7 0 4 5 1 21 1 24 1 25 1 40 1 74 1 98 14 100 19 100 28 100 53 100 69 99 94 94 100 91 100 61 100 56 100 47 100 38 100 29 100 22 100 4 82 1 57 0 27 0 24 0 13 0 
25 29 0 5 1 0 5 0 6 0 13 0 21 0 80 0 82 0 86 0 92 3 100 17 100 76 100 97 99 100 92 100 55 100 48 100 46 100 8 100 2 100 0 94 0 70 0 60 0 41 0 
18 15 0 3 4 1 12 0 20 0 61 0 75 1 95 25 98 99 97 100 72 100 43 100 42 100 27 100 5 97 3 81 1 47 0 29 0 
31 46 0 46 0 0 1 0 1 0 6 0 22 0 35 0 48 0 57 0 68 0 97 0 99 54 100 62 100 68 100 98 100 99 100 100 99 100 92 100 83 100 78 100 69 100 58 100 34 99 6 98 2 89 0 76 0 63 0 59 0 54 0 
43 0 0 0 0 0 16 0 19 0 26 0 36 0 41 0 42 0 55 0 65 0 73 0 75 0 79 1 96 20 100 81 100 87 100 98 97 100 94 100 89 100 85 100 83 100 69 100 59 100 52 100 39 100 28 100 18 100 12 100 7 100 5 100 3 100 0 95 0 94 0 92 0 86 0 85 0 81 0 76 0 59 0 5 0 1 0 
7 68 4 4 9 9 40 29 69 81 97 95 56 95 14 
26 13 0 0 5 0 29 0 29 0 60 3 99 6 100 37 100 41 100 59 100 84 100 86 100 88 100 100 99 100 67 100 58 100 56 100 21 99 11 97 4 90 0 89 0 88 0 68 0 60 0 23 0 
27 7 0 5 2 4 4 3 7 0 32 0 38 0 41 0 42 0 63 0 95 4 98 20 100 41 100 41 100 59 100 90 100 96 97 97 92 100 34 100 19 100 0 87 0 60 0 36 0 24 0 22 0 8 0 
21 15 0 6 5 2 10 1 15 0 39 0 84 0 90 13 100 36 100 68 100 91 100 98 99 100 97 100 95 99 32 98 18 96 8 92 0 80 0 45 0 36 0 
19 42 0 42 0 16 2 5 3 2 6 1 12 0 19 0 75 0 78 1 83 4 97 10 98 71 100 92 100 100 91 99 54 96 13 92 0 67 0 
20 41 0 4 2 0 39 0 51 1 78 2 99 36 100 61 100 81 100 92 100 99 100 100 79 100 57 100 37 100 29 100 13 99 4 91 0 75 0 74 0 
39 23 0 14 1 7 2 5 3 1 7 0 8 0 11 0 16 0 24 0 32 0 67 0 75 0 77 3 99 11 100 16 100 17 100 29 100 39 100 52 100 63 100 75 100 83 100 98 98 99 96 100 73 100 54 100 43 100 42 100 18 99 8 94 0 84 0 82 0 69 0 64 0 63 0 60 0 57 0 
43 6 0 0 6 0 36 0 38 0 41 0 58 0 60 0 70 0 79 0 87 3 100 4 100 6 100 20 100 28 100 47 100 49 100 73 100 73 100 82 100 83 100 83 100 85 100 95 99 97 92 99 82 100 62 100 57 100 43 100 39 100 3 100 0 84 0 83 0 65 0 54 0 50 0 50 0 41 0 36 0 27 0 14 0 14 0 
33 3 0 0 1 0 35 0 37 0 38 0 43 0 49 0 63 0 98 8 100 17 100 20 100 30 100 47 100 54 100 62 100 68 100 77 100 98 99 100 84 100 70 100 52 100 31 100 20 100 7 93 0 85 0 83 0 67 0 58 0 25 0 15 0 15 0 
17 49 0 0 1 0 11 0 55 0 65 0 67 0 86 2 100 56 99 88 98 97 96 98 95 99 90 100 64 100 25 97 14 87 0 
33 0 0 0 2 0 3 0 30 0 71 0 75 0 79 0 82 0 94 0 95 6 98 12 100 22 100 50 100 67 100 76 100 81 100 82 100 92 100 97 100 98 99 100 96 100 82 100 45 100 10 99 5 82 0 76 0 72 0 42 0 28 0 15 0 14 0 
41 8 0 2 2 0 4 0 12 0 14 0 22 0 24 0 31 0 47 0 66 0 67 0 96 0 98 1 99 8 100 35 100 35 100 50 100 51 100 59 100 65 100 89 100 95 100 99 98 99 98 100 91 100 87 100 76 100 73 100 60 100 38 100 11 100 1 97 0 40 0 37 0 36 0 28 0 20 0 14 0 9 0 
36 7 0 0 4 0 6 0 10 0 16 0 17 0 75 0 93 0 95 0 95 1 98 6 100 10 100 42 100 71 100 86 100 88 100 89 100 92 99 100 95 100 91 100 77 100 77 100 76 100 50 100 27 100 25 100 23 100 23 100 9 100 4 98 0 86 0 80 0 32 0 24 0 
17 18 0 7 6 1 15 0 38 2 90 8 94 39 100 74 100 98 95 100 62 100 56 100 40 97 7 92 1 84 0 73 0 20 0 
16 48 0 4 1 1 54 1 68 2 83 4 95 4 95 10 100 93 99 98 98 100 84 100 79 100 72 100 31 99 5 91 0 
31 13 0 7 3 2 7 0 16 0 17 0 25 0 44 0 45 0 68 2 100 7 100 25 100 33 100 35 100 80 100 83 100 88 100 96 93 98 89 99 81 100 68 100 30 100 21 100 16 100 16 100 3 89 1 72 0 57 0 56 0 54 0 
36 5 0 1 1 1 1 0 7 0 9 0 31 0 65 0 94 0 98 4 100 6 100 9 100 37 100 54 100 59 100 60 100 64 100 77 100 95 99 100 97 100 91 100 77 100 77 100 64 100 43 100 31 100 29 100 15 100 1 90 0 61 0 60 0 51 0 46 0 40 0 27 0 
24 21 0 6 2 0 4 0 33 0 69 1 95 3 99 64 100 81 100 93 98 98 94 100 72 100 53 100 42 100 21 100 19 100 5 100 0 90 0 79 0 71 0 71 0 71 0 30 0 
30 26 0 12 1 5 3 1 6 0 13 0 97 1 98 8 100 28 100 28 100 93 100 94 100 96 100 99 96 100 81 100 78 100 76 100 75 100 69 100 54 100 38 100 14 100 5 99 0 95 0 89 0 74 0 63 0 36 0 32 0 
9 36 1 1 37 1 79 1 86 4 99 94 100 100 79 99 28 83 3 
44 13 0 13 0 5 1 1 7 0 14 0 16 0 18 0 39 0 40 0 42 0 48 0 53 0 60 0 61 0 70 0 76 0 76 0 77 0 84 0 88 0 89 0 93 2 96 4 99 18 100 25 100 71 100 72 100 82 100 94 100 100 90 100 61 100 53 100 44 100 43 100 26 100 13 100 11 100 5 96 1 48 0 43 0 35 0 21 0 
20 40 0 16 1 3 2 0 8 0 41 0 47 0 70 0 77 0 77 1 93 2 98 8 100 29 100 37 100 46 100 85 100 100 96 99 9 96 0 83 0 
18 28 0 7 4 3 5 0 40 0 86 4 94 12 96 49 100 51 100 91 98 94 95 98 87 100 83 100 30 100 28 100 15 100 0 45 0 
31 2 0 1 1 0 5 0 41 0 42 0 50 0 52 0 64 0 89 1 99 47 100 61 100 63 100 68 100 81 100 99 100 100 87 100 85 100 73 100 71 100 64 100 46 100 37 100 37 100 28 99 1 86 0 77 0 40 0 28 0 10 0 
35 15 0 1 2 0 10 0 14 0 21 0 22 0 43 0 55 0 59 0 61 0 99 21 100 23 100 31 100 50 100 51 100 55 100 70 100 89 100 95 100 100 100 100 88 100 71 100 57 100 57 100 35 100 33 100 2 96 1 90 0 88 0 74 0 68 0 63 0 53 0 
31 11 0 3 1 0 10 0 52 0 64 0 93 0 98 32 100 34 100 44 100 66 100 77 100 78 100 80 100 80 100 84 100 97 97 100 92 100 85 100 67 100 63 100 20 100 13 100 10 100 2 91 0 74 0 72 0 63 0 33 0 26 0 
13 6 2 3 17 1 63 1 74 8 83 22 100 97 100 100 76 100 35 100 29 98 4 63 2 50 2 
21 0 0 0 97 11 100 41 100 52 100 74 100 79 100 89 100 90 100 99 100 100 96 100 82 100 58 100 26 100 25 95 2 91 0 45 0 32 0 23 0 20 0 
15 40 0 2 1 1 6 0 18 0 55 0 60 1 78 3 98 38 100 91 100 97 93 99 86 100 45 94 4 60 0 
15 80 0 21 1 1 2 0 76 0 93 4 97 24 99 36 100 42 100 89 98 97 97 100 94 100 30 100 8 96 1 
32 8 0 3 2 2 3 0 11 0 16 0 52 0 59 0 66 0 92 0 98 15 99 40 100 52 100 55 100 90 100 98 98 100 89 100 88 100 77 100 72 100 63 100 62 100 42 100 26 99 5 98 0 87 0 79 0 34 0 33 0 17 0 12 0 
30 20 0 3 2 0 12 0 14 0 31 0 43 0 60 0 67 0 72 0 84 1 91 5 97 8 100 8 100 18 100 80 100 94 99 96 98 97 97 99 88 100 66 100 21 100 10 95 1 90 0 69 0 65 0 54 0 44 0 33 0 
19 1 0 0 59 0 99 0 100 26 100 44 100 50 100 55 100 68 100 76 100 89 100 99 95 100 90 100 64 100 5 99 4 89 2 82 1 35 0 
25 15 0 11 1 11 1 2 9 1 24 0 86 0 93 1 96 4 100 27 100 46 100 83 98 100 93 100 68 100 60 100 55 99 10 98 6 97 3 84 0 76 0 64 0 63 0 36 0 30 0 
14 52 0 7 1 4 10 1 37 1 55 1 99 15 100 87 100 96 97 98 94 100 67 100 60 100 43 98 3 
20 4 0 1 11 0 22 0 25 0 48 0 48 0 77 1 92 4 98 18 100 27 100 49 100 99 99 100 61 100 47 100 36 100 1 76 0 59 0 49 0 
15 3 0 2 3 0 27 0 32 0 99 14 100 36 100 44 100 53 100 65 100 95 100 99 88 100 73 100 1 25 0 
35 0 0 0 23 0 44 0 49 0 58 0 73 0 83 0 90 0 97 1 98 9 100 13 100 25 100 37 100 39 100 49 100 51 100 95 100 99 100 100 91 100 90 100 82 100 70 100 60 100 60 100 54 100 46 100 39 100 27 100 24 100 13 96 1 95 0 89 0 17 0 
17 14 0 3 5 2 7 0 31 0 36 0 58 0 63 1 94 11 100 19 100 97 99 99 93 100 81 100 26 98 0 69 0 15 0 
40 3 0 0 4 0 18 0 19 0 29 0 33 0 37 0 40 0 43 0 47 0 63 0 77 1 94 2 100 10 100 18 100 45 100 55 100 69 100 69 100 83 100 89 100 89 100 100 97 100 93 100 88 100 86 100 85 100 75 100 74 100 59 100 52 100 47 100 3 95 2 83 0 74 0 61 0 29 0 13 0 
29 19 0 12 1 7 2 1 11 0 26 0 59 0 77 0 89 1 100 3 100 16 100 24 100 55 100 100 99 100 85 100 75 100 74 100 66 100 51 100 37 100 36 100 12 100 4 99 1 98 0 85 0 67 0 43 0 41 0 
24 52 0 3 1 1 5 0 19 0 32 0 51 0 61 0 64 0 78 0 80 2 92 5 99 77 100 90 98 97 95 99 84 100 28 100 15 99 0 96 0 91 0 90 0 82 0 70 0 
30 17 0 2 1 1 4 0 25 0 33 0 67 0 75 0 86 2 100 3 100 7 100 42 100 94 100 99 100 100 83 100 60 100 58 100 30 100 23 100 20 100 7 97 5 84 0 75 0 57 0 43 0 40 0 31 0 30 0 23 0 
45 2 0 0 4 0 6 0 19 0 25 0 46 0 46 0 59 0 65 0 78 0 81 0 95 4 99 6 100 8 100 19 100 19 100 27 100 32 100 35 100 41 100 46 100 51 100 60 100 69 100 97 100 100 97 100 86 100 85 100 79 100 65 100 59 100 57 100 54 100 53 100 53 100 19 100 11 100 0 89 0 69 0 61 0 26 0 26 0 24 0 
36 1 0 0 13 0 23 0 28 0 39 0 76 0 80 0 100 26 100 36 100 56 100 58 100 67 100 82 100 90 100 98 99 100 76 100 68 100 65 100 48 100 48 100 47 99 20 98 12 97 6 97 6 90 2 74 0 67 0 59 0 38 0 35 0 35 0 33 0 16 0 9 0 
16 25 0 4 10 3 17 1 84 1 90 5 98 20 100 22 100 93 100 97 97 100 74 99 47 96 27 93 16 84 3 49 0 
25 22 0 5 2 1 3 0 67 0 93 3 99 44 100 45 100 45 100 64 100 66 100 83 100 88 99 96 95 99 91 100 89 100 87 100 12 100 8 100 1 96 0 83 0 78 0 26 0 25 0 
16 4 0 0 2 0 73 0 74 0 99 5 100 41 100 94 99 97 95 100 83 100 45 100 38 100 20 98 6 91 0 55 0 
51 2 0 0 4 0 16 0 17 0 24 0 29 0 33 0 38 0 38 0 49 0 67 0 76 0 87 0 92 2 99 11 100 12 100 25 100 46 100 53 100 57 100 69 100 74 100 74 100 87 100 92 100 95 100 97 100 100 94 100 81 100 81 100 73 100 70 100 57 100 46 100 44 100 44 100 38 100 37 100 2 100 0 98 0 83 0 75 0 58 0 56 0 47 0 46 0 44 0 43 0 29 0 
27 21 0 7 1 0 5 0 48 0 50 0 60 1 82 2 92 8 97 22 100 49 100 53 100 86 100 98 94 100 90 100 89 100 82 100 52 100 49 100 13 100 5 99 0 97 0 75 0 70 0 68 0 35 0 
32 4 0 0 3 0 3 0 56 0 70 0 77 2 93 3 100 55 100 61 100 62 100 71 100 84 100 85 100 88 100 91 100 97 99 100 84 100 55 100 51 100 46 100 37 100 18 99 9 97 3 94 1 85 0 83 0 74 0 41 0 41 0 27 0 
35 0 0 0 19 0 27 0 38 0 46 0 52 0 53 0 58 0 83 1 96 4 98 16 100 29 100 37 100 59 100 60 100 77 100 95 97 97 95 99 90 100 78 100 48 100 19 99 4 89 2 78 0 76 0 72 0 65 0 60 0 58 0 22 0 18 0 15 0 14 0 
21 15 0 4 5 1 17 0 22 0 28 0 43 0 81 1 95 6 97 11 99 32 100 97 99 99 82 100 73 100 56 100 28 100 12 99 8 91 2 54 0 23 0 
48 13 0 0 2 0 12 0 31 0 32 0 48 0 55 0 86 4 96 7 98 10 100 11 100 12 100 34 100 45 100 50 100 56 100 62 100 70 100 95 100 100 99 100 95 100 90 100 85 100 68 100 45 100 43 100 35 100 25 100 22 100 22 100 11 100 2 100 2 99 1 96 0 89 0 71 0 68 0 65 0 65 0 64 0 42 0 33 0 28 0 24 0 23 0 16 0 
42 3 0 1 2 0 23 0 36 0 45 0 46 0 61 0 70 0 73 0 74 0 91 4 96 13 99 36 100 49 100 51 100 62 100 78 100 98 98 99 97 100 89 100 81 100 78 100 67 100 62 100 59 100 27 100 19 98 0 96 0 84 0 77 0 66 0 57 0 55 0 55 0 41 0 39 0 35 0 28 0 13 0 12 0 
23 30 0 11 2 5 3 0 5 0 16 1 84 3 94 5 97 8 100 32 100 41 100 53 100 90 100 97 100 100 97 100 96 100 54 100 33 100 2 73 0 71 0 60 0 57 0 
33 5 0 4 1 0 26 0 30 0 44 0 63 0 67 0 78 0 79 0 79 0 97 16 100 36 100 58 100 87 100 94 99 98 98 99 90 100 74 100 53 100 43 100 41 100 32 100 27 100 22 100 21 100 20 100 6 96 3 72 0 54 0 30 0 30 0 
19 8 0 8 0 2 8 0 12 0 16 0 51 0 57 0 92 4 95 11 100 59 100 63 100 66 100 99 98 100 67 100 32 100 2 52 0 13 0 
28 1 0 0 32 0 37 0 39 0 45 0 50 0 64 0 76 2 100 7 100 18 100 26 100 36 100 39 100 72 100 81 100 86 99 91 98 99 96 100 65 99 12 98 4 81 2 63 0 36 0 34 0 19 0 2 0 
9 48 1 13 4 3 33 1 84 9 96 12 100 96 99 99 29 89 1 
23 6 0 5 3 0 18 0 38 0 38 0 65 1 95 24 100 28 100 65 100 80 100 94 94 95 91 100 75 100 50 99 20 98 16 97 12 93 8 80 0 34 0 15 0 8 0 
32 11 0 4 1 1 11 0 38 0 56 0 58 0 64 0 73 1 87 2 93 3 97 4 99 10 100 14 100 37 100 54 100 56 100 97 99 99 98 100 97 100 90 100 59 100 50 100 44 100 32 99 18 96 3 94 0 64 0 26 0 19 0 18 0 
0