31 2 0 1 4 0 33 0 39 0 42 0 80 0 87 0 88 1 98 10 100 17 100 66 100 76 100 98 100 100 100 100 77 100 72 100 65 100 60 100 27 100 14 100 13 100 7 98 1 94 0 86 0 75 0 60 0 54 0 11 0 10 0 
35 6 0 4 2 0 9 0 23 0 38 0 42 0 62 0 83 1 90 2 97 15 100 19 100 21 100 74 100 97 100 100 94 100 77 100 61 100 46 100 44 100 26 100 20 100 6 99 1 96 0 69 0 69 0 61 0 56 0 53 0 50 0 41 0 30 0 12 0 7 0 
20 4 0 0 11 0 68 1 96 16 100 28 100 77 100 80 100 90 100 98 97 99 87 100 53 100 50 100 42 100 20 95 4 92 2 88 0 64 0 62 0 
28 6 0 1 11 0 53 0 57 0 60 0 63 0 66 0 68 0 73 0 87 1 100 1 100 52 100 66 100 95 99 100 83 100 27 100 11 100 10 99 1 89 0 69 0 56 0 53 0 44 0 22 0 16 0 11 0 
30 29 0 17 1 12 2 3 4 0 6 0 20 0 84 0 87 2 96 3 97 9 98 25 99 25 99 93 100 100 97 100 64 100 62 100 59 100 57 100 28 100 0 98 0 90 0 80 0 65 0 58 0 56 0 41 0 34 0 34 0 
32 2 0 0 18 0 42 0 61 0 62 0 90 0 97 3 100 29 100 48 100 61 100 64 100 77 100 80 100 86 100 99 98 100 79 100 64 100 58 100 57 100 51 100 47 100 30 100 18 99 4 97 3 95 2 82 0 35 0 32 0 30 0 14 0 
41 4 0 2 2 1 4 0 6 0 38 0 56 0 65 0 68 0 70 0 71 0 80 0 83 1 88 3 94 5 100 11 100 16 100 17 100 25 100 49 100 69 100 90 99 100 96 100 91 100 82 100 73 100 67 100 57 100 52 98 4 96 3 86 1 81 0 72 0 67 0 56 0 50 0 33 0 30 0 21 0 6 0 
12 42 0 18 4 2 10 0 54 12 100 42 99 98 94 100 63 99 49 94 11 90 2 66 1 
24 19 0 0 2 0 95 0 98 0 99 24 100 35 100 37 100 71 100 88 100 90 100 94 100 96 98 98 91 99 81 100 49 100 48 100 41 100 6 99 2 85 0 82 0 43 0 33 0 
28 21 0 16 2 4 9 2 12 0 17 0 44 0 70 0 86 1 97 4 100 14 100 36 100 42 100 72 100 75 100 99 99 100 88 100 67 100 40 100 28 100 27 100 19 100 15 100 5 100 2 100 0 67 0 61 0 
47 11 0 3 2 0 9 0 10 0 18 0 35 0 40 0 42 0 49 0 55 0 81 0 82 0 84 0 90 8 99 31 100 39 100 41 100 56 100 68 100 68 100 79 100 82 100 100 97 100 93 100 87 100 79 100 73 100 71 100 59 100 18 100 9 100 7 100 5 97 0 93 0 66 0 64 0 56 0 54 0 38 0 34 0 31 0 30 0 23 0 18 0 12 0 
12 77 0 37 4 8 46 3 59 2 97 40 100 43 100 76 100 87 100 91 92 96 52 99 1 
13 25 0 5 7 1 34 3 71 4 83 18 98 52 100 87 95 92 94 98 82 100 62 100 15 98 1 
24 35 0 11 1 8 2 6 5 1 13 0 43 0 81 0 96 2 98 7 100 49 100 72 100 78 100 80 100 91 97 100 90 100 50 100 47 100 18 98 5 96 0 66 0 64 0 39 0 
13 20 0 2 2 1 15 0 43 0 99 32 100 91 98 99 89 100 47 100 7 96 0 90 0 35 0 
18 22 0 0 1 0 51 0 73 0 89 0 98 21 99 56 99 82 99 88 99 98 99 100 99 99 17 99 17 98 13 96 6 93 0 69 0 
26 30 0 11 1 3 3 0 10 0 75 2 90 3 92 6 96 8 98 16 100 18 100 42 100 57 100 69 100 91 99 98 98 100 74 100 73 100 56 100 36 100 12 97 4 93 2 85 1 50 0 41 0 
17 90 0 0 1 0 89 4 98 14 99 15 99 45 99 61 99 66 99 71 99 83 96 99 90 100 74 99 15 98 10 92 1 92 1 
14 20 0 3 1 0 45 0 79 1 100 2 100 27 100 100 99 100 73 100 50 100 46 100 40 99 0 44 0 
12 12 0 4 1 0 31 0 72 3 81 15 99 67 100 89 100 95 91 98 8 87 0 37 0 
40 6 0 3 1 1 3 0 5 0 13 0 14 0 27 0 56 0 66 0 80 0 89 0 91 3 93 10 97 16 100 20 100 27 100 30 100 37 100 43 100 50 100 92 100 97 98 100 95 100 93 100 87 100 70 100 51 100 47 100 40 100 36 100 11 100 6 94 2 90 0 65 0 60 0 30 0 21 0 14 0 
10 4 1 2 9 3 40 9 99 66 98 89 92 99 31 98 26 84 8 69 5 
36 4 0 1 6 0 8 0 20 0 21 0 46 0 47 0 62 0 63 0 65 0 77 4 97 8 98 17 100 43 100 46 100 50 100 58 100 66 100 86 100 96 100 96 100 98 100 99 87 100 64 100 62 100 57 100 44 100 34 100 13 100 8 98 0 90 0 88 0 69 0 7 0 
26 31 0 3 1 1 4 0 21 0 45 0 51 0 97 0 97 2 100 2 100 9 100 10 100 22 100 26 100 35 100 37 100 99 100 100 91 100 59 100 58 100 48 100 0 97 0 82 0 56 0 44 0 
20 36 0 4 1 2 9 0 32 0 64 0 74 2 96 4 98 46 100 88 99 98 94 100 88 100 87 100 32 100 17 100 9 97 7 68 0 66 0 37 0 
17 3 0 1 18 0 29 0 31 0 67 0 89 0 94 13 100 69 100 96 98 100 88 100 84 100 77 99 35 98 7 97 2 79 1 
30 10 0 3 3 0 6 0 9 0 19 0 38 0 38 0 50 0 64 0 72 0 75 0 81 0 93 0 100 21 100 50 100 98 100 100 93 100 90 100 31 100 20 99 14 93 2 92 0 92 0 89 0 45 0 33 0 28 0 23 0 
34 1 0 0 18 0 49 0 90 2 94 13 100 14 100 15 100 16 100 28 100 35 100 50 100 67 100 85 100 86 100 91 100 97 100 100 74 100 58 100 56 100 56 100 48 100 45 100 37 100 26 99 3 82 0 80 0 77 0 56 0 40 0 23 0 18 0 9 0 
16 18 0 2 1 0 13 0 41 0 64 0 83 1 91 4 100 61 100 100 100 100 96 100 82 100 31 100 25 100 1 32 0 
42 4 0 2 3 0 15 0 16 0 19 0 21 0 25 0 37 0 54 0 62 0 71 0 81 0 92 1 97 2 98 15 100 28 100 38 100 40 100 82 100 88 100 98 100 100 96 100 85 100 69 100 60 100 60 100 60 100 51 100 34 100 18 100 12 100 9 97 0 86 0 74 0 57 0 43 0 41 0 38 0 23 0 7 0 
21 44 0 21 1 7 3 0 8 0 12 0 13 0 23 0 60 0 67 3 98 19 99 45 100 76 100 99 100 100 72 100 62 100 39 99 22 94 1 79 0 49 0 
12 98 0 18 7 9 21 0 38 1 67 23 83 37 91 50 96 79 100 89 100 95 59 99 15 
20 30 0 9 5 3 11 0 36 0 67 0 90 1 93 2 96 21 100 45 100 94 100 100 94 100 92 100 87 100 61 100 33 100 26 94 6 90 1 65 0 
15 42 0 16 1 3 8 0 25 0 78 2 94 5 96 16 100 59 100 62 100 96 99 99 87 100 33 95 6 54 0 
32 0 0 0 8 0 20 0 20 0 56 0 86 0 95 0 99 26 100 42 100 51 100 75 100 91 100 97 97 98 93 100 65 100 57 100 29 100 16 97 0 96 0 86 0 81 0 58 0 49 0 43 0 42 0 42 0 34 0 31 0 31 0 12 0 
16 69 0 3 1 0 27 1 63 2 73 3 82 8 90 15 96 19 99 64 100 94 99 96 94 100 63 100 16 99 10 89 0 
17 14 0 4 5 1 12 0 55 0 56 1 80 12 100 96 98 98 89 99 56 100 23 98 9 93 2 81 1 50 0 49 0 35 0 
24 21 0 4 2 2 3 0 13 0 35 0 67 0 70 1 96 3 100 20 100 22 100 30 100 61 100 94 100 96 99 100 90 100 67 100 29 100 23 100 7 99 3 84 1 50 0 35 0 
19 20 0 13 1 2 6 0 51 0 51 0 65 0 72 3 95 8 96 26 98 86 100 93 94 98 82 99 22 99 13 95 0 55 0 51 0 22 0 
39 14 0 4 1 0 2 0 6 0 36 0 55 0 75 1 94 2 100 32 100 41 100 56 100 61 100 86 100 93 100 94 100 96 100 98 98 100 82 100 81 100 78 100 77 100 47 100 34 100 23 100 17 100 9 100 2 95 1 83 0 77 0 69 0 65 0 56 0 54 0 53 0 52 0 38 0 23 0 
16 19 0 1 6 0 23 0 33 0 58 6 79 12 100 52 99 82 98 89 94 100 78 100 68 100 56 100 10 81 2 61 0 
16 65 1 3 2 1 4 0 52 2 90 4 92 32 98 74 100 80 100 91 100 97 98 100 58 100 51 97 10 85 4 79 1 
0