29 52 0 19 1 8 4 1 6 0 8 0 29 0 93 1 98 3 100 4 100 37 100 75 99 100 97 100 97 100 90 100 89 100 58 100 57 100 52 100 44 100 30 100 9 97 3 84 0 83 0 78 0 69 0 67 0 60 0 
12 49 0 12 1 3 2 2 60 2 78 13 87 38 97 50 100 96 99 99 57 98 17 96 5 
16 17 0 14 2 4 11 2 27 1 54 1 81 2 82 33 94 46 99 83 99 93 97 99 93 100 76 100 39 90 2 75 0 
12 47 5 13 7 9 10 3 32 0 54 4 98 5 100 66 100 92 99 97 76 100 35 86 9 
15 75 2 12 4 4 10 1 38 0 98 0 98 5 99 20 100 60 99 92 95 100 89 99 27 93 8 91 3 84 2 
30 6 0 0 7 0 25 0 43 0 51 0 52 0 57 0 63 0 66 0 88 5 100 24 100 43 100 72 100 72 100 98 100 100 87 100 66 100 59 100 42 100 31 100 21 98 0 84 0 83 0 78 0 36 0 30 0 29 0 7 0 
23 30 0 4 6 1 11 0 56 1 85 1 85 2 90 5 96 7 100 43 100 85 100 100 92 100 85 100 73 100 49 100 40 100 33 100 21 100 5 90 0 57 0 57 0 33 0 
22 28 0 11 3 8 4 1 11 0 26 0 42 0 46 0 69 0 77 0 83 0 99 8 100 9 100 29 100 51 100 65 100 80 100 98 99 100 23 100 6 94 2 76 0 
45 5 0 0 3 0 5 0 13 0 14 0 15 0 17 0 24 0 28 0 29 0 45 0 45 0 47 1 84 2 98 17 100 19 100 19 100 55 100 56 100 63 100 73 100 75 100 98 99 100 98 100 87 100 84 100 73 100 66 100 35 100 9 100 9 100 6 100 2 99 0 97 0 85 0 78 0 59 0 56 0 44 0 31 0 27 0 21 0 20 0 
33 4 0 3 1 2 3 0 8 0 9 0 32 0 61 0 80 2 99 11 100 20 100 31 100 35 100 62 100 82 100 82 100 94 100 97 99 100 93 100 87 100 54 100 49 100 47 100 39 100 18 100 9 100 0 100 0 93 0 90 0 83 0 64 0 12 0 
16 68 0 27 1 6 2 1 3 0 52 0 54 0 80 0 80 4 86 21 96 29 100 41 100 70 100 100 100 99 7 97 4 
21 18 0 11 1 4 2 0 17 0 26 0 34 0 56 0 74 0 84 0 91 4 97 48 100 82 100 90 100 99 61 99 54 99 10 94 5 87 2 78 1 65 0 
31 9 0 3 1 1 4 0 19 0 40 0 68 0 69 0 70 1 99 74 100 86 100 98 100 100 95 100 81 100 77 100 76 100 68 100 68 100 40 100 37 100 32 100 24 99 11 98 4 94 2 63 0 46 0 38 0 17 0 14 0 12 0 
38 41 0 10 1 10 1 6 3 0 8 0 19 0 24 0 26 0 38 0 42 0 42 0 58 0 62 0 63 0 70 0 77 0 100 35 100 42 100 50 100 55 100 70 100 90 100 100 99 100 96 100 94 100 85 100 82 100 57 100 25 100 25 100 25 100 12 98 0 93 0 74 0 67 0 51 0 
32 0 0 0 6 0 29 0 35 0 56 0 60 0 88 0 97 2 99 10 100 10 100 19 100 75 100 92 100 100 94 100 84 100 75 100 71 100 55 100 49 100 40 100 17 100 15 100 3 100 2 96 1 58 0 47 0 38 0 32 0 14 0 9 0 
27 1 0 0 1 0 14 0 35 0 43 0 62 1 94 9 100 18 100 23 100 30 100 35 100 41 100 55 100 58 100 78 100 79 100 86 100 100 97 100 34 100 29 100 21 99 17 92 3 78 1 64 0 61 0 
14 30 1 6 4 3 6 0 25 0 29 2 86 8 100 20 100 94 100 97 100 99 97 100 70 99 15 87 1 
16 43 0 9 1 0 12 0 84 0 86 2 98 8 99 50 100 87 100 100 98 100 97 100 87 100 14 100 12 85 4 71 1 
21 0 0 1 84 2 92 5 99 6 100 24 100 33 100 42 100 69 99 92 98 97 89 98 86 100 42 100 17 100 16 100 0 89 0 75 0 62 0 17 0 8 0 
19 59 0 4 7 2 13 0 38 0 46 0 72 0 90 16 96 44 99 72 100 89 99 97 96 100 74 100 45 100 38 98 20 90 2 87 0 75 0 
29 4 0 1 4 0 12 0 19 0 48 0 49 0 82 0 85 0 87 2 96 6 99 25 100 37 100 49 100 55 100 83 100 99 98 100 93 100 79 100 31 100 13 100 10 100 1 78 0 73 0 45 0 40 0 37 0 32 0 
29 2 0 0 5 0 23 0 33 0 38 0 49 0 58 0 90 0 99 42 100 48 100 73 100 75 100 97 100 99 96 100 93 100 84 100 29 100 20 100 18 99 0 90 0 65 0 61 0 41 0 35 0 31 0 26 0 10 0 
24 32 0 15 2 5 9 2 15 1 21 0 93 0 93 2 100 11 100 84 100 95 100 98 94 99 59 99 49 99 41 99 38 99 18 99 16 98 4 92 1 77 0 47 0 46 0 41 0 
17 53 0 9 1 0 2 0 70 0 91 0 97 15 99 30 100 37 100 82 98 95 96 100 90 99 59 96 25 95 17 87 4 83 0 
32 0 0 0 34 0 76 0 89 4 99 10 100 25 100 26 100 27 100 46 100 48 100 61 100 90 100 95 97 98 89 100 80 100 73 100 66 100 58 100 58 100 41 100 40 100 30 100 19 100 18 100 13 99 2 91 0 59 0 48 0 10 0 6 0 
25 1 0 0 3 0 16 0 45 0 47 0 50 0 65 0 66 1 78 3 96 12 99 21 100 65 100 66 100 94 99 99 98 100 90 100 70 100 42 100 37 100 25 99 2 95 0 49 0 47 0 
31 15 0 4 1 0 23 0 24 0 32 0 50 0 54 0 87 0 91 3 99 19 100 65 100 99 96 100 81 100 80 100 59 100 54 100 52 100 41 100 39 100 29 100 14 100 12 95 0 82 0 76 0 66 0 53 0 38 0 36 0 22 0 
24 5 0 1 3 0 40 0 55 0 80 0 86 0 87 0 94 2 97 4 100 63 100 73 100 88 100 93 100 100 91 100 77 100 50 100 24 100 0 67 0 65 0 54 0 49 0 9 0 
20 27 0 16 1 11 3 0 8 0 34 0 89 2 97 9 98 25 100 26 100 53 100 93 100 99 93 100 80 100 20 100 15 99 6 94 1 87 0 29 0 
44 7 0 1 8 0 10 0 17 0 27 0 33 0 57 0 70 0 96 23 100 23 100 30 100 52 100 70 100 85 100 86 100 86 100 97 99 100 96 100 85 100 82 100 81 100 77 100 58 100 57 100 53 100 47 100 28 100 17 97 4 92 0 82 0 73 0 54 0 53 0 48 0 47 0 47 0 46 0 41 0 29 0 15 0 11 0 11 0 
11 8 0 0 18 0 43 1 72 7 95 34 100 88 94 98 84 99 34 99 15 91 0 
32 12 0 7 1 4 3 0 51 0 61 0 79 0 88 0 93 1 100 37 100 38 100 65 100 71 100 82 100 87 100 99 97 100 93 100 77 100 73 100 64 100 52 100 50 100 35 100 20 99 13 98 6 96 4 95 3 92 1 69 0 38 0 24 0 
29 16 0 8 2 8 2 1 8 0 29 0 39 0 52 0 79 0 80 0 85 0 99 2 100 67 100 83 99 92 97 96 96 100 94 100 90 100 62 100 54 100 35 100 13 100 3 99 0 97 0 94 0 49 0 32 0 30 0 
34 4 0 0 9 0 34 0 42 0 54 0 67 0 89 1 96 2 100 8 100 29 100 40 100 43 100 72 100 77 100 92 99 96 98 100 96 100 81 100 67 100 46 100 34 100 26 100 10 99 0 90 0 85 0 67 0 63 0 53 0 49 0 40 0 29 0 6 0 
43 12 0 8 1 0 3 0 6 0 10 0 47 0 53 0 53 0 67 0 73 0 74 0 93 0 97 12 99 19 100 31 100 52 100 56 100 67 100 77 100 86 100 95 100 99 100 100 84 100 70 100 61 100 45 100 44 100 42 100 32 100 31 100 22 100 21 100 19 100 8 100 4 98 2 89 1 71 0 62 0 50 0 48 0 41 0 
36 0 0 0 0 0 41 0 47 0 47 1 99 2 100 12 100 17 100 20 100 27 100 52 100 78 100 84 100 96 99 99 97 100 86 100 65 100 50 100 39 100 11 100 0 81 0 69 0 63 0 63 0 59 0 57 0 56 0 56 0 44 0 43 0 28 0 25 0 14 0 1 0 
14 58 0 4 7 0 19 0 29 0 67 9 86 26 99 78 100 84 99 90 95 99 82 100 8 100 0 68 0 
35 30 0 8 3 0 10 0 14 0 20 0 37 0 68 0 77 0 95 13 100 13 100 13 100 15 100 19 100 36 100 38 100 76 100 91 97 99 92 100 83 100 83 100 41 100 37 100 28 100 12 100 5 97 3 90 1 71 0 68 0 58 0 44 0 41 0 34 0 32 0 
12 22 0 2 13 1 94 16 98 69 100 90 100 91 100 98 94 100 64 98 18 93 2 50 0 
22 6 0 1 7 0 25 0 32 0 70 2 79 6 93 26 97 35 98 61 100 62 100 70 100 87 99 94 97 98 86 100 40 100 38 98 16 97 6 91 2 48 0 39 0 
13 24 0 8 7 2 15 1 17 0 97 7 99 19 100 82 98 92 92 99 70 100 37 100 18 86 1 
13 41 1 33 2 10 5 2 33 2 99 39 98 63 96 84 89 90 81 92 58 92 43 92 22 84 4 
11 2 2 1 10 1 17 4 54 14 73 32 86 82 99 98 62 94 40 72 17 47 8 
12 8 0 3 9 0 17 1 50 5 96 46 98 83 99 99 62 99 14 77 5 59 3 31 1 
15 21 0 19 2 6 17 2 34 0 50 4 95 31 98 56 100 69 100 99 94 100 71 100 70 100 50 100 3 52 1 
45 5 0 2 2 1 3 0 6 0 10 0 13 0 16 0 26 0 53 0 68 0 77 0 82 0 92 0 94 0 100 20 100 24 100 28 100 37 100 37 100 50 100 70 100 74 100 100 100 100 98 100 89 100 86 100 84 100 80 100 78 100 68 100 68 100 55 100 54 100 44 100 30 100 26 98 3 87 0 86 0 62 0 45 0 42 0 13 0 7 0 
41 3 0 1 9 0 35 0 36 0 67 0 71 0 89 0 94 5 100 32 100 37 100 61 100 72 100 83 100 84 100 84 100 92 100 97 98 99 97 100 93 100 88 100 81 100 74 100 72 100 68 100 67 100 66 100 59 100 58 100 58 100 54 100 29 100 23 100 13 100 11 100 5 97 0 96 0 61 0 17 0 8 0 
13 83 0 21 1 5 5 0 23 0 94 0 96 47 100 96 99 100 77 100 52 100 29 99 25 96 13 
24 52 0 27 1 12 3 7 5 4 10 3 12 0 21 0 78 1 95 3 99 60 100 67 100 80 100 85 100 96 100 100 98 100 97 100 87 100 87 100 25 100 14 95 0 79 0 62 0 
11 6 0 0 5 0 60 2 96 65 97 95 91 100 56 99 47 90 4 80 3 14 0 
27 35 0 2 3 1 6 0 12 0 39 0 39 0 82 1 92 6 100 27 100 29 100 47 100 50 100 63 100 88 100 94 99 98 88 100 69 100 27 100 18 99 6 95 4 83 0 45 0 43 0 43 0 43 0 
11 28 0 4 1 0 57 10 98 22 100 48 100 96 100 99 92 96 29 92 11 84 5 
24 43 0 10 1 2 2 1 13 0 57 1 75 9 98 11 100 25 100 33 100 59 100 63 100 74 100 87 100 94 100 95 100 100 78 100 72 100 63 100 52 100 5 94 0 88 0 78 0 
13 82 0 29 2 17 4 0 15 0 41 0 52 1 100 23 100 53 100 92 99 100 97 98 4 98 4 
45 8 0 1 1 0 10 0 18 0 22 0 25 0 31 0 34 0 40 0 63 0 75 0 78 0 83 0 87 0 91 0 93 2 95 4 97 4 97 16 99 30 100 34 100 35 100 48 100 50 100 64 100 83 100 88 100 89 100 91 100 95 98 97 97 97 97 99 78 100 42 100 40 100 38 99 8 97 0 56 0 54 0 50 0 46 0 41 0 32 0 
46 14 0 2 7 1 10 1 10 0 18 0 32 0 36 0 46 0 47 0 48 0 55 0 62 0 64 0 70 0 73 0 76 5 99 12 100 15 100 20 100 22 100 42 100 73 100 75 100 81 100 81 100 95 99 99 89 100 82 100 65 100 64 100 48 100 44 100 33 100 30 100 24 100 11 98 1 93 0 80 0 59 0 53 0 43 0 35 0 26 0 15 0 
36 9 0 1 1 0 17 0 23 0 24 0 25 0 28 0 47 0 52 0 56 0 61 0 62 0 74 0 80 0 86 2 93 4 99 19 100 29 100 33 100 45 100 89 99 98 98 99 90 100 78 100 67 100 34 100 30 100 26 100 0 94 0 93 0 90 0 55 0 46 0 34 0 
14 42 0 10 1 1 19 1 82 1 83 3 91 6 95 12 99 55 100 93 100 100 100 98 6 78 2 59 0 
24 6 0 0 1 0 8 0 24 0 55 0 63 0 64 0 75 0 84 0 98 0 98 15 100 45 100 46 100 74 100 95 99 98 95 100 86 100 79 99 19 97 0 88 0 66 0 29 0 
25 7 0 1 5 0 33 0 73 0 88 8 99 15 100 31 100 44 100 46 100 74 100 93 99 99 97 100 84 100 62 100 53 100 43 100 37 100 36 100 27 100 8 99 1 84 0 61 0 31 0 
10 64 2 1 5 0 48 1 67 6 98 47 99 63 99 95 80 97 26 71 4 
37 2 0 0 15 0 26 0 32 0 37 0 62 0 76 0 81 1 99 7 100 7 100 19 100 36 100 36 100 38 100 50 100 58 100 85 100 93 100 98 100 100 85 100 72 100 62 100 51 100 35 100 34 100 24 100 16 100 15 99 7 93 0 87 0 65 0 58 0 52 0 29 0 25 0 
37 8 0 3 2 0 4 0 5 0 12 0 13 0 17 0 37 0 48 0 50 0 58 0 59 0 60 0 65 0 70 0 75 1 89 2 95 6 99 17 100 27 100 99 99 100 89 100 66 100 63 100 61 100 53 100 21 100 14 100 11 100 0 91 0 75 0 75 0 69 0 63 0 29 0 
23 11 0 0 3 0 13 0 40 0 46 0 48 0 84 0 86 1 90 4 93 28 100 68 100 99 100 100 99 100 82 100 54 100 47 99 3 97 1 95 0 56 0 55 0 18 0 
17 97 1 45 4 25 8 5 12 0 17 0 54 0 58 6 92 7 97 12 98 41 99 79 98 94 95 99 83 99 48 99 40 99 1 
18 25 0 8 3 2 14 0 80 0 89 0 98 6 100 16 100 26 100 54 100 78 100 98 100 100 76 100 37 100 31 100 14 100 2 67 1 
16 99 0 13 2 10 5 4 11 2 14 0 22 0 60 0 90 2 98 33 100 47 100 89 100 99 95 100 83 100 81 100 68 
17 0 0 0 16 0 50 0 51 0 100 24 100 93 100 96 97 100 91 100 90 100 53 100 24 99 5 88 0 69 0 57 0 48 0 
30 0 0 0 55 0 75 0 91 1 99 1 99 42 100 50 100 56 100 56 100 59 100 64 100 64 100 87 99 94 97 100 92 100 81 100 78 100 44 100 43 100 39 100 23 100 20 100 5 95 1 42 0 25 0 23 0 12 0 5 0 
43 12 0 2 1 0 2 0 34 0 34 0 66 0 69 0 74 0 86 0 92 1 96 7 100 11 100 24 100 24 100 30 100 33 100 34 100 35 100 58 100 61 100 68 100 68 100 72 100 84 99 97 97 99 93 100 91 100 87 100 79 100 78 100 73 100 67 100 52 100 35 100 12 100 11 97 0 75 0 59 0 39 0 29 0 24 0 
17 24 0 2 1 0 71 1 88 14 100 24 100 38 100 65 100 75 99 92 96 94 93 99 84 100 63 98 18 97 6 94 4 87 1 
33 20 0 4 1 1 3 0 55 0 63 0 91 5 99 11 100 24 100 59 100 65 100 65 100 75 100 83 100 84 100 95 100 100 100 100 96 100 66 100 62 100 61 100 61 100 44 100 41 100 26 100 9 100 8 96 4 93 1 87 0 74 0 50 0 43 0 
16 76 0 19 1 0 2 0 31 0 39 0 47 1 92 5 97 82 100 87 100 93 98 100 94 100 74 100 11 97 4 90 0 
23 81 0 28 1 5 2 2 9 0 56 0 69 0 74 0 93 0 98 4 100 5 100 37 100 51 100 60 100 74 100 78 100 90 99 97 98 98 94 100 82 100 29 100 3 92 0 
18 22 0 0 2 0 20 0 25 0 69 0 87 0 100 4 100 18 100 81 99 98 90 100 73 100 21 97 10 88 4 86 3 78 0 58 0 
20 5 0 3 5 0 18 0 35 2 85 3 98 25 100 75 100 76 100 82 100 97 100 99 92 100 69 100 35 94 0 88 0 87 0 79 0 17 0 9 0 
19 26 0 26 0 11 1 0 2 0 14 0 44 0 50 1 68 2 81 6 97 7 99 67 100 84 99 93 93 98 87 100 69 100 9 97 1 31 0 
30 27 0 17 1 1 3 0 8 0 31 0 39 0 51 0 61 1 99 12 100 19 100 73 100 96 99 100 98 100 91 100 87 100 76 100 73 100 70 100 44 100 39 100 35 100 23 100 23 100 7 100 6 99 0 88 0 81 0 42 0 
14 26 0 2 1 0 14 0 30 0 58 4 81 9 99 24 100 100 100 100 33 100 19 99 0 77 0 49 0 
10 76 0 10 2 0 3 1 98 22 99 72 99 99 95 100 50 100 38 99 2 
32 4 0 0 3 0 23 0 24 0 25 0 47 0 51 0 56 0 69 0 83 1 94 9 100 23 100 25 100 27 100 39 100 44 100 45 100 47 100 75 100 81 100 91 100 91 100 95 100 99 91 100 75 100 59 100 12 100 4 91 0 76 0 59 0 
26 9 0 0 1 0 52 0 74 0 92 3 95 9 99 25 100 50 100 51 100 59 100 79 99 97 95 99 90 100 69 100 60 100 51 100 47 100 4 100 0 77 0 70 0 31 0 26 0 17 0 11 0 
12 12 2 9 8 3 36 6 82 23 95 26 95 56 91 72 88 79 83 100 47 82 2 79 2 
26 12 0 3 1 0 8 0 15 0 34 0 65 0 86 3 98 54 100 71 100 74 100 86 99 99 95 100 91 100 86 100 82 100 67 100 45 100 36 100 36 100 32 100 19 100 9 98 1 94 0 74 0 
36 32 0 0 2 0 14 0 17 0 22 0 29 0 40 0 70 0 71 1 88 3 96 5 98 12 99 19 100 42 100 66 100 74 100 76 100 78 100 100 100 100 77 100 68 100 66 100 57 100 37 100 22 100 12 95 3 93 2 70 0 65 0 56 0 46 0 42 0 38 0 37 0 
23 6 0 4 3 1 9 0 37 0 67 0 93 1 100 8 100 25 100 68 100 94 100 98 96 100 90 100 86 100 63 99 26 98 15 95 1 56 0 44 0 24 0 19 0 17 0 
42 16 0 16 0 12 1 0 4 0 17 0 34 0 39 0 99 5 100 15 100 16 100 16 100 20 100 44 100 60 100 65 100 78 100 98 100 98 100 100 95 100 81 100 79 100 66 100 65 100 50 100 42 100 36 100 26 100 10 100 0 95 0 92 0 91 0 90 0 83 0 67 0 65 0 63 0 62 0 43 0 38 0 29 0 
13 39 0 4 9 0 25 0 77 4 98 64 99 67 98 76 95 96 73 100 41 98 14 85 0 67 0 
20 16 0 3 1 1 38 1 52 2 74 3 88 8 97 11 99 33 100 51 100 82 100 98 100 100 96 100 50 100 38 100 21 98 0 91 0 74 0 24 0 
38 7 0 0 4 0 18 0 28 0 39 0 53 0 64 0 74 0 78 0 94 0 99 20 100 26 100 31 100 52 100 71 100 94 100 97 98 98 95 100 80 100 76 100 68 100 67 100 37 100 33 100 12 100 3 95 0 88 0 88 0 84 0 62 0 43 0 35 0 33 0 29 0 24 0 21 0 
21 23 0 6 1 5 2 0 8 0 20 0 32 0 73 2 99 13 100 51 100 55 100 74 100 96 100 98 83 100 52 100 42 98 25 95 4 64 0 59 0 29 0 
15 28 0 0 4 0 11 0 73 2 100 30 100 81 99 89 96 99 79 100 64 100 46 100 25 97 16 91 8 79 3 
41 8 0 6 2 5 3 1 10 0 28 0 55 0 59 0 66 0 77 0 85 0 91 0 97 1 100 15 100 17 100 29 100 38 100 51 100 67 100 94 100 97 100 99 93 100 88 100 86 100 64 100 18 100 14 100 0 86 0 86 0 81 0 64 0 59 0 57 0 56 0 40 0 31 0 19 0 18 0 11 0 9 0 
14 53 0 41 1 6 13 0 41 0 52 1 95 3 97 46 99 58 99 97 97 100 29 100 13 100 4 89 2 
19 6 0 1 4 0 16 0 32 0 58 0 60 0 96 7 100 33 100 100 98 100 87 100 62 100 7 100 4 91 0 69 0 57 0 44 0 13 0 
29 2 0 1 2 0 6 0 10 0 59 0 70 0 71 0 77 0 89 0 98 2 100 13 100 14 100 44 100 50 100 62 100 89 100 96 100 99 98 100 79 100 31 100 10 100 3 99 1 95 0 65 0 53 0 31 0 15 0 
22 10 0 1 6 0 93 1 95 8 100 15 100 34 100 42 100 61 100 78 100 95 98 99 83 100 77 100 35 100 16 100 10 95 1 95 1 84 0 80 0 58 0 15 0 
24 9 0 4 4 0 34 0 64 0 70 1 91 2 95 4 98 13 100 27 100 29 100 57 100 60 100 64 100 82 100 93 100 99 85 100 82 100 72 100 21 96 9 93 1 65 0 55 0 
37 31 0 10 1 0 9 0 19 0 67 0 70 0 96 0 99 7 100 8 100 19 100 20 100 22 100 25 100 28 100 42 100 71 100 81 100 93 100 99 98 100 86 100 76 100 62 100 62 100 51 100 15 100 3 95 0 92 0 89 0 87 0 85 0 83 0 82 0 67 0 51 0 50 0 
24 8 0 1 4 0 27 0 45 0 50 0 51 0 79 3 93 14 98 17 99 24 100 25 100 31 100 44 100 93 100 94 98 100 79 100 69 100 67 100 59 100 38 99 1 81 0 36 0 
18 37 0 18 1 9 5 1 20 0 67 0 84 3 97 20 100 52 100 82 99 97 94 98 93 100 82 100 63 100 50 99 8 98 5 47 0 
42 0 0 0 8 0 22 0 47 0 50 0 55 0 75 0 81 0 82 0 95 4 100 8 100 8 100 14 100 27 100 43 100 58 100 58 100 61 100 78 100 79 100 85 100 100 99 100 98 100 93 100 88 100 81 100 60 100 55 100 33 100 22 100 11 99 2 96 1 87 0 66 0 48 0 44 0 41 0 33 0 15 0 7 0 
34 5 0 1 8 0 15 0 26 0 70 0 85 0 88 5 100 17 100 38 100 43 100 49 100 61 100 64 100 71 100 78 100 79 100 81 100 94 98 98 96 99 86 100 73 100 61 100 58 100 11 98 7 95 3 91 1 88 0 83 0 71 0 42 0 35 0 8 0 
34 3 0 0 6 0 40 0 51 0 89 2 99 10 100 21 100 32 100 38 100 91 100 98 100 98 100 100 92 100 85 100 82 100 50 100 37 100 36 100 20 100 12 100 10 100 8 100 1 97 0 92 0 85 0 66 0 50 0 40 0 39 0 13 0 13 0 12 0 
10 29 0 20 3 5 29 1 69 4 93 50 95 57 95 100 90 98 32 82 11 
29 2 0 1 13 0 59 0 100 9 100 36 100 87 100 96 98 100 92 100 87 100 56 100 50 100 49 100 40 100 29 100 24 100 17 100 13 98 9 93 0 91 0 74 0 72 0 48 0 37 0 24 0 14 0 14 0 8 0 
13 17 0 2 7 0 19 0 94 14 98 41 99 84 100 96 82 100 63 98 8 84 1 70 0 20 0 
21 16 0 2 2 1 6 0 25 0 41 0 67 0 93 4 95 25 99 37 100 64 100 72 100 95 94 99 90 100 81 100 71 100 47 100 3 99 1 32 0 22 0 
35 11 0 0 2 0 8 0 24 0 31 0 40 0 64 0 91 0 96 2 100 6 100 7 100 19 100 25 100 37 100 43 100 67 100 68 100 93 100 95 100 97 98 99 94 100 86 100 81 100 70 100 66 100 65 100 63 100 41 100 0 95 0 88 0 77 0 76 0 50 0 
37 37 0 5 1 3 3 1 13 0 18 0 20 0 36 0 49 0 51 0 59 0 64 0 77 0 79 0 83 0 91 0 93 0 97 6 100 40 100 77 100 86 100 92 100 95 97 100 84 100 78 100 48 100 22 100 19 100 4 100 1 97 0 96 0 84 0 52 0 39 0 38 0 38 0 
13 8 0 0 19 2 87 4 91 63 100 91 95 95 94 96 93 99 81 100 34 100 3 68 0 18 0 
21 4 0 0 7 0 13 0 17 0 87 0 90 0 99 44 100 84 100 91 100 97 98 100 91 100 62 100 31 99 9 95 4 84 3 71 2 52 1 28 0 8 0 
30 19 0 5 3 5 3 0 5 0 8 0 12 0 15 0 51 0 53 0 65 0 78 1 100 17 100 29 100 96 99 98 98 99 96 100 51 100 50 100 47 100 34 100 33 100 7 100 5 99 0 95 0 46 0 35 0 32 0 26 0 
28 20 0 8 1 4 4 3 5 0 18 0 19 0 70 0 79 1 94 3 99 8 100 59 100 73 100 75 100 82 100 92 100 99 94 100 50 100 49 100 31 100 31 100 27 100 27 99 5 96 1 93 0 68 0 49 0 
37 28 0 14 1 1 6 0 16 0 23 0 41 0 50 0 54 0 57 0 85 0 86 2 98 3 100 12 100 23 100 34 100 40 100 48 100 58 100 65 100 75 100 86 99 96 96 98 86 100 74 100 67 100 64 100 49 100 45 100 33 100 25 100 4 98 2 93 0 52 0 46 0 34 0 
45 12 0 0 1 0 7 0 18 0 19 0 28 0 33 0 47 0 54 0 55 0 55 0 60 0 66 1 97 2 99 19 100 54 100 54 100 55 100 58 100 66 100 84 99 100 96 100 94 100 62 100 54 100 41 100 41 100 32 100 30 100 30 100 28 100 19 100 11 100 5 100 4 98 0 93 0 83 0 66 0 47 0 42 0 41 0 24 0 16 0 
46 19 0 0 2 0 11 0 40 0 51 0 54 0 66 0 67 0 67 0 83 0 92 0 96 7 100 23 100 25 100 32 100 39 100 51 100 52 100 62 100 83 100 84 100 86 100 90 100 100 87 100 86 100 82 100 82 100 76 100 69 100 68 100 65 100 61 100 42 100 39 100 33 100 28 100 11 100 11 99 3 97 2 92 1 77 0 51 0 27 0 25 0 
11 89 0 53 1 0 4 0 93 2 98 12 99 36 97 95 88 98 87 100 43 97 17 
35 3 0 0 1 0 19 0 37 0 49 0 61 0 82 0 100 27 100 47 100 48 100 50 100 67 100 69 100 96 100 99 100 99 100 100 88 100 84 100 81 100 64 100 52 100 38 100 21 100 2 100 2 97 1 81 0 72 0 59 0 55 0 47 0 39 0 31 0 23 0 
14 67 0 33 1 6 4 2 7 3 77 9 97 11 100 70 99 93 98 100 97 100 31 96 18 87 4 82 0 
38 7 0 0 3 0 6 0 19 0 39 0 41 0 53 0 67 0 68 0 69 0 72 0 74 0 78 0 78 0 88 0 99 8 100 12 100 27 100 40 100 49 100 50 100 71 100 81 100 95 99 100 96 100 88 100 86 100 81 100 77 100 55 100 54 100 40 100 12 100 8 100 3 99 0 64 0 
29 15 0 6 3 1 13 0 23 0 41 0 65 0 92 1 97 3 100 12 100 18 100 35 100 52 100 60 100 61 100 63 100 84 100 84 100 91 100 96 99 100 80 100 38 100 25 100 14 97 1 70 0 51 0 42 0 19 0 
44 12 0 1 1 0 3 0 5 0 23 0 26 0 28 0 39 0 42 0 45 0 52 0 63 0 63 0 68 0 72 0 74 0 95 0 96 3 100 12 100 28 100 30 100 32 100 44 100 54 100 60 100 72 100 100 99 100 95 100 95 100 72 100 69 100 68 100 23 100 12 100 6 99 0 98 0 93 0 78 0 65 0 43 0 28 0 25 0 
12 86 0 7 3 2 4 0 68 0 69 1 100 74 100 98 100 100 77 100 67 100 15 94 8 
21 18 0 2 2 0 30 0 35 1 97 3 100 9 100 20 100 28 100 30 100 94 100 95 98 97 94 100 81 100 73 100 54 100 19 100 14 98 6 93 1 50 0 
29 8 0 1 2 0 9 0 14 0 28 0 66 0 70 1 82 3 95 6 97 11 99 70 100 77 100 84 100 98 99 98 99 99 97 100 77 100 75 100 59 100 53 100 47 100 32 100 30 100 10 95 1 59 0 52 0 20 0 
17 34 0 3 1 0 34 0 66 2 91 15 98 26 100 87 100 90 95 95 81 97 66 98 58 99 37 100 16 99 5 80 1 60 0 
34 19 0 10 2 2 6 0 13 0 15 0 23 0 56 0 56 0 63 0 76 0 89 0 90 2 97 5 98 12 100 20 100 29 100 32 100 34 100 79 100 80 100 100 92 100 79 100 48 100 46 100 41 100 39 100 29 100 10 100 9 87 0 74 0 42 0 27 0 
17 2 0 0 46 0 68 0 77 0 82 2 93 15 98 24 99 68 98 85 97 100 85 100 80 100 38 99 19 97 8 93 0 20 0 
33 7 0 1 4 0 33 0 42 0 43 0 56 0 61 0 74 1 95 4 99 11 100 15 100 36 100 39 100 47 100 57 100 79 100 86 100 93 100 98 96 100 91 100 79 100 34 100 5 96 4 83 1 78 0 69 0 67 0 55 0 40 0 26 0 24 0 
12 16 0 4 5 0 86 19 97 21 98 29 100 80 99 93 98 100 84 100 73 99 34 96 2 
27 20 0 2 6 0 40 0 47 0 50 0 52 0 75 0 78 0 81 0 85 5 99 26 100 46 100 54 100 89 100 99 96 100 85 100 63 100 35 100 27 100 20 100 19 100 4 96 1 66 0 23 0 23 0 
9 5 2 2 40 0 94 25 97 91 100 97 58 99 29 97 4 51 2 
38 1 0 0 2 0 6 0 6 0 24 0 27 0 64 0 70 0 79 0 80 0 89 0 99 16 100 36 100 62 100 76 100 89 100 94 100 98 98 100 96 100 94 100 81 100 53 100 39 100 22 100 15 99 7 97 0 81 0 76 0 48 0 37 0 31 0 22 0 18 0 15 0 13 0 3 0 
14 27 0 2 2 0 24 0 96 11 99 87 98 92 95 99 86 100 32 100 12 94 5 86 3 68 0 33 0 
7 7 0 1 27 2 90 15 99 97 93 95 18 62 6 
15 63 0 18 2 0 5 0 25 0 54 2 98 67 100 96 100 99 100 100 94 100 67 100 64 100 22 100 1 76 0 
21 22 0 5 2 2 3 1 5 0 64 1 80 2 94 11 99 16 100 42 100 58 100 62 100 67 100 100 100 100 46 100 38 100 16 100 2 96 1 44 0 32 0 
25 46 0 14 2 9 3 0 9 0 11 0 40 2 93 4 100 17 100 20 100 62 100 99 100 100 94 100 86 100 64 100 60 100 34 100 10 100 6 99 1 92 0 91 0 87 0 86 0 54 0 
39 18 0 3 1 0 4 0 6 0 8 0 9 0 9 0 10 0 18 0 48 0 70 0 73 0 83 0 98 18 99 40 100 53 100 58 100 59 100 69 100 71 100 98 100 99 100 100 79 100 70 100 66 100 9 100 6 97 3 90 1 74 0 71 0 63 0 60 0 52 0 50 0 46 0 44 0 35 0 
38 7 0 0 2 0 14 0 19 0 43 0 51 0 90 0 94 0 94 12 99 12 99 15 100 16 100 52 100 85 100 88 100 96 100 99 99 100 81 100 78 100 63 100 48 100 35 100 33 100 30 100 12 100 4 100 3 97 1 86 0 77 0 62 0 47 0 39 0 30 0 20 0 17 0 14 0 
46 16 0 4 1 2 3 1 5 0 58 0 62 0 70 0 70 0 72 0 77 0 79 0 79 0 100 21 100 39 100 45 100 56 100 62 100 71 100 77 100 96 99 97 97 100 81 100 78 100 69 100 68 100 66 100 52 100 39 100 37 100 33 100 32 100 12 100 4 99 0 89 0 89 0 88 0 82 0 79 0 66 0 52 0 39 0 32 0 25 0 25 0 
14 61 1 27 2 6 6 4 16 0 46 5 98 62 100 100 97 100 53 100 38 100 9 99 1 89 1 72 1 
11 45 0 3 6 0 42 3 85 12 98 27 100 92 97 99 83 100 22 95 2 70 0 
35 4 0 1 8 0 19 0 22 0 28 0 31 0 42 0 43 0 48 0 73 1 96 2 98 8 100 21 100 34 100 41 100 44 100 53 100 57 100 78 100 85 99 92 98 95 97 100 91 100 66 100 59 100 49 100 42 100 41 100 25 100 23 98 6 95 3 91 1 52 0 
16 28 0 9 2 6 3 0 7 0 59 0 98 23 100 48 100 60 100 93 98 98 93 100 55 100 30 98 4 89 2 49 0 
41 10 0 0 2 0 7 0 8 0 21 0 23 0 29 0 34 0 48 0 76 0 92 1 94 4 100 4 100 16 100 20 100 20 100 24 100 24 100 33 100 46 100 50 100 58 100 75 100 83 100 92 99 99 98 100 64 100 57 100 52 100 28 100 23 100 18 100 2 100 0 82 0 41 0 33 0 27 0 22 0 13 0 
15 53 0 3 1 0 7 2 77 4 99 29 100 31 100 47 100 83 100 100 90 100 63 100 29 100 1 98 0 93 0 
46 11 0 7 1 5 2 3 4 1 6 0 12 0 23 0 38 0 42 0 44 0 48 0 59 0 63 0 78 0 81 0 92 1 93 6 98 8 99 33 100 42 100 52 100 82 100 98 97 99 87 100 70 100 69 100 64 100 57 100 56 100 54 100 42 100 33 100 31 100 22 100 6 99 0 94 0 84 0 71 0 66 0 52 0 45 0 34 0 26 0 20 0 
20 24 0 0 2 0 61 1 89 4 96 30 100 39 100 39 100 75 100 79 100 92 98 98 93 99 83 100 45 100 37 100 18 100 7 95 0 41 0 39 0 
15 65 0 3 2 1 9 0 34 1 99 53 100 65 100 68 100 69 100 79 100 96 91 100 80 99 33 96 3 73 0 
36 7 0 5 1 1 3 0 24 0 49 0 55 0 77 0 100 25 100 36 100 45 100 56 100 56 100 66 100 88 100 91 100 93 100 100 100 100 95 100 94 100 93 100 89 100 67 100 57 100 41 100 33 100 10 100 5 100 3 91 1 79 0 64 0 53 0 47 0 24 0 8 0 
13 59 0 38 1 20 2 11 5 3 20 0 33 0 91 2 95 13 98 99 100 100 22 97 2 85 0 
18 81 0 52 1 6 3 4 4 1 10 0 17 0 77 1 97 18 100 70 100 79 99 85 98 99 94 100 68 100 47 100 11 100 4 97 1 
6 5 10 8 28 14 57 52 74 98 88 93 65 
33 5 0 0 1 0 21 0 36 0 40 0 41 0 42 0 60 0 66 1 88 4 97 6 99 16 100 31 100 49 100 64 100 89 99 100 97 100 94 100 92 100 86 100 79 100 66 100 61 100 60 100 58 98 12 97 8 84 1 77 0 64 0 47 0 43 0 
17 37 0 13 4 8 7 5 9 1 14 0 70 1 79 14 98 49 100 70 100 85 100 100 89 100 42 100 30 100 11 89 0 57 0 
25 6 0 1 10 0 14 0 14 0 37 0 42 1 62 2 77 3 85 5 100 39 100 43 100 94 100 97 100 99 93 100 65 100 58 100 29 100 7 100 6 89 0 76 0 64 0 60 0 39 0 
34 4 0 1 5 0 22 0 23 0 23 0 36 0 47 0 57 0 73 0 94 0 98 4 100 9 100 41 100 41 100 60 100 73 100 76 100 88 100 89 100 94 98 99 95 100 88 100 64 100 55 100 34 100 7 94 1 94 1 89 0 66 0 59 0 52 0 48 0 
4 4 16 2 88 81 86 87 17 
43 4 0 1 4 0 8 0 23 0 42 0 57 0 64 0 81 3 100 9 100 22 100 28 100 42 100 43 100 55 100 57 100 66 100 86 100 87 100 94 99 97 95 98 93 99 89 100 69 100 68 100 63 100 52 100 47 100 36 100 27 100 3 97 0 93 0 70 0 64 0 52 0 51 0 39 0 36 0 30 0 29 0 27 0 11 0 
37 7 0 2 1 2 1 0 2 0 35 0 96 3 99 6 100 16 100 33 100 44 100 45 100 51 100 53 100 58 100 66 100 69 100 91 100 99 96 100 94 100 85 100 77 100 63 100 60 100 30 100 23 100 13 100 4 98 3 87 1 80 0 66 0 65 0 62 0 45 0 31 0 26 0 
23 21 0 0 1 0 23 0 28 0 78 0 89 2 98 5 100 55 100 56 100 59 100 62 100 67 100 87 100 95 95 97 93 100 88 100 68 100 60 100 8 94 1 62 0 58 0 
42 3 0 1 4 0 27 0 28 0 35 0 40 0 61 0 62 0 93 0 94 0 95 1 100 2 100 4 100 23 100 27 100 29 100 29 100 31 100 33 100 54 100 56 100 63 100 66 100 69 100 100 95 100 74 100 59 100 34 100 33 100 32 99 18 98 11 96 5 92 0 91 0 76 0 70 0 54 0 27 0 21 0 14 0 
8 45 1 1 6 0 70 0 93 99 93 99 92 99 2 99 1 
15 22 0 7 3 3 4 1 69 1 74 4 98 26 98 38 98 48 98 95 97 97 95 100 62 100 40 100 13 99 4 
26 3 0 0 6 0 12 0 22 0 71 0 89 0 94 1 99 11 100 12 100 12 100 85 100 100 98 100 72 100 69 100 27 100 26 99 7 96 2 92 1 82 0 69 0 59 0 38 0 32 0 12 0 
30 6 0 4 2 1 5 0 37 0 40 0 41 0 70 0 74 0 79 0 94 1 100 12 100 30 100 49 100 75 100 76 100 79 100 86 100 86 100 94 97 98 94 100 62 100 52 99 6 97 1 89 0 21 0 21 0 20 0 8 0 
20 27 0 0 1 0 50 1 68 1 68 3 99 29 100 40 100 43 100 67 100 100 99 100 79 100 43 100 41 100 38 100 32 100 20 100 2 100 2 52 0 
31 5 0 2 3 0 8 0 17 0 22 0 75 0 78 0 82 1 97 12 100 24 100 31 100 49 100 53 100 68 100 91 100 97 98 100 91 100 86 100 68 100 65 100 65 100 60 100 58 100 46 100 29 99 0 76 0 58 0 46 0 44 0 
31 13 0 13 0 7 1 0 4 0 37 0 50 0 96 0 99 23 100 37 100 50 100 76 100 84 100 85 100 94 98 98 91 100 87 100 76 100 62 100 39 100 27 100 20 99 10 98 1 91 0 88 0 78 0 58 0 55 0 41 0 24 0 
20 21 0 1 4 0 30 0 84 0 94 0 95 2 97 7 99 36 100 64 100 76 100 81 100 93 99 98 97 100 92 100 58 100 15 99 13 85 0 35 0 
43 2 0 1 2 0 11 0 17 0 35 0 40 0 43 0 73 0 79 0 93 1 96 7 100 10 100 18 100 21 100 21 100 48 100 55 100 83 100 95 100 96 100 100 100 100 92 100 85 100 68 100 68 100 58 100 34 100 18 100 11 100 3 99 2 93 1 80 0 76 0 73 0 72 0 70 0 60 0 30 0 30 0 25 0 24 0 
27 96 0 15 1 1 8 0 30 0 39 0 42 0 45 0 60 0 63 0 68 0 75 1 88 4 99 13 100 23 100 28 100 35 100 36 100 64 100 68 100 89 100 90 100 95 99 100 97 100 79 100 13 99 5 
37 7 0 1 2 0 3 0 9 0 68 0 93 0 97 14 100 15 100 19 100 20 100 29 100 37 100 44 100 52 100 83 99 99 97 100 83 100 75 100 64 100 53 100 33 100 32 100 8 100 8 100 0 100 0 88 0 80 0 74 0 68 0 68 0 67 0 50 0 36 0 32 0 15 0 
19 8 0 2 3 0 12 0 79 0 87 0 95 15 100 15 100 96 100 100 90 100 89 100 54 98 12 95 7 90 1 76 0 66 0 48 0 30 0 
22 19 0 0 5 0 15 0 34 0 45 0 57 0 64 0 73 0 83 0 97 14 100 51 100 52 100 69 100 78 100 100 98 100 96 100 85 100 74 100 7 66 0 52 0 
30 1 0 0 5 0 10 0 66 0 73 0 82 0 91 0 91 0 94 3 100 18 100 34 100 38 100 64 100 72 100 93 98 100 94 100 80 100 73 100 72 100 71 100 41 100 15 100 11 99 7 95 2 86 0 80 0 78 0 65 0 
31 15 0 8 2 0 9 0 23 0 37 0 41 0 43 0 47 0 53 0 96 0 100 8 100 35 100 70 100 73 100 73 100 77 100 87 100 96 100 100 88 100 79 100 66 99 10 92 3 87 1 66 0 63 0 60 0 42 0 39 0 37 0 
28 3 0 1 2 0 9 0 29 0 54 1 88 9 96 11 98 22 99 56 100 65 100 82 100 84 100 92 100 92 100 100 100 100 87 100 81 100 71 100 29 100 22 100 14 100 9 97 3 84 1 68 0 41 0 15 0 
37 21 0 5 1 1 10 0 17 0 20 0 33 0 43 0 65 0 72 0 74 0 82 0 94 0 97 11 100 12 100 16 100 18 100 23 100 71 100 90 100 97 98 100 90 100 90 100 43 100 43 100 41 100 37 99 10 97 0 95 0 75 0 72 0 54 0 46 0 46 0 42 0 28 0 
9 4 2 2 17 1 42 3 59 29 100 35 100 63 100 94 83 99 4 
33 25 0 2 2 1 17 0 43 0 48 0 55 0 61 0 72 0 74 1 99 17 100 20 100 58 100 61 100 73 100 75 100 75 100 96 99 98 98 100 85 100 78 100 62 100 44 100 38 100 26 100 20 99 0 83 0 76 0 71 0 62 0 36 0 27 0 
35 25 0 12 1 2 2 0 12 0 18 0 42 0 64 0 77 0 93 0 98 5 100 7 100 38 100 45 100 74 100 78 100 100 99 100 84 100 77 100 75 100 68 100 67 100 46 100 45 100 45 100 38 100 28 100 12 100 6 100 1 80 0 62 0 60 0 40 0 27 0 
17 17 0 10 1 0 6 0 26 0 32 1 100 23 100 76 100 88 98 99 75 100 52 100 42 99 19 90 2 80 0 58 0 25 0 
39 1 0 0 14 0 23 0 27 0 28 0 47 0 48 0 78 0 87 0 94 0 96 13 99 27 100 28 100 55 100 73 100 73 100 86 100 96 100 100 94 100 91 100 81 100 76 100 64 100 60 100 58 100 44 100 30 99 4 98 1 89 0 89 0 82 0 80 0 43 0 38 0 29 0 13 0 5 0 
22 13 0 10 2 4 6 2 16 0 31 0 42 0 54 1 89 2 95 3 100 92 100 99 97 100 77 100 44 100 23 100 20 100 9 100 2 96 0 80 0 58 0 56 0 
31 8 0 1 8 0 21 0 38 0 44 0 56 0 69 0 84 1 94 2 99 11 100 20 100 44 100 44 100 66 100 73 100 76 100 92 99 99 94 100 49 99 12 95 0 86 0 77 0 67 0 50 0 41 0 32 0 23 0 14 0 13 0 
21 44 0 18 1 1 3 0 41 1 61 3 93 4 99 27 100 43 100 49 100 65 100 85 100 89 100 97 99 98 98 100 89 100 84 98 7 96 4 87 0 83 0 
43 2 0 1 9 0 18 0 32 0 52 0 55 0 61 0 76 0 91 3 99 11 100 13 100 27 100 42 100 46 100 48 100 72 100 85 100 87 100 88 100 99 100 100 100 100 92 100 82 100 50 100 49 100 44 100 39 100 25 100 18 100 15 98 7 92 2 86 1 61 0 58 0 46 0 32 0 27 0 21 0 20 0 12 0 10 0 
15 25 0 0 3 0 52 0 58 4 99 65 100 67 100 97 99 98 98 100 88 100 76 100 12 99 1 87 0 47 0 
15 31 0 13 1 1 9 0 77 2 93 15 100 22 100 81 99 94 96 97 91 99 87 100 21 99 7 82 0 69 0 
0