28 21 0 21 0 4 1 0 3 0 13 0 44 0 44 0 52 0 57 0 75 0 76 0 84 0 84 0 90 4 100 9 100 14 100 15 100 51 100 89 99 99 97 100 59 100 22 100 6 94 2 68 0 30 0 25 0 
35 16 0 4 2 1 4 1 6 1 33 1 36 1 43 1 66 1 76 1 78 1 91 3 100 8 100 11 100 18 100 70 100 75 100 91 99 97 97 100 94 100 73 100 69 100 11 97 2 93 0 92 0 71 0 62 0 40 0 36 0 33 0 31 0 25 0 17 0 17 0 
34 22 0 11 2 0 4 0 27 0 41 0 49 0 50 0 68 0 84 4 98 7 100 26 100 39 100 57 100 73 100 81 99 81 99 89 97 96 90 98 83 99 79 100 63 100 52 100 43 100 43 100 33 99 2 95 1 80 0 69 0 64 0 62 0 57 0 26 0 
37 32 0 14 1 14 1 7 2 1 6 0 16 0 21 0 37 0 59 0 59 0 64 0 71 0 81 0 93 6 97 11 98 20 99 36 100 38 100 52 100 79 100 98 100 99 98 100 95 100 80 100 76 100 67 100 65 100 52 100 31 100 31 99 4 98 3 97 2 82 0 55 0 33 0 
15 5 0 4 1 2 4 0 21 0 62 1 99 16 100 32 100 49 100 69 100 88 99 99 95 100 68 99 1 24 0 
32 17 0 3 1 1 10 0 18 0 21 0 68 0 80 0 86 0 86 0 92 0 93 3 99 9 100 12 100 36 100 74 100 77 100 84 100 93 99 97 98 99 93 100 88 100 60 100 57 100 46 100 42 100 36 100 20 99 0 87 0 38 0 25 0 
15 17 0 5 9 2 19 0 49 4 91 6 98 34 100 44 100 79 99 95 98 99 88 100 22 99 16 92 8 85 4 
13 52 0 14 1 1 2 0 39 1 75 3 99 100 100 100 86 100 49 100 15 100 8 100 7 98 3 
36 9 0 1 1 0 18 0 26 0 37 0 42 0 57 0 96 1 97 2 98 4 100 34 100 35 100 46 100 50 100 91 100 96 100 98 97 99 88 100 74 100 39 100 23 100 15 100 15 100 11 98 0 88 0 84 0 77 0 73 0 67 0 59 0 51 0 36 0 20 0 17 0 
17 1 0 0 47 0 52 1 100 19 100 39 100 44 100 59 100 85 99 93 98 98 96 99 87 100 52 99 0 92 0 68 0 30 0 
18 2 0 1 6 0 68 0 79 1 88 4 97 5 98 8 99 32 100 41 100 82 99 93 96 98 70 99 64 97 13 85 2 77 0 61 0 
27 2 0 0 18 0 22 0 38 0 47 0 50 0 71 0 79 0 90 0 98 30 99 87 100 95 99 97 96 98 93 99 80 100 59 100 40 100 40 100 34 99 0 81 0 72 0 67 0 47 0 21 0 5 0 
33 12 0 6 2 1 8 0 10 0 12 0 18 0 26 0 38 0 58 0 63 0 74 0 87 0 87 1 100 8 100 26 100 36 100 39 100 46 100 76 100 93 100 98 96 100 75 100 28 100 20 100 2 98 0 87 0 82 0 76 0 71 0 57 0 48 0 
23 26 0 14 2 7 6 1 12 0 41 0 54 0 54 0 55 1 95 5 100 37 100 67 100 94 100 99 91 100 48 100 45 100 44 100 35 98 13 91 1 76 0 66 0 62 0 
17 88 0 6 1 0 5 0 44 0 69 1 96 2 100 27 100 31 100 96 100 100 71 100 58 100 55 100 35 100 26 99 7 98 4 
10 52 0 11 2 0 57 0 94 61 100 97 91 98 87 100 57 93 7 91 4 
28 38 0 5 1 1 2 0 3 0 73 0 79 1 95 5 99 9 100 20 100 32 100 36 100 60 100 67 100 83 100 86 100 95 99 97 90 100 76 100 57 100 52 100 46 100 45 96 0 92 0 89 0 84 0 64 0 
36 18 0 11 1 0 3 0 36 0 38 0 42 0 47 0 67 0 82 0 91 2 97 7 100 8 100 8 100 17 100 18 100 28 100 33 100 42 100 53 100 78 100 86 99 95 97 99 96 100 39 100 25 99 13 98 10 97 7 97 7 95 3 90 1 90 1 81 0 74 0 39 0 
41 0 0 0 0 0 1 0 1 0 5 0 15 0 44 0 67 0 72 0 87 3 98 13 100 20 100 36 100 36 100 64 100 69 100 88 100 92 100 94 100 97 100 99 99 100 93 100 90 100 85 100 32 100 11 100 9 100 7 100 2 91 0 74 0 73 0 48 0 46 0 46 0 41 0 34 0 27 0 25 0 14 0 
16 28 0 8 1 0 7 0 11 2 45 3 62 5 86 7 100 62 100 86 95 90 89 93 78 100 32 99 12 95 0 35 0 
23 12 0 6 1 3 3 1 21 0 63 0 79 0 88 0 94 0 97 0 97 10 98 33 100 36 100 70 100 92 100 97 98 100 85 100 58 100 31 100 18 100 16 100 0 21 0 
15 70 0 10 1 0 13 0 14 0 44 1 79 6 96 14 98 28 100 70 100 97 100 98 95 100 78 100 8 98 3 
21 18 0 3 5 0 48 0 60 0 76 0 91 1 98 12 100 15 100 41 100 64 100 67 100 74 100 98 99 100 46 99 19 98 3 87 0 69 0 25 0 24 0 
18 3 0 0 4 0 95 1 99 9 100 27 100 42 100 50 100 77 99 92 97 96 94 99 84 100 70 100 62 100 15 100 11 90 1 24 0 
28 34 0 11 2 1 4 0 25 0 28 0 40 0 45 0 62 0 80 0 99 7 100 16 100 17 100 31 100 53 100 54 100 85 100 95 100 99 96 100 69 100 59 100 40 100 19 100 17 98 1 86 0 72 0 59 0 
15 20 0 9 1 1 15 0 27 0 56 3 77 6 93 9 95 19 100 97 98 100 97 100 68 100 12 87 1 71 0 
44 22 0 2 1 0 8 0 12 0 18 0 20 0 23 0 28 0 30 0 42 0 45 0 48 0 61 0 79 0 83 1 94 3 97 5 99 7 100 30 100 32 100 42 100 63 100 88 100 94 100 95 100 99 100 100 94 100 82 100 81 100 75 100 50 100 45 100 35 100 24 100 4 91 1 87 0 85 0 84 0 83 0 52 0 51 0 26 0 
33 18 0 1 2 0 9 0 12 0 47 0 54 0 55 0 57 0 87 0 89 0 89 1 98 2 100 3 100 24 100 31 100 37 100 40 100 44 100 45 100 59 100 74 100 86 100 90 100 99 100 100 83 100 78 100 60 100 27 100 19 100 10 97 4 92 2 
12 31 0 12 6 1 46 3 74 14 91 47 97 62 99 90 99 91 96 100 38 91 15 73 4 
25 49 0 20 1 12 2 3 11 0 22 0 45 0 58 0 69 0 78 0 99 17 100 19 100 49 100 50 100 74 100 80 100 87 100 99 100 100 96 100 88 100 61 100 12 100 3 94 0 64 0 
32 0 0 0 31 0 37 0 47 0 53 0 68 0 69 0 70 0 88 1 99 37 100 47 100 96 100 98 92 99 84 100 55 100 49 100 35 100 33 100 17 99 3 96 0 82 0 78 0 77 0 69 0 50 0 41 0 21 0 20 0 10 0 2 0 
25 6 0 2 8 1 10 0 40 0 64 0 95 0 100 24 100 39 100 61 100 63 100 82 99 96 93 99 91 100 81 100 64 100 52 100 41 100 37 100 10 99 1 44 0 38 0 37 0 33 0 
33 12 0 5 3 3 5 0 9 0 13 0 14 0 44 0 54 0 57 0 63 0 81 0 93 0 99 2 100 7 100 7 100 30 100 39 100 71 100 99 100 100 95 100 33 100 23 100 22 100 12 100 10 98 5 94 1 88 0 72 0 66 0 21 0 15 0 
24 24 0 11 1 0 4 0 47 1 95 3 98 5 99 12 100 32 100 44 100 56 100 95 99 98 88 99 79 100 56 100 45 100 40 100 14 99 1 84 0 57 0 49 0 47 0 27 0 
19 5 0 0 7 0 53 0 82 0 95 23 99 50 100 79 100 92 100 94 100 100 89 100 87 100 65 100 50 100 11 91 0 88 0 81 0 72 0 
37 13 0 0 1 0 9 0 10 0 10 0 40 0 59 0 72 0 87 0 93 0 93 3 99 12 100 18 100 43 100 46 100 72 100 80 100 87 100 98 100 99 96 100 68 100 62 100 58 100 56 100 49 100 45 100 21 100 17 100 8 99 2 84 0 59 0 50 0 43 0 24 0 22 0 
15 58 0 16 2 9 3 1 28 0 44 0 76 1 85 6 89 16 94 35 99 93 98 100 88 99 18 97 11 77 3 
13 18 0 9 1 4 16 0 96 7 99 26 99 91 96 98 89 99 67 100 14 94 8 87 4 22 0 
37 0 0 0 26 0 26 0 31 0 38 0 53 0 76 1 86 2 95 3 99 4 100 6 100 14 100 25 100 32 100 43 100 43 100 45 100 51 100 66 100 73 100 93 100 100 97 100 85 100 78 100 31 100 31 100 30 100 24 98 2 76 0 62 0 59 0 54 0 49 0 24 0 6 0 
10 52 0 6 2 0 11 2 79 14 98 32 99 89 97 95 94 100 7 92 3 
19 6 0 0 1 0 19 0 54 0 70 1 87 2 99 8 100 27 100 93 100 99 100 100 71 100 47 100 9 96 3 92 0 75 0 31 0 28 0 
24 9 0 1 2 0 22 0 86 1 91 5 98 19 99 36 100 57 100 79 99 97 98 99 80 100 48 100 44 97 21 90 0 78 0 61 0 55 0 46 0 43 0 33 0 29 0 17 0 
43 42 0 6 1 4 2 3 5 1 11 0 17 0 42 0 47 0 47 0 50 0 55 0 68 0 73 0 82 0 87 0 99 23 100 28 100 37 100 39 100 42 100 51 100 67 100 80 100 87 100 93 98 96 96 99 90 100 85 100 80 100 59 100 54 100 16 99 1 94 0 87 0 86 0 85 0 69 0 61 0 56 0 47 0 47 0 
36 2 0 0 9 0 29 0 40 0 81 0 100 26 100 45 100 52 100 61 100 63 100 64 100 74 100 98 99 99 98 100 92 100 66 100 66 100 57 100 53 100 52 100 51 100 50 100 47 100 29 100 28 100 19 100 3 94 1 91 0 90 0 84 0 62 0 49 0 41 0 30 0 
31 1 0 0 25 0 44 0 68 0 96 4 97 16 98 28 99 62 100 87 100 89 100 93 100 98 99 100 98 100 70 100 60 100 59 100 56 100 42 100 37 100 36 100 31 99 2 86 0 73 0 66 0 60 0 38 0 22 0 15 0 10 0 
48 5 0 0 4 0 7 0 11 0 11 0 20 0 39 0 54 0 60 0 66 0 99 0 99 2 100 7 100 9 100 12 100 24 100 45 100 50 100 51 100 61 100 64 100 65 100 66 100 72 100 92 100 92 100 96 100 99 99 100 59 100 51 100 51 100 45 100 27 100 10 100 9 100 6 100 6 93 0 86 0 62 0 55 0 49 0 38 0 25 0 15 0 9 0 6 0 
45 0 0 0 9 0 10 0 39 0 66 0 67 0 69 0 76 0 88 0 95 4 97 22 100 28 100 37 100 44 100 57 100 80 100 81 100 96 99 96 99 98 97 99 96 100 87 100 83 100 76 100 68 100 57 100 56 100 54 100 38 100 36 100 35 100 18 100 14 99 0 84 0 69 0 62 0 62 0 41 0 33 0 17 0 8 0 5 0 1 0 
46 26 0 15 1 4 2 2 3 1 5 0 12 0 16 0 25 0 29 0 31 0 33 0 36 0 40 0 43 0 57 0 64 0 83 1 99 19 100 38 100 40 100 41 100 67 100 74 100 90 100 96 93 98 89 100 85 100 85 100 80 100 61 100 61 100 58 100 38 100 32 100 30 100 22 100 12 100 8 100 6 98 3 96 0 90 0 75 0 65 0 60 0 
39 4 0 0 8 0 12 0 22 0 22 0 24 0 29 0 40 0 41 0 59 0 72 0 76 0 76 1 95 7 99 14 100 15 100 25 100 74 100 75 100 89 100 97 97 98 94 100 88 100 81 100 75 100 74 100 69 100 36 100 25 100 16 100 6 95 0 82 0 64 0 63 0 35 0 22 0 20 0 
29 6 0 1 1 0 3 0 12 0 32 0 34 0 46 0 53 0 59 0 62 0 71 0 84 1 93 4 97 12 100 57 100 80 100 96 100 99 100 100 42 100 38 100 19 100 12 100 11 98 4 84 1 54 0 50 0 39 0 
34 15 0 5 1 0 2 0 25 0 62 0 64 0 69 0 72 0 75 0 86 1 99 1 99 2 100 17 100 39 100 56 100 65 100 67 100 68 100 73 100 94 100 97 100 100 99 100 95 100 87 100 80 100 48 99 3 98 1 97 0 62 0 55 0 53 0 19 0 
28 16 0 1 1 0 42 0 42 0 49 0 58 0 78 0 79 0 81 0 83 2 91 8 98 24 100 33 100 80 99 100 97 100 89 100 83 100 53 100 40 100 38 100 33 100 21 100 11 95 1 91 0 80 0 28 0 
23 26 0 3 4 0 8 0 16 0 82 4 92 5 93 22 100 77 100 88 100 96 100 98 99 100 97 100 86 100 71 100 67 100 52 100 36 100 10 100 8 99 1 33 0 27 0 
23 15 0 0 1 0 6 0 38 0 87 2 94 6 99 18 100 20 100 26 100 71 100 94 99 98 91 100 63 100 32 100 14 100 2 95 1 83 0 81 0 56 0 39 0 22 0 
18 79 0 9 2 2 4 0 23 0 24 0 33 0 38 3 70 6 98 13 100 27 100 40 100 97 99 100 96 100 37 100 18 100 5 87 1 
35 7 0 0 1 0 3 0 20 0 38 0 77 0 91 0 93 0 98 2 100 20 100 55 100 71 100 85 100 87 100 91 100 99 99 100 96 100 80 100 76 100 54 100 44 100 35 100 29 100 28 100 15 100 8 100 8 100 7 93 0 72 0 56 0 56 0 13 0 9 0 
31 60 0 2 1 0 2 0 4 0 8 0 13 0 18 0 30 0 34 0 48 0 52 0 58 0 66 0 71 0 79 1 98 9 99 24 100 80 100 80 100 94 100 94 100 98 98 100 95 100 92 100 10 97 0 90 0 80 0 79 0 62 0 
21 61 0 7 4 0 15 0 15 0 39 1 75 4 88 8 92 16 99 68 100 73 100 84 99 92 98 94 97 96 96 100 89 100 59 100 36 99 9 97 0 76 0 
14 77 0 34 1 4 3 2 27 1 41 0 71 1 81 3 91 18 100 91 99 98 97 100 93 99 19 95 3 
23 30 0 6 1 0 2 0 18 0 20 0 65 2 90 12 98 38 100 70 100 86 100 95 100 100 86 100 85 100 69 100 61 99 0 74 0 72 0 71 0 69 0 64 0 56 0 
52 13 0 1 2 0 4 0 6 0 18 0 39 0 41 0 52 0 73 0 83 0 87 0 92 0 96 0 99 15 100 18 100 18 100 35 100 43 100 48 100 50 100 55 100 55 100 56 100 57 100 94 100 94 100 95 100 100 100 100 92 100 80 100 73 100 70 100 67 100 60 100 60 100 51 100 40 100 38 100 30 100 25 100 10 98 1 89 0 81 0 75 0 45 0 41 0 39 0 35 0 31 0 14 0 
45 6 0 6 0 0 1 0 17 0 41 0 48 0 58 0 60 0 66 0 75 0 84 0 91 1 95 6 99 22 100 34 100 49 100 66 100 88 100 94 98 100 96 100 84 100 75 100 64 100 58 100 57 100 51 100 43 100 39 100 31 100 16 100 13 100 11 98 0 85 0 79 0 79 0 77 0 54 0 36 0 33 0 27 0 22 0 20 0 15 0 
29 27 0 0 2 0 46 0 56 0 82 1 98 4 100 5 100 11 100 62 100 78 100 94 100 99 97 100 79 100 71 100 52 100 45 100 38 100 29 100 14 100 13 100 7 98 1 85 0 75 0 54 0 42 0 40 0 31 0 
32 44 0 20 1 4 2 1 4 0 21 0 69 0 80 0 81 0 88 2 96 7 98 16 99 69 100 79 100 100 100 100 66 100 58 100 54 100 48 100 31 100 23 100 17 99 3 97 2 92 1 80 0 79 0 64 0 64 0 55 0 49 0 47 0 
31 18 0 4 2 0 4 0 5 0 35 0 50 0 51 0 54 0 76 0 94 5 96 15 100 20 100 43 100 54 100 57 100 66 100 76 100 82 100 83 100 96 100 99 100 100 95 100 87 100 57 100 41 100 22 100 10 99 0 69 0 59 0 
18 0 0 0 32 0 73 0 84 1 93 3 95 11 97 16 98 59 100 69 100 83 99 100 97 100 97 100 58 100 18 99 4 97 1 77 0 
11 34 3 3 4 0 64 4 79 5 82 13 87 39 97 90 99 99 24 98 11 91 7 
24 11 0 6 4 4 7 1 15 0 26 0 27 0 53 0 60 0 80 0 88 8 100 37 100 58 100 69 100 79 100 81 100 98 98 99 90 100 67 100 57 100 53 98 0 67 0 39 0 
0