1 3619 4
4 4024 102
102 2712 164
164 5296 246
246 5959 304
304 2887 355
355 826 448
448 2122 505
505 7824 522
522 529 549
549 6281 636
636 6603 704
704 6359 729
729 2594 790
790 719 871
871 6489 950
950 1572 956
956 863 1001
1001 6535 1049
1049 8303 1062
1062 1012 1077
1077 9668 1134
1134 6470 1159
1159 8994 1206
1206 5061 1235
1235 3125 1274
1274 1032 1332
1332 1688 1430
1430 6222 1445
1445 1063 1483
1483 2431 1507
1507 3945 1584
1584 9630 1677
1677 2195 1711
1711 6939 1794
1794 9820 1891
1891 3724 1917
1917 9480 1981
1981 9208 2049
2049 730 2103
2103 4580 2153
2153 7036 2197
2197 4701 2198
2198 3934 2247
2247 7330 2295
2295 5608 2373
2373 5257 2390
2390 7848 2465
2465 4246 2559
2559 985 2582
2582 6369 2660
2660 1408 2731
2731 5771 2792
2792 5928 2865
2865 871 2919
2919 5662 2952
2952 3424 3002
3002 5192 3064
3064 2651 3129
3129 2025 3205
3205 4378 3237
3237 2140 3296
3296 9257 3329
3329 5357 3375
3375 2638 3408
3408 8038 3484
3484 1374 3555
3555 6373 3600
3600 2513 3661
3661 9003 3748
3748 6570 3825
3825 9798 3906
3906 5719 3948
3948 9036 4011
4011 3683 4104
4104 6990 4183
4183 4564 4282
4282 1662 4353
4353 6133 4423
4423 2222 4512
4512 914 4564
4564 8580 4600
4600 6625 4612
4612 820 4655
4655 7096 4755
4755 6321 4792
4792 4156 4880
4880 4028 4882
4882 1126 4924
4924 8104 4996
4996 6985 5063
5063 2148 5124
5124 5735 5135
5135 7000 5187
5187 1299 5217
5217 1274 5295
5295 4960 5366
5366 3730 5447
5447 3960 5499
5499 8162 5545
5545 5337 5593
5593 2057 5630
5630 8120 5722
5722 9242 5776
5776 4461 5865
5865 7460 5951
5951 5227 5975
5975 2327 5977
5977 423 6070
6070 5647 6134
6134 221 6139
6139 5061 6207
6207 8746 6295
6295 7899 6373
6373 3342 6454
6454 2171 6551
6551 706 6612
6612 3104 6676
6676 3392 6682
6682 2697 6712
6712 9124 6718
6718 9655 6722
6722 6441 6806
6806 5216 6861
6861 2980 6932
6932 1032 6993
6993 648 6996
6996 6785 7066
7066 3175 7106
7106 3778 7173
7173 6754 7269
7269 7441 7345
7345 7896 7387
7387 6239 7476
7476 1711 7544
7544 8775 7613
7613 4888 7691
7691 5279 7707
7707 2274 7797
7797 6297 7887
7887 2995 7969
7969 2591 8039
8039 144 8060
8060 4401 8086
8086 3259 8147
8147 62 8152
8152 6982 8208
8208 4723 8284
8284 6392 8310
8310 5380 8324
8324 4384 8395
8395 2529 8396
8396 9469 8406
8406 1644 8489
8489 4272 8561
8561 333 8609
8609 860 8683
8683 6501 8735
8735 4040 8788
8788 6654 8805
8805 8120 8816
8816 5193 8847
8847 5312 8899
8899 6376 8916
8916 4621 8931
8931 1760 8945
8945 6567 9028
9028 3929 9127
9127 9126 9205
9205 4430 9216
9216 6141 9305
9305 7252 9396
9396 354 9485
9485 5594 9486
9486 7370 9544
9544 8942 9562
9562 373 9649
9649 8646 9668
9668 8484 9762
9762 6277 9795
9795 7408 9850
9850 6259 9878
9878 5360 9933
9933 4180 9978
