1 6551 90
90 1054 127
127 4751 209
209 40 262
262 4975 356
356 6202 446
446 8578 450
450 7385 484
484 1426 510
510 6868 604
604 1527 628
628 354 646
646 4061 684
684 2273 689
689 7562 788
788 6916 832
832 5864 881
881 6311 932
932 9763 1008
1008 2373 1034
1034 1748 1076
1076 4220 1145
1145 6014 1187
1187 9832 1203
1203 422 1243
1243 265 1269
1269 4719 1368
1368 9591 1412
1412 4713 1416
1416 2303 1448
1448 4923 1525
1525 9124 1549
1549 5959 1561
1561 181 1583
1583 1829 1592
1592 5880 1657
1657 8534 1736
1736 8370 1792
1792 2773 1823
1823 3169 1853
1853 6427 1899
1899 4074 1903
1903 6465 1925
1925 7659 1964
1964 9931 2025
2025 840 2110
2110 7306 2165
2165 5190 2187
2187 804 2223
2223 3911 2296
2296 6883 2355
2355 1470 2391
2391 1891 2465
2465 4162 2477
2477 8113 2547
2547 4167 2633
2633 2591 2720
2720 8104 2792
2792 295 2877
2877 3881 2905
2905 1161 2942
2942 7062 3029
3029 704 3029
3029 8049 3121
3121 9278 3203
3203 6218 3283
3283 4750 3334
3334 3409 3409
3409 563 3414
3414 8987 3490
3490 1848 3505
3505 5575 3575
3575 4241 3617
3617 4311 3674
3674 3444 3726
3726 1570 3816
3816 9532 3869
3869 4632 3967
3967 2064 4011
4011 2630 4041
4041 241 4069
4069 1782 4166
4166 8720 4238
4238 2948 4265
4265 8628 4341
4341 3873 4428
4428 2850 4473
4473 8150 4510
4510 7878 4545
4545 2328 4568
4568 5382 4597
4597 8201 4689
4689 7846 4786
4786 5021 4830
4830 7777 4856
4856 5390 4879
4879 4078 4895
4895 8591 4951
4951 2338 4967
4967 5884 4969
4969 8215 5061
5061 1178 5159
5159 350 5251
5251 9973 5265
5265 4355 5289
5289 6943 5362
5362 9306 5411
5411 976 5418
5418 6585 5463
5463 8198 5468
5468 8444 5487
5487 7565 5502
5502 7344 5592
5592 6500 5606
5606 7982 5623
5623 417 5697
5697 7680 5768
5768 2617 5822
5822 3382 5883
5883 7851 5909
5909 8351 5983
5983 264 6016
6016 1791 6112
6112 777 6170
6170 2244 6234
6234 3970 6274
6274 1342 6282
6282 8441 6369
6369 3855 6400
6400 9924 6457
6457 2531 6525
6525 9892 6579
6579 3183 6592
6592 2756 6630
6630 8583 6673
6673 5018 6725
6725 9005 6762
6762 9849 6811
6811 8526 6906
6906 1622 6924
6924 7335 6949
6949 4108 6985
6985 9506 7049
7049 872 7149
7149 4709 7207
7207 8997 7263
7263 4153 7330
7330 7857 7393
7393 2727 7491
7491 2144 7522
7522 3960 7612
7612 6525 7660
7660 102 7697
7697 6485 7752
7752 6450 7810
7810 2242 7820
7820 7831 7874
7874 4558 7970
7970 864 7993
7993 605 8059
8059 3705 8142
8142 2694 8182
8182 7465 8275
8275 1199 8329
8329 6655 8392
8392 2414 8454
8454 3493 8455
8455 8899 8475
8475 8478 8541
8541 757 8574
8574 7359 8614
8614 5617 8626
8626 9642 8712
8712 8936 8735
8735 4373 8761
8761 663 8812
8812 6804 8866
8866 6946 8868
8868 8947 8929
8929 5534 8953
8953 8851 8977
8977 2858 9029
9029 4080 9083
9083 2618 9152
9152 4960 9201
9201 7554 9255
9255 2643 9349
9349 8057 9371
9371 8353 9407
9407 4396 9464
9464 6792 9516
9516 9245 9518
9518 4448 9568
9568 9868 9655
9655 6704 9722
9722 1611 9776
9776 7003 9785
9785 6373 9818
9818 8621 9865
9865 2221 9881
9881 7935 9956
