1 7646 27
27 5757 103
103 8922 178
178 6595 241
241 9909 263
263 6929 263
263 1269 350
350 2176 391
391 2943 395
395 5592 476
476 2250 502
502 4890 592
592 2493 628
628 9987 703
703 6292 730
730 8564 742
742 8662 762
762 7286 841
841 1434 908
908 1840 936
936 9921 1002
1002 2537 1064
1064 1523 1110
1110 5166 1207
1207 2612 1253
1253 5316 1319
1319 6576 1417
1417 8617 1467
1467 6522 1500
1500 3206 1572
1572 6032 1605
1605 2643 1648
1648 8799 1727
1727 3417 1740
1740 3094 1751
1751 7740 1847
1847 4280 1912
1912 3986 1920
1920 9035 1986
1986 2367 2027
2027 9577 2043
2043 2914 2059
2059 7269 2091
2091 5134 2191
2191 6497 2284
2284 7650 2323
2323 7155 2375
2375 3674 2425
2425 4494 2438
2438 1048 2447
2447 5177 2513
2513 6803 2561
2561 8462 2579
2579 1677 2602
2602 1616 2661
2661 890 2733
2733 4817 2760
2760 9970 2782
2782 4966 2790
2790 6327 2808
2808 7259 2831
2831 3794 2889
2889 8576 2955
2955 402 2979
2979 2690 3027
3027 8535 3075
3075 5675 3094
3094 8390 3121
3121 666 3202
3202 1539 3247
3247 3375 3307
3307 5751 3351
3351 1579 3362
3362 8132 3459
3459 541 3557
3557 5306 3564
3564 74 3630
3630 2001 3654
3654 4761 3685
3685 2849 3687
3687 7312 3733
3733 3326 3760
3760 7697 3855
3855 8883 3920
3920 8563 3983
3983 8353 4030
4030 9144 4117
4117 5752 4127
4127 8147 4168
4168 1294 4256
4256 1523 4324
4324 6091 4328
4328 8793 4386
4386 8205 4479
4479 4728 4511
4511 1054 4536
4536 5718 4554
4554 4395 4586
4586 5473 4680
4680 9620 4764
4764 8375 4810
4810 5113 4853
4853 5585 4868
4868 1370 4946
4946 601 4971
4971 3820 5027
5027 6332 5106
5106 8212 5165
5165 1458 5185
5185 835 5280
5280 9192 5365
5365 3837 5400
5400 8099 5474
5474 9674 5569
5569 7444 5631
5631 9972 5672
5672 5611 5749
5749 3505 5805
5805 9405 5896
5896 1457 5916
5916 958 5951
5951 9430 5951
5951 2962 5972
5972 350 6028
6028 9797 6126
6126 6030 6203
6203 104 6222
6222 7739 6265
6265 3327 6348
6348 2343 6378
6378 4406 6448
6448 7891 6495
6495 7911 6501
6501 50 6563
6563 5681 6655
6655 5405 6676
6676 3042 6683
6683 4924 6711
6711 9264 6754
6754 7518 6826
6826 522 6837
6837 7470 6882
6882 2196 6889
6889 2801 6963
6963 8959 7001
7001 8112 7064
7064 232 7153
7153 933 7246
7246 3717 7274
7274 7990 7363
7363 5209 7456
7456 6333 7531
7531 790 7568
7568 1545 7668
7668 8946 7686
7686 2789 7779
7779 9107 7875
7875 8000 7924
7924 7210 8019
8019 64 8034
8034 8905 8075
8075 8139 8117
8117 5656 8182
8182 9368 8197
8197 9323 8253
8253 1203 8330
8330 414 8330
8330 9998 8363
8363 4878 8366
8366 4319 8420
8420 5838 8476
8476 9957 8497
8497 4145 8592
8592 599 8676
8676 2120 8738
8738 7666 8807
8807 5347 8873
8873 5399 8916
8916 8753 9009
9009 9127 9051
9051 4509 9133
9133 109 9134
9134 2261 9213
9213 1754 9263
9263 133 9276
9276 6347 9366
9366 3181 9436
9436 9745 9486
9486 4036 9565
9565 3266 9616
9616 7500 9697
9697 5641 9708
9708 5829 9791
9791 3720 9851
9851 8682 9910
9910 36 9944
