1 7792 82
82 5032 123
123 2483 165
165 5543 167
167 1376 192
192 6149 258
258 480 319
319 4006 324
324 9004 367
367 3930 458
458 7507 489
489 5569 563
563 9634 565
565 3807 598
598 4084 646
646 6588 729
729 3162 730
730 9233 814
814 9742 838
838 4030 889
889 3039 946
946 6149 958
958 3503 1051
1051 3796 1079
1079 7095 1157
1157 1899 1247
1247 176 1252
1252 302 1313
1313 8666 1320
1320 1062 1413
1413 6194 1466
1466 1852 1535
1535 3069 1616
1616 2327 1647
1647 5172 1670
1670 2978 1750
1750 1894 1819
1819 2400 1869
1869 8504 1897
1897 9206 1944
1944 8438 2041
2041 3707 2048
2048 581 2101
2101 8696 2138
2138 1855 2230
2230 4147 2295
2295 2157 2336
2336 9049 2355
2355 4054 2440
2440 6915 2500
2500 1660 2598
2598 1331 2652
2652 2076 2693
2693 7398 2744
2744 1093 2757
2757 256 2761
2761 6789 2776
2776 865 2826
2826 2788 2896
2896 1222 2977
2977 7231 3054
3054 7007 3064
3064 2402 3113
3113 6487 3188
3188 1586 3207
3207 2874 3212
3212 3328 3225
3225 4843 3236
3236 9818 3286
3286 6757 3343
3343 4866 3425
3425 2582 3444
3444 3613 3522
3522 8540 3532
3532 6057 3585
3585 8022 3685
3685 8581 3697
3697 9892 3732
3732 1002 3818
3818 5968 3866
3866 1703 3949
3949 9869 4037
4037 1795 4053
4053 9561 4063
4063 559 4083
4083 5887 4141
4141 5799 4171
4171 7085 4221
4221 609 4289
4289 9161 4343
4343 3961 4432
4432 2241 4481
4481 1008 4526
4526 2665 4553
4553 3697 4623
4623 5692 4716
4716 1522 4716
4716 4520 4724
4724 9525 4749
4749 6356 4751
4751 1770 4848
4848 633 4938
4938 5527 5038
5038 63 5044
5044 2783 5062
5062 9743 5151
5151 8964 5168
5168 9028 5185
5185 9826 5208
5208 2360 5228
5228 2600 5286
5286 2248 5302
5302 1173 5389
5389 1171 5472
5472 1803 5487
5487 3627 5492
5492 2530 5502
5502 4313 5563
5563 6058 5569
5569 8376 5584
5584 426 5627
5627 6172 5703
5703 7853 5768
5768 6477 5822
5822 4710 5893
5893 6249 5978
5978 6784 6067
6067 7839 6151
6151 3934 6227
6227 4593 6320
6320 6174 6354
6354 444 6453
6453 8042 6529
6529 4489 6593
6593 9853 6663
6663 6914 6675
6675 5415 6755
6755 4319 6846
6846 2655 6908
6908 247 6925
6925 9458 7002
7002 2884 7100
7100 2776 7198
7198 306 7260
7260 6647 7334
7334 3600 7381
7381 4793 7471
7471 2756 7480
7480 1803 7549
7549 7991 7624
7624 9696 7666
7666 7343 7679
7679 7106 7745
7745 6836 7808
7808 3011 7866
7866 340 7889
7889 5072 7931
7931 3991 7934
7934 4935 8027
8027 1839 8111
8111 9297 8180
8180 3480 8264
8264 4836 8289
8289 1403 8360
8360 7674 8443
8443 3498 8473
8473 5790 8499
8499 9966 8548
8548 343 8639
8639 9579 8651
8651 7919 8681
8681 4822 8702
8702 3170 8787
8787 5742 8802
8802 2841 8879
8879 1117 8920
8920 4170 8976
8976 6791 8987
8987 1736 9002
9002 809 9040
9040 2000 9094
9094 5005 9099
9099 7167 9102
9102 5590 9119
9119 7112 9125
9125 4743 9156
9156 8824 9170
9170 4427 9267
9267 5542 9349
9349 7106 9413
9413 955 9437
9437 6388 9470
9470 6883 9544
9544 7278 9616
9616 8974 9715
9715 9647 9751
9751 2792 9766
9766 4202 9829
9829 3842 9856
9856 2054 9956
