1 380 39
39 974 130
130 7280 225
225 1757 317
317 2109 325
325 9616 379
379 4183 471
471 1031 482
482 7293 525
525 8826 591
591 2308 646
646 6090 717
717 5159 757
757 4578 759
759 3736 762
762 4587 845
845 25 899
899 9219 915
915 319 932
932 4674 1015
1015 1231 1068
1068 6730 1100
1100 3833 1184
1184 7872 1238
1238 8098 1283
1283 8400 1315
1315 6625 1376
1376 1991 1376
1376 3635 1388
1388 5324 1400
1400 3602 1436
1436 8850 1456
1456 2041 1512
1512 456 1550
1550 5854 1607
1607 340 1629
1629 3534 1717
1717 9617 1762
1762 9620 1767
1767 836 1779
1779 2093 1811
1811 5697 1830
1830 7738 1875
1875 3374 1924
1924 7185 1957
1957 2905 1959
1959 5122 1997
1997 3862 2090
2090 8343 2175
2175 8883 2204
2204 157 2213
2213 3397 2292
2292 5332 2361
2361 9795 2424
2424 4656 2439
2439 8014 2511
2511 8269 2574
2574 2045 2625
2625 1335 2660
2660 9774 2687
2687 2683 2727
2727 3667 2737
2737 1575 2795
2795 8448 2834
2834 4742 2927
2927 6311 3002
3002 3496 3009
3009 9832 3089
3089 4933 3124
3124 8421 3204
3204 1131 3229
3229 5158 3233
3233 6197 3271
3271 1986 3340
3340 5899 3387
3387 5121 3391
3391 2555 3436
3436 3326 3441
3441 1293 3521
3521 4801 3573
3573 2731 3623
3623 5240 3709
3709 5725 3746
3746 9520 3819
3819 6416 3875
3875 1070 3877
3877 1497 3961
3961 5966 4024
4024 6520 4116
4116 4495 4120
4120 9665 4149
4149 4711 4153
4153 3303 4196
4196 7015 4196
4196 4294 4213
4213 9882 4298
4298 89 4377
4377 8414 4382
4382 4686 4427
4427 3840 4460
4460 4296 4508
4508 7185 4523
4523 7666 4563
4563 1934 4623
4623 1978 4667
4667 3697 4705
4705 2209 4753
4753 73 4770
4770 612 4822
4822 5122 4854
4854 8404 4861
4861 3187 4892
4892 4713 4980
4980 8706 4993
4993 4686 5077
5077 9070 5128
5128 2925 5148
5148 7752 5222
5222 9515 5296
5296 4733 5308
5308 7902 5402
5402 8685 5449
5449 1793 5526
5526 531 5552
5552 1914 5648
5648 235 5649
5649 5377 5679
5679 7427 5738
5738 4801 5832
5832 2186 5912
5912 3420 5962
5962 2800 6014
6014 7512 6015
6015 5219 6053
6053 7857 6074
6074 7405 6169
6169 7559 6268
6268 529 6347
6347 6389 6402
6402 5750 6480
6480 3736 6560
6560 8749 6629
6629 3977 6705
6705 4131 6793
6793 7920 6812
6812 26 6865
6865 9524 6906
6906 9335 6908
6908 7213 6920
6920 2672 6964
6964 446 6974
6974 8438 6977
6977 5329 7050
7050 2914 7144
7144 1725 7238
7238 3677 7306
7306 9005 7323
7323 3085 7395
7395 3346 7486
7486 4588 7552
7552 8998 7632
7632 9995 7713
7713 380 7734
7734 7666 7737
7737 7069 7802
7802 6447 7828
7828 3206 7911
7911 4904 7944
7944 2070 7999
7999 1093 8002
8002 7725 8059
8059 5698 8154
8154 3764 8240
8240 5899 8246
8246 6234 8289
8289 2688 8306
8306 5289 8388
8388 3558 8465
8465 6832 8470
8470 2322 8550
8550 2700 8594
8594 8414 8602
8602 7901 8679
8679 6488 8700
8700 7092 8737
8737 1435 8754
8754 3196 8783
8783 1379 8873
8873 9070 8945
8945 9614 9010
9010 7598 9044
9044 2022 9105
9105 2881 9131
9131 554 9180
9180 2707 9215
9215 6410 9263
9263 8108 9276
9276 1007 9291
9291 13 9376
9376 7195 9454
9454 3647 9552
9552 7092 9553
9553 3230 9637
9637 5824 9669
9669 773 9720
9720 4311 9804
9804 9127 9853
9853 507 9880
9880 2012 9977
