09735872598199 YHSk3OAHhQ3C8ZdQO9$55
0039998807777 F2vtCcKrgmA$23
00792431 fWajHW5p$39
08200943 4BTuEAsQ$99
0308535449813734 lWbE0Nwvq6Xg5JcqK4V4D$36
00169904733 1mIyR7FOnKwzagE5khrPSDu$85
022961998 Q08DnT9X2pB7$73
0571057589 tbpr4Ug52UsW$3
00490186768715305 wJbYO4eT67l19K BJ5LA$74
00523 xrG$29
0491510 gqGq9G0SLMsvfE4t$2
00482427343459796 6ia$98
0045106618656999 kn OVXxSzHZSRXVMo$47
00558215 7sQ$43
02777634513510 A2nFDWxR34 axPBmEQ5oCHJ$7
0038047550210790 ZenOPJsFPQgwzlNtJBudk4$73
0084084 QJjEy25cRWtnuP9YyLrL5wtu$84
0091480116627806 sbbC9JnAt$45
00992884275492019 hGlKRwl eIAIaHF6DYYwsehZE$23
0041678046576 vgvFXaMA7J5zXnxABJj1$87
00601359034281 1UP8CU$71
02189 UPtDwwOS6MVt$24
00343225 8dspsChp4aeyNK3BC9nwDC$72
0132381505951292 9OaUSMw08$3
0767999271887 lVZgamqZxkQiQRrSucD$10
009880667 1FniQJIOf1$64
04979130181069 l$64
064093861077 zfBjdMFiTyqUfnY$58
00362465237204 CJvVXhAe97E3m11X2OfJ5En$69
041780365258 N Yr2ks3guSwdY9BE1i3b$4
04586 EwV$63
00687702 AuzK5cMnfXqbbQL$99
0060724192963129 OHM0t9gpAsBpcAV4d$92
04937800 h2$79
00502736272797 3 xVsXUQENSKU8M$68
0023796324 YtjAxj6rM2lBH$12
000517869 pVP$72
0021757 SOKDR4e$53
0092219188227 XX$39
0017 sBBberftYraVFs2zASrQ$8
0001322499955070 fZNpTsRV$1
00428618750990 VyA0kBlzz8YsAPnBf92w0HJTu$23
029415018 uodCmFcb1OrbRXbx$67
009 $50
00924033686840562 tGJkDUSiYTcYnk$92
00339608383 pZHXsmGMZAD$26
044873237 juB9TuskTq0QTnv$65
0026 N44FRtTcgtwL4FD$55
00459243706832413 NdZGqe8X dCC$76
0125468175 $6
01299496 8MO7ZpKK7iWnQn2HzMfzQ6$0
0099786 Zor6nRQ7Z82mYqoF$98
0059050349136720 oo3dv$3
00339799984 U1XfvXnOy85zltXpHsr2 QmY$61
0052351343837698 vdfsCWU2ZUSkSuFM2S9y$99
0343013998112701 44FoX82IbVRJUoIfQ5kY$42
0024052170276578 q zhIsFqIvw1tWjm$17
0795497 DlUq$99
005519256 3Je 2AaNZTKwhHgtjCn$74
000000
122 13
08385585103191 63
00861508179202 38
029 100
8359778 83
0062 75
75855058419 66
0045771758531694 41
229 76
3 63
051645123 33
0015232186898196 91
545061522866858 44
780 38
288978933430592 85
46320047941744 61
00323657 8
008187 62
095 20
0185930 55
09876447 0
896551647880 7
00756155819 35
157013520099809 55
5 47
06074 21
0696408851861 82
08098 58
08056573 36
3 37
013922 53
096 91
750140605 37
0142495625950360 100
05 27
0496002431 58
0707057 55
016 12
6912419411 95
0537508 35
00069285 34
0053 33
24643288 61
064877937 15
004735 22
1215959138793 44
0111 57
70744 29
1842 40
034212256668784 62
007861 12
0228561 43
6189655343 14
216078112430901 43
116072616925 90
055436651061 8
056227943 13
0047183 75
011572633618765 98
9361 53
#