041127 wa$59
00874893668231808 Nfr4KAe2kkzuVYs$76
056323147337195 mCcXRehaNM4$75
004130464611948 nqCJ$3
080908715990 l$9
0510614538995972 KcVyU16PZ7UjdsfKEjnOOV$11
00287574660561 EgjXuMcdpv$59
0053933 e7IYB$41
00274907855 K$92
0188482 3rWMoxb abgXCb m3wR8g$77
08543461500 uDstNEK$73
0076924152811454 dCnjIENk6g7K R WzBVP31$32
004320812455113 gzC zt u2AoRD$41
0026256168613736 zdUyNmy$26
0062 3qFj2YQE6ttIDQuWuMu$71
04 $58
07464411 85CNb5gTI5nDz86hO9MQ$73
04998 21ba6NYiSd$17
051863 tsU$30
005634475 WIDIFWAS69aEm$2
001710024688 nAG$90
0520478 Y3cj4wYej4iplM$5
001618562092 I92FceYgLWv3$0
035551713 H2PKX4eFegjqvhH$25
00329 zxj8H1k2C14rL1wZGKfZ$15
08940 G06fxpnd$43
00734 lZs1JI TsgJr$73
0478622056777 5dXrcosV6sNy$71
0427805538585252 FuG6G4yAa nIITH99r $18
0058034396 $57
0068724928697 4RM42NAx$67
00977939608422 r61mOmrF7$51
002560668451421 Epx1RD$4
003605174 1ZW7Ey$98
0015 mLZLi CW$3
0444962 RhlNoZkn3$43
000000
0837667257081 53
015 49
87280685142079 73
098407651777 24
048855706 17
0934204145901 4
7153102057763 97
826 16
0037 65
0072760814016073 86
083876589617 30
0073671821 99
7100 89
769359 97
2113850668 87
6058157195798 23
9400649146834 65
00760 93
00022711999940 100
009185910 65
00391 30
00342063052003007 95
004284816218 56
0880943006109 12
0003355104367 48
082172 17
002223324495 83
0044 10
752281408720 31
0587732 71
9 1
01328940 81
0842055591 46
88679673086276 68
2327632 18
348 23
00896470467733 40
00650314634868 69
47 12
008164 82
01809459874408 29
96844946863 33
0155140748483 58
3460204251 10
0045250875 92
07 0
557 95
00924459 63
01 7
06624219 28
115795724079565 23
33190442635 59
079464199169 77
0099232322 78
#