00396947110693 orpdNyrYXWWLPJcox$24
097978175 6$19
00663102002 QX2euh00dLXVE4Ha8NmBkY$26
039 na3d7$9
00345525586 1KZn$33
00594996 5JycP Oc$46
00692554524967 cKJ9Fo$47
009 1K6u8T94bFCFcT77uTnGC5Q$27
0005394 IBPRuYVF$63
083498 jzWpocTG$21
00193851701667195 qvqJOZFdnR534x$4
0031058064 mEGVb6pBPdAtqXkw o$5
005475965512 MXRX2gySt7lU4Fq43t6H0xty$47
0002 ZZjPWl4tc$55
046187238 lnpUQw0TJnRIGFE0K7diJKKo$93
019 7hlxbb2b4MyVudA7ekerCXall$10
028431793 Yw2K4YdhykwSzXtv7PRdLjvDM$90
0815765575 154xYDtq8BeZO ijD3c$42
05 PeKm$98
0093 wlN $77
0983917629 $86
0078717027 mjN8jy3UyXi$53
001 VaeRLfCA0$73
009 wiui$43
04634995009921 Zpoyp7Wt36ZmAhNn7g4w$69
002051973 IK9g9hbDlhCHRTte0Ki$53
00964484 baVWk$16
003696264117 S Ji$35
0718130329640277 p0UTb1$59
0050197179992925 XZVfLDv9Do2OpDaidgsa1AT$96
0250749732597 A8JnymyQAPiLRSDOq$42
0048346671648255 9W9ZwYhgO9UBzkE$48
082159214 n2$69
0611 3sp$87
041616 BtHIZGZ875$50
00433555699452 IQ3lfFOWmNCkVKppUaSfzrN4$6
0532500532212598 SAihtt8J1Av6Df6bzjHBmfY$66
00800 WYjdeMHnvIX OAfVLPe$44
00632151158 ya$32
0014714566444688 AfuJLD$92
0009636638 4$95
00610066959 Mqgx3aTybNdxu$83
089235 wAZ9hVGcssDIZGSSd3EqB7f$48
0047  D0AB9RwQ3Yh$67
000000
00515579 17
6330 7
78 65
004 83
712435951 58
0071 35
074555342 61
043224468063 18
002076433999 47
00688421 68
0114287413 70
00354 74
0695054 95
001617831018 46
001445 100
4293 84
00299906084395580 91
00346 36
0868149169050768 20
00765756981624 57
0042 57
023383 11
0358 5
008617523 82
88304736075480 57
00427904070 25
009068472219384 73
29171862 29
2 94
0092 79
5086915482 98
000939 57
02651 83
004 89
956861353275369 31
005421617712 66
537 43
0076203839861426 79
091103 77
32372249 53
04822 57
0805144255624 16
043978823162 35
7768382817370 79
4304183325 5
00367040869942 68
05 8
0000934285775032 9
952895 53
0151061155 60
1516659 75
069559 13
00718825 100
059 90
4 14
75 84
0040400603312137 18
77767284350169 64
6706138 48
027014 74
51 93
4051928 35
35874326697 77
06597492 92
089928663537 87
04512069 54
095994793785 53
#