0612572685380627 wHT$29
0042653372343690 FYm QmG67PDOIVTBkagQv$65
0900501471769 n3f$19
09 XvV7LLDpmmoqsZt$59
00618 heHxrmBlYxQSEBCg$0
03303867039  d7GKy2kT SJRwjtMkrpJQ$47
0018747549717 b48aWR$2
00424 CdM5jtdbbHYNaYvkILvMUGIL$70
0013419680932159 k9$4
075954622 o7xMxFMa$54
091 r7jMh$36
0117663887292 u$91
04673797825 E8VK$28
0802675  A7UnLm1vIOuvHL3$85
00714 wmoN37jH7$88
02 nh445yAMjECIQm$84
00361172443323 NMTSRYprJI4lpVI$25
006857682 c$53
00103992936 2I0sDIHQ9jJJ3mygo$75
039778698955 $28
092173441 PFNdpATKuCsnh$38
009722 M8wWTVp$34
00167303288821164 B9JQquYXqR$87
0873 wKFQ vDTMP2qds1$36
007687066884620 WK0W$23
000000
4 84
02404381151 80
0066 74
97497655703 13
5718520038 23
08236100 5
634666331040 53
060 92
3766377 41
148605248 47
05986 56
339106483 87
0018723062404093 70
02962 5
05423014191331 0
00160435765 38
060484508 70
000 42
0008 13
0016974527 40
082937024025 47
05276893767 27
673765793 71
00742289716496 76
059205 94
059052 74
4 11
092409805668 15
021 0
05540827 93
24859957914595 13
00203669178357 8
05 30
02121267 29
0030144804082439 49
0 8
03765033 38
07631 5
004206 66
01161225502 10
00450626947 21
4781 13
031454 2
0022676182 45
08345 55
404937 13
57400 68
3975337262821 18
0664 43
7391 39
0018105749565757 92
0305778 52
007486677635020 70
2579082040825 94
0048806 67
026123916585677 68
005434468359915 91
00660 77
006723585349 71
3778670 22
4701783 39
0687 49
08 32
715591204948 70
#