85.65 74.68
92.78 8.38
60.66 22.6
28.41 6.74
4.76 1.57
95.24 114.65
91.44 40.58
79.24 39.78
78.88 45.67
34.88 6.05
13.15 109.89
22.29 18.18
48.48 59.76
61.27 123.26
105.77 14.86
93.73 63.42
89.54 58.5
71.8 22.19
81.11 100.22
28.94 85.88
101.79 124.18
72.52 65.23
36.76 23.75
105.01 115.65
69.42 11.89
121.71 82.58
121.78 16
100.77 42.26
75.76 34.04
37.52 53.53
48.9 3.24
116.95 10.44
61.75 60.75
32.64 14.86
32.96 61.58
100.74 6.74
57.76 45.26
71.97 94.53
69.02 48.97
82.17 10.43
60.87 75.88
93.02 54.65
91.88 65.78
96.91 39.63
99.82 6.42
93.17 20.72
9.67 82.11
31.17 71.43
14.86 63.81
86.29 47.82
125.39 59.03
54.57 55.15
104.29 126.54
21.67 45.3
47.51 103.84
55.74 108.38
51.72 20.75
35.02 15.59
86.54 3.93
55.23 58.36
10.36 20.39
79.09 20.03
102.51 110.26
91.47 117.37
46.06 49.75
37.19 43.45
108.79 91.76
98.6 85.08
90.3 120.27
2.38 9.81
96.11 58.12
118.2 19.82
78.88 25.22
35.42 37.42
29.15 90.65
95.79 39.51
111.05 46.87
59.55 85.55
29.12 23.01
74.91 75.19
72.77 112.11
118.65 53.55
75.86 89.24
10.63 38.16
81.51 13.01
47.97 49.62
71.13 38.16
69.45 22.01
63.38 104.87
59.43 92.54
67.52 27.22
4.05 50.56
74.09 63.6
8.11 103.22
86.62 83.03
50.41 31.38
67.13 41.05
84.94 14.99
2.29 95.57
53.15 83.81
108.58 101.13
5.42 51.71
11.29 74.87
73.72 74.68
51.74 5.15
39.21 119.27
32.37 43.26
41.82 106.47
106.87 49.94
81.69 65.48
4.96 4.09
96.87 72.09
45.15 53.8
87.08 47.44
21.36 12.23
3.24 1.93
113.37 8.67
53.65 124.66
83.55 127.37
71.33 7.29
4.52 110.55
126.56 36.9
25.81 40.38
15.36 4.67
90.32 97.05
70.16 95.28
101.15 39.02
39.37 18.29
92.82 126.46
65.74 114.19
10.68 68.99
116.13 124.05
77.67 41.77
120.71 33.21
41.14 64.03
40.5 45.66
46.58 39.06
82.56 72.39
79.44 97.93
77.07 41.76
66.98 19.22
9.04 40.13
58.24 48.41
58.43 23.06
46.86 124.17
9.24 57.54
65.16 125.37
53.59 14.82
39.13 46.29
48.03 80.27
110.33 88.54
125.94 28.9
127.6 80.5
101.3 79.04
50.42 50.36
120.81 117.41
69.59 1.84
29.53 127.83
50.25 87.97
22.88 97.11
84.13 32.13
26.65 21.29
29.49 80.24
36.11 68.62
126.54 84.15
20.89 108.86
44.68 18.82
9.76 44.28
99.32 111.07
123.33 21.74
33.43 116.13
11.14 103.02
117.98 40.68
102.85 40.22
0.65 125.74
9.32 84.78
29.86 35.98
106.08 59.35
116.23 14.18
127.98 114.76
98.34 20.86
95.62 15.02
39.68 105.38
59.31 11
88.45 54.63
32.74 121.88
42.76 43.89
96.89 32.73
84.58 71.73
72.95 85.23
69.47 82.28
42.01 99.33
118.27 20.08
30.68 106.49
34.27 30.65
93.24 4.6
51.52 60.85
19.62 91.2
38.23 78.93
102.21 126.68
5.55 6.94
120.56 48.32
50.83 89.44
81.06 7.4
33.17 26
92.63 102.65
108.29 6.63
73.97 98.55
26.71 104.66
77.03 60.98
7.31 42.27
65.58 58.83
103.13 85.21
22.03 13.35
36.13 124.24
12.03 41.69
3.17 4.58
90.01 54.01
94.03 43.06
61.41 127.21
69.07 26.04
101.85 49.36
32.67 47.82
19.91 59.39
24.47 96.95
120.38 31.78
11.21 57.96
90.62 114.34
15.16 112.65
127.7 51.3
108.88 11.73
92.99 112.06
16.32 54.99
38.06 110.36
98.06 99.48
109.57 39.13
125.52 83.41
88.49 30.19
3.23 108.4
89.59 27.7
77.34 81.97
59.49 88.56
11.93 22.1
74.9 27.09
6.75 74.6
78.39 115.63
86.34 43.37
99.69 102.66
98.37 9.75
85.02 68.43
109.23 66.58
107.56 106.75
21.98 68.04
8.94 25.21
48.44 98.54
52.92 125.79
52.5 112.42
86.35 64.43
6.52 33.24
91.53 13.27
107.84 41.92
0.9 66.17
85.3 100.59
40.83 55.66
110.34 125.85
124.09 91.57
64.42 103.65
70.31 86.41
43.68 79.25
111.63 92.13
49.78 36.55
89.91 102.29
20.96 48.25
38.71 27.48
81.5 2.24
40.76 61.34
44.16 41.66
127.52 1.45
14.24 40.34
57.11 124.58
38.19 53.2
88.14 102.62
28.85 30.45
61.02 72.53
109.71 44.65
36.66 31.49
81.2 126.58
5.77 102.17
46.82 44.49
1.64 0.32
46.73 42.4
61.66 90.89
84.07 61.17
92.34 98.31
101.52 21.45
94.89 11.71
74.66 55.03
114.34 103.51
85.48 47.36
48.04 67.18
92.01 84.7
98.68 45.2
83.27 104.45
19.37 2.09
20.94 21.02
2.41 67.67
63.43 64.08
30.55 19.49
125.26 122.9
117.8 98.78
16.35 84.68
110.49 91.01
11.7 96.82
66.52 97.19
16.17 114.57
36.37 108.19
71.27 7.04
25.39 26.54
111.5 44.76
28.63 4.43
65.78 31.05
72.1 1.2
95.14 102.66
20.69 92.39
97.56 10.48
63.16 113.91
95.17 45.65
76.92 106.88
14.47 15.43
76.07 30.65
1.99 112.44
10.83 73.26
119.49 36.22
99.8 102.98
80.98 0.43
107.41 18.76
31.49 51.51
19.96 126.63
26.17 40.66
91.02 123.73
51.14 26.17
109.63 18.31
71.83 58.54
125.2 86.3
73.98 73.26
116.95 75.98
57.7 127.79
21.24 49.18
36 121.05
24.16 116.99
121.49 3.57
7.75 24.97
55.09 27.71
23.6 81.26
68.37 114.62
76.98 119.52
12.79 58.61
9.83 84.62
117.16 7.02
42.91 63.14
80.29 31.86
11.11 9.98
31.65 32.36
59.17 67.66
25.4 83.34
56.64 18.89
86.92 64.39
43.86 14
92.11 67.46
95.26 32.48
54.08 44.24
23.99 66.87
102.86 33.83
23.48 92.01
40.85 66.4
27.15 121.15
98.27 38.27
3.13 1.91
70.63 62.31
69.57 96.04
17.64 126.22
114.93 104.56
62.61 30.79
118.57 26.71
98.26 85.83
59.2 24.33
2.06 83.19
91.2 104.93
117.02 114.69
68.94 29.87
53.08 96.09
23.01 23.34
6.35 26.14
25.26 76.98
88.45 94.84
45.01 106.1
93.05 31.94
82.66 27.66
62.73 73.22
54.37 32.98
31.04 113.57
57.31 33.11
68.76 20.51
10.04 57.78
7.19 78.98
87.65 60.27
47.06 110.67
83.62 53.41
8.81 108.89
2.39 97.27
75.72 47.41
75.37 40.77
79.35 30.02
68.43 14.08
103.25 122.81
47.06 6.29
108.38 104.38
39.41 49.13
124.89 49.45
106.92 4.08
0.42 66.57
64.36 47.48
49.24 19.97
100.9 58.05
0.86 103.29
27.31 76.59
22.69 102.68
117.36 102.05
4.7 57.78
116.13 107.95
52.59 35.18
114.25 32.96
11.56 25.65
82.1 8.44
75.1 61.01
12.52 75.52
127.59 76.88
123.01 48.82
96.86 95.9
106.87 97.73
71.19 6.18
46.31 93.88
108.87 35.66
67.92 113.58
93.45 56.05
93.53 18.04
91.23 79.77
51 102.8
105.42 5.1
111.24 52.52
66.12 123.77
0.03 65.7
72.65 123.05
114.52 41.51
90.95 93.39
11.23 34.13
99.58 57.55
0 80.45
93.21 67.93
66.02 58.66
123.98 31.54
76.7 87.21
111.31 127.71
62 88.73
4.8 45.24
13.24 70.93
41.01 13.28
8.62 113.66
8.33 123.15
27.17 99.28
88.53 38.4
5.4 60.11
95.95 5.41
12.55 61.16
73.34 78.57
119.83 69.32
110.12 68.53
28.53 93.43
68.24 90.54
54.16 73.05
7.78 67.4
15.97 48.79
80.69 24.59
34.45 89.02
19.73 61.62
60.3 108.27
100.03 65.7
40.38 67.98
71.11 52.93
1.14 16.45
3.5 120.98
85.77 113.62
61.51 114.31
79.05 1.74
76.84 5.2
74.79 84.62
72.61 90.76
5.41 25.3
115.36 39.87
114.33 7.09
101.5 46.62
115.37 73.52
112.33 27.74
13.5 55.43
80.67 14.65
71.88 84.17
7.62 29.65
69.79 69.13
15.96 20.84
70.88 92.81
26.04 17.66
49.43 98.66
108.43 54.84
123.96 95.78
94.71 110.29
102.87 68.2
28.9 90.24
13.72 13.23
117.98 27.23
68.66 70.64
41.88 12.54
26.81 49.51
42.2 96.61
118.65 58.16
117.46 61.52
22.96 15.49
79.18 72.4
114.16 59.61
127.24 110.12
27.38 93.95
92.4 2.25
34.15 121.31
92.49 47.88
6.53 82.47
75.11 75.2
25.1 117
87.74 51.92
38.51 1.94
20.53 29.15
60.1 9.98
90.67 83.07
25.48 41.85
27.46 11.64
101.47 26.7
121.76 0.84
120.66 86.16
3.1 26.81
79.46 95.6
74.69 86
50.06 21.8
33.19 75.17
10.79 120.94
127.1 49.3
122.88 19.62
78.46 54.98
29.61 41.13
10.05 55.09
82.98 37.52
66.73 56.44
64.23 60.49
57.29 56.88
18.64 60.4
83.69 98.11
27.99 30.37
56.1 78.06
52.18 89.3
25.22 62.97
82.24 24.32
112.28 77.11
43.95 62.74
4.09 73.56
103.87 14.14
0.65 58.85
51.67 67.39
115.29 115.9
127.88 44.58
44.77 18.52
104.99 0.46
116.63 4.98
30.84 44.73
83.04 83.02
6.02 108.27
17.98 88.27
4.58 2.26
37.37 48.53
65 41.47
122.1 40.86
55.62 122.75
99.71 107.29
62.13 87
95.19 62.01
3.58 11.95
80.53 108.57
12.42 69.15
113.56 43.26
113.89 68.59
126.28 119.92
48.86 16.25
80.18 53.45
18.52 117.55
101.98 83.53
31.02 96.08
124.4 86.64
90.82 96.11
65.93 24.95
55.11 33.11
86.96 58.69
45.07 39.48
39.26 57.49
108.64 24.81
100.75 94.53
93.41 99.02
86.44 14.26
115.28 38.61
67.71 5.8
28.16 41.69
89.33 59.18
9.76 85.72
17.82 100.59
53.82 83.75
125.54 108.94
116.87 84.5
39.62 33.93
123.99 78.89
91.43 104.63
103.71 64.17
71.15 69.11
35.19 29.58
83.38 22.46
68.19 23.09
28.27 96.35
64.78 117.6
27.52 74.55
75.32 45.34
47.13 1.14
1.09 44.67
110.08 117.96
1.16 21.7
23.89 125.15
100.59 115.32
101.77 76.3
51.49 44.92
17.4 86.68
74.5 100.79
109.15 14.68
123.88 9.41
111.04 60.66
127.02 10.55
7.21 74.33
55.9 54.35
75.48 57
99.02 57.55
46.96 100.19
79.26 70.86
97.34 51.85
58.17 71.11
0.14 109.67
116.03 17.55
68.35 62.52
118.34 49.5
77.2 114.22
58.91 60.23
46.87 57.93
70.79 54.08
4.26 126.7
108.43 79.74
55.7 79.45
9.29 102.66
51.63 88.55
45.51 20.97
12.4 103.69
92.08 12.54
85.36 80.1
30.09 25.7
14.61 20.43
75.2 91.82
6.64 6.11
24.05 53.51
64.05 94.85
107.6 68.31
93.54 88.03
20.05 21.24
39.48 29.34
123.9 91.11
117.9 41.41
112.08 2.29
17.1 76.16
14.84 102.46
28.25 44.93
0.15 42.86
65.36 75.36
6.68 72.01
81.48 30.74
125.52 17.52
125.59 105.12
85.84 91.13
65.15 105.89
112.37 104.63
7.23 108.27
67.73 125.14
21.67 51.81
127.44 38.77
127.97 14.27
13.22 28.22
59.21 13.38
71.09 124.58
88.75 77.77
68.58 42.22
108.51 66.1
59.75 106.09
43.21 17.58
69.22 108.36
123.48 53.58
84.98 2.7
33.84 24.71
127.85 55.52
76.53 127.28
94.29 76.5
13.55 107.52
104.72 72.76
120.91 47.8
69.33 81.66
125.57 9.91
123.89 106.08
76.01 55.63
84.17 119.23
73.22 25.38
99.59 68.69
78.97 56.56
71.4 112.82
81.28 71.24
40.33 29.81
70.52 6.62
106.31 84.07
114.14 83.03
28.82 107.05
2.82 98.16
60.7 0.39
108.07 56.58
106.48 56.08
112.22 62.64
47.3 57.44
88.03 18.88
126.13 38.99
75.45 69.53
23.8 28.72
12.76 64.13
58.54 83.28
70.76 36.84
39.34 56.9
119.87 68.17
35.94 122.7
38.33 96.65
123.09 18.39
25.23 101.57
74.47 9.44
36.2 121.78
66.88 124.23
12.65 65.01
35.22 88.1
6.53 59.02
116.83 19.3
123.16 47.36
102.59 65.92
84.2 13.93
122.82 76.07
82.1 30.75
70.76 120.43
127.41 65.85
10.82 24.63
39.41 85.3
34.08 75.62
