51.99 3.96
123.17 57.38
31.86 75.21
42.77 95.31
116.37 27.73
0.58 77.56
124.94 85.16
92.13 63.69
71.64 98
126.54 11.05
24.7 69.82
75.41 81.08
62.16 54.86
73.74 117.83
84.55 97.61
3.65 8.54
101.58 126.82
65.92 5.43
74.03 108.69
100.74 62.39
8.42 101.33
11.95 5.35
58.48 104.09
69.05 2.12
74.08 67.58
13.18 98.79
9.4 88.59
51.87 71.57
15.45 125.62
61.39 100.01
95.22 65.05
108.55 68.8
63.87 46.46
74.23 9.89
27.15 46.97
72.29 35.57
20.29 84.24
40.93 78.78
60.32 109.98
80.9 6.4
49.56 94.08
105.2 58.97
54.67 29.06
2.53 70.13
26.68 63.93
42.13 121.91
0.97 22.67
62.7 64.84
69.14 8.92
74.73 96.29
55.9 19.02
3.86 76.19
103.27 44.8
26.97 35.59
26.77 107.87
41.99 76.34
73.95 19.19
7.3 0.62
48.26 9.84
70.75 74.94
73.77 112.89
68.85 74.74
7.55 3.54
11.57 76.7
12.47 86.31
44.99 68.37
105.34 48.85
16.56 80.6
93.66 43.53
116.19 120.43
23.4 30.17
68.77 97.36
49.37 76.08
97.99 97.63
85.92 40.74
44.57 31.68
25.62 113.42
106.43 33.18
116.97 118.01
109.88 1.43
76.31 26.86
69.81 53.64
75.72 86.38
6.23 41.37
1.9 122.42
33.8 25.3
24.59 102.58
122.67 73.97
50.65 92.65
43.59 8.56
5.38 88.17
40.25 31
73.58 18.68
64.18 62.54
8.68 46.06
63.98 84.99
72.93 5.79
10.63 20.65
92.17 16.87
62.03 94.07
11.29 95.84
119.38 35.88
70.41 114.04
109.86 121.06
78.68 25.44
1.62 84.07
113.61 41.88
115.07 59.19
60.56 51.25
121.74 69.24
97.31 57.71
26.23 42.23
63.5 36.86
62.88 27.66
53.73 124.92
121.74 65.02
92.75 113.11
