59.42 118.16
90.04 3.03
36.76 61.86
106.28 81.96
55.99 101.45
105.34 18.2
127.47 79.48
73.27 75.58
59.16 125.64
43.46 70.18
88.31 0.08
98.89 43.73
33.65 63.74
105.78 127.87
112.36 73.98
56.59 43.77
64.14 18.62
46.81 100.9
80.49 25.08
54.85 8.47
126.54 32.19
26.68 126
111.67 99.95
73.58 42.83
97.59 117.05
113.01 57.89
117.14 83.89
101.63 22.78
19.63 79.4
22.65 3.99
25.38 79.24
47.76 89.52
97.87 94.58
62.41 50.35
119.67 117.27
58.83 118.2
21.45 85.51
116.2 5.12
57.46 61.78
47.95 27.04
50.82 32.95
84.94 39.95
116.85 58.56
62.74 8.48
9.96 85.39
12.47 35.34
36.63 60.24
124.86 6.49
26.81 59.26
56.84 18.47
48.53 115.67
8.67 69.98
73.18 124.88
75.1 2.63
58.65 123.06
29.68 109.48
28 114.62
21.43 16.85
45.18 84.18
25.33 55.14
41.57 37.81
90.48 78.2
98.05 87.34
84.69 124.87
18.59 13.53
15.33 67.13
1.2 24.01
9.1 74.38
20.89 84.21
77.02 79.55
79.26 106.71
61.02 107.27
93.33 82.46
124.13 10.5
38.64 21.46
65.65 80.21
59.27 28.13
30.4 29.32
115.47 115.1
26.18 6.06
0.63 41.52
73.19 1.83
65.53 82.3
76.22 86.43
38.5 25.24
37.97 117.77
3.95 99
97.04 97.28
53.45 93.16
107.79 92.09
114.62 45.43
44.3 45.89
73.57 74.7
75.21 61.03
61.8 101.39
67.09 62.43
14.91 12.28
64.27 80.45
94.58 12.49
38.87 5.07
37.73 76.84
122.85 41.68
47.83 91.88
10.96 101.29
57.04 118.75
65.38 43.66
36.18 109.68
89.55 109.75
56.38 36.75
42.77 118.18
10.14 109.87
52.61 25.05
122.16 116.88
105.5 88.73
1.37 16.36
93.81 39.1
93.2 88.65
80.79 13.03
52.53 91.75
114.32 109.58
82.5 51.69
25.23 118.68
33.37 114.78
100.42 89.75
23.52 15.19
79.93 33.67
125.07 4.53
58.72 119.22
121.42 36.21
79.95 122.79
52.58 45.75
33.89 17.78
6.4 114.69
30.81 58.94
78.44 17.13
40.51 32.93
68.83 65.74
23.61 102.2
52.52 124.04
63.94 76.04
11.23 15.86
109.72 8.29
20.4 40.43
127.52 13.81
76.65 79.46
8.6 1.22
125.22 42.49
19.01 3.62
29.18 49.82
62.56 107.62
66.95 103.08
12.54 7.77
40.82 36.16
109.98 93.34
32.19 45.91
41.38 43.42
61.78 23.09
51.72 82.18
63.53 51.23
96 12.17
2.69 104.6
13.4 127.91
19.09 32.41
3.53 48.27
82.24 66.1
27.88 21.19
41.17 40.43
28.97 81.99
76.59 10.94
47.33 108.79
56.86 88.71
24.2 118.64
111.8 75.93
72.82 47.32
127.16 40.81
59.5 1.84
17.4 72.91
1.75 36.49
105.33 5.28
84.76 59.57
71.38 112.65
80.76 112.56
25.07 109.74
66.55 101.67
120.69 113.88
82.45 49.54
74.58 106.66
40.18 58.38
54.58 113
105.71 53.74
25.8 37.21
55.59 43.2
110.12 57.34
79.7 87.45
62.63 36.45
19.01 6
21.1 99.77
118.56 46.18
81.51 57.1
19.84 74.19
42.97 102.3
123.74 117.56
80.96 35.91
47.94 7.54
20.9 25.64
61.28 46.71
62.86 116.88
89.91 44.97
46.21 41.6
4.41 108.84
78.06 23.43
114.85 99.17
123.21 105.4
17.34 76.71
34.5 37.18
22.89 77.48
11.48 18.63
67.04 92.45
54.54 114.98
99.99 75.45
12.62 33.27
122.16 75.48
22.14 84.07
120.45 68.36
125.68 124.87
49.19 75.74
20.29 36.04
46.9 15.49
13.44 64.24
92.21 47.94
101.43 115.11
125.43 112.92
5.73 64.46
77.36 60.27
51.43 49.34
7.72 64.06
82.62 1.87
11.53 104.76
85.95 3.98
45.11 83.62
0.85 94.31
31.35 21.15
2.34 78.26
36.64 15.78
14.5 0.85
63.73 115.93
115.96 61.15
100.84 121.69
125.61 50.2
53.96 49.04
99.55 61.68
113.11 54.16
63.56 124.64
30.91 21.5
0.61 76.03
105.13 1.46
42.33 8.48
22.61 44.68
86.74 59.26
60.46 101.24
60.12 124.19
89.17 48.07
57.34 62.01
41.76 54.95
112.21 95.72
104 83.75
29.4 89.1
9.9 92.96
85.73 40.82
114.47 86.35
116.85 91.6
87.82 31.18
100.08 110.44
75.86 58.82
41.7 8.32
32.06 101.82
4.51 121.24
21.88 61.85
55.24 63.64
116.8 39.45
31.36 92.79
123.21 60.76
53.89 5.11
25.72 11.61
45.93 12.19
97.97 34.78
103.79 57.78
65.97 75.87
40.22 13.82
6.68 81.92
22.15 38.74
55.74 26.66
31.97 77.62
88.51 87.22
13.26 77.31
126.67 44.63
42.1 121.88
105.4 95.99
126.99 3.11
107.61 44.92
15.31 77.57
79.7 119.1
7.35 17.66
66.96 47.57
31.49 73.65
1.48 53.64
112.39 57.22
80.31 16.36
6.84 40.81
103.59 20.11
118.13 102.26
64.75 32.22
96.13 42.14
0.21 95.11
45.26 107.82
12.02 60.57
57.38 91.73
51.67 64.73
109.4 118.64
112.3 12.88
64.28 113.79
66.53 48.67
43.01 18.83
65.04 49.86
59.65 40.62
69.98 49.77
14.87 6.72
82 111
48.87 82.21
78.11 94.14
62.02 90.14
26.7 119.4
53.86 78.38
56.13 35.25
69.01 40.43
48.14 5.28
26.21 114.68
53.96 69.23
5.5 119
119.09 65.16
31.61 61.07
114.93 46.49
67.8 68.93
29.49 116.67
23.13 107.6
82.8 85.16
69.73 109.51
76.56 123.6
59.88 4.68
30.85 0.89
45.11 79
6.18 71.33
65.67 60.14
12.55 71.18
51.13 3.64
8.33 82.75
64.71 123.26
1.23 4.5
64.18 30.72
121.17 87.32
10.32 75.97
44.47 80.06
57.47 121.03
75.65 117.36
125.71 106.51
118.26 42.82
57.5 124.44
114.15 123.17
56.58 126.7
66.34 107.72
2.33 74.67
62.46 67.05
69.93 63.7
71.55 6.11
94.42 64.72
93.43 104.75
12.68 9.9
56.8 70.16
2.93 4.44
59.52 0.64
110.95 49.78
43.46 40.45
46.21 29.61
35.61 102.8
28.3 101.96
82.51 30.64
48.62 16.97
97.7 118.56
80.67 41.24
124.67 47.09
105.97 90.1
23.83 118.66
100.01 80.63
60.81 102.94
85.08 120.34
103.58 68.03
42.11 19.03
108.48 88.33
48.65 16.09
63.12 76.95
118.05 17.63
107.6 38.67
34.6 77.3
29.23 115.27
118.54 25.89
34.36 96.51
116 58.2
87.16 88
10.83 19.96
62.94 95.91
12.3 38.51
35.94 54.41
57.55 16.41
14.74 106.2
32.51 77.86
55.15 22.56
95.5 34.75
61.23 2.09
112.05 90.47
117.37 102.59
116.37 23.73
71.09 104.36
81.93 30.24
64.36 92.76
50.21 127.3
60.67 62.52
37.8 96.61
116.93 95.36
113.03 3.67
73.55 17.53
81.54 0.7
40.1 49.03
35.45 101.34
51.13 19.5
63.8 40.49
122.09 52.16
64.22 65.18
28.51 18.15
95.43 92.88
110.91 17.63
92.17 43.57
80.15 1.97
12.18 69.08
97.34 125.21
72.76 42.88
14.74 26.29
43.59 54.84
75.32 79.04
28.17 126.45
