14.62 41.5
121.09 1.33
111.83 66.33
42.97 97.82
26.37 97.47
81.44 35.28
29.44 17.09
113.36 12.47
52.49 42.86
81.7 92.56
111.44 122.13
119.81 106.68
120.39 90.95
8.61 119.66
35.97 116.44
81.44 50.6
29.93 74.52
51.93 13.76
12.84 94.91
111.58 39.22
64.37 65.01
74.51 93.82
82.11 59.87
106.3 6.59
102.73 60
99.16 86.17
54.12 90.96
64.84 46.51
53.9 73.46
38.16 89.88
61.89 119.6
12.47 91.83
66.12 64.41
105.59 78.96
31.31 89.16
118.19 95.69
26.17 64.7
61.5 108.29
124.57 39.8
114.88 99.3
99.8 86.04
57.46 25.91
48.99 122.3
72.43 102.9
67.75 110.6
64.77 1.64
102.2 77.25
93.47 40.31
13.65 71.05
119.28 44.97
32.21 109.46
12.65 58.39
46.15 74.16
38.67 42.72
113.96 25.55
14.01 85.75
111.59 71.47
111.67 32.57
65.77 56.09
7.46 5.51
38.68 72.24
7.15 12.87
21.48 100.63
53.18 35.14
43.67 44.45
80.11 75.89
25.91 92.77
6.27 72.07
38.92 44.94
114.79 24.87
70.49 0.79
110.62 54.08
72.26 94.28
86.65 10.02
22.37 94.12
15.54 61.06
38.36 22.7
73.93 59.85
123.33 127.12
94.99 39
43.57 47.1
114.89 69.48
11.86 121.16
13.55 50.78
38.1 0.33
75.65 108.6
1.12 58.27
34.67 73.39
24.55 121.33
83.42 46.92
87.45 98.97
107.99 125.81
121.68 53.91
57.66 117.01
53.03 24.64
28 96.61
71.75 14.89
38.09 83.62
8.05 51.64
6.39 46.15
51.97 82.05
26.75 53.1
12.32 61.42
126.5 36.87
54.74 81.92
83.8 14.19
52.88 63.78
11.99 46.56
117.7 69.65
35.56 42.73
94.3 63.57
11.33 38.05
78.46 49.42
121.67 86.51
101.06 0.06
4.66 25.03
82.11 31.41
78.14 94.43
92.83 76.63
3.3 19.57
30.55 87.1
33.76 83.43
22.88 45.76
1.98 12.57
115.42 37.55
55.3 81.71
101.12 66.64
119.77 51.57
116.06 113.43
10.07 89.12
113.49 14.74
114.16 67.6
46.15 64.29
34.03 10.98
12.92 37.33
30.56 43.47
124.44 64.32
126.91 19.31
110.09 0.89
31.89 97.5
38.44 87.19
51.21 11.55
25.82 42.97
63.12 13.88
28.4 73.2
103.01 13.89
87.95 89.16
81.5 6.09
25.45 115.53
17.08 38.38
24.86 47.64
81.86 21.29
111.96 80.76
40.61 94.04
81.66 72.5
63.54 120.1
31.69 114.75
3.65 57.52
29.71 66.78
71.41 58.12
11.98 46.41
72.01 99.93
7.57 25.5
106.03 33.03
13.03 123.11
71.41 37.89
42.74 25.27
59.19 26.7
106.03 99.81
120.75 59.69
44.3 56.28
51.78 76
43.02 55.43
5.51 72.74
122.22 76.92
2.85 6.19
123.34 74.87
106.12 2.9
100.38 84.14
35.94 113.41
79.24 107.35
23.29 121.99
4.61 82.49
20.68 110.65
54.29 13.43
42.34 98.6
69.71 94.12
46.59 112.74
21.55 52.11
57.48 15.76
1.03 60.34
21.95 124.37
7.2 0.07
127.28 107.58
84.21 35.21
92.99 35.45
14.56 116.29
29.43 19.18
70.77 50.12
1.83 125.07
63.55 44.17
95.66 5.25
10.29 14.24
118 31.84
66.35 47.47
47.61 67.39
107.81 69.57
63.75 115.02
69.64 63.03
94.59 25.84
98.24 59.57
61.3 112.8
47.86 90.73
3.98 118.63
12.84 5.81
115.69 76.4
49.98 83.35
81.65 60.27
97.59 71.64
92.12 35.94
119.12 11.72
103.33 98.92
81.29 39.08
85.93 22.93
102.11 52.52
48.77 72.34
112.1 110.08
57.14 31.95
72.8 61.12
22.58 85.65
66.94 10.26
34.04 116.92
93.61 115.7
49.19 63.2
59.34 13.3
99.15 50.45
25.03 74.48
21.37 106.32
113.56 107.3
1.25 87.67
31.81 50.03
32.01 15.91
32.1 89.16
47.86 104.9
22.27 70.45
62.55 89.21
80.71 96.59
78.13 46.32
84.29 127.32
109.53 15.62
12.62 80.68
66.08 37.65
27.15 87.45
15.97 12.71
66.74 17.22
100.38 98.56
67.25 4.39
114.47 99.35
93.55 34.33
76.25 115.83
104.78 10.79
77.04 57.49
107.39 27.16
103.82 63.67
26.48 85.35
79.3 39.1
38.02 17.37
76.75 65.18
104.82 92.72
77.9 43.56
109.94 50.28
14.11 49.18
54.67 0.58
20.53 20.22
34.92 96.78
8.04 11.7
107.58 85.08
69.2 86.96
112.25 45.01
22.63 10.72
2.36 101.94
49.83 40.39
119.31 126.59
105.58 96.13
91.3 55.47
11.68 73.24
105.75 25.79
122.43 32.42
26.38 14.95
52.64 61.3
111.74 60.68
73.01 91.31
17.76 14.2
50.27 2
59.22 72.9
12.73 61.58
46.83 62.57
101.98 38.14
61.15 79.55
6.26 24.44
7.01 17.94
97.69 112.77
43.74 92.11
17.19 70.13
107.07 69.83
3.43 90.8
2.51 76.44
54.1 20.27
90.65 104.37
22.28 21.86
49.27 35.02
83.45 96.11
97.59 57.42
6.25 30.73
8.96 12.51
55.18 15.98
30.46 24.86
0.75 74.21
116.98 17.94
16.34 96.04
87.77 19.77
58.84 90.28
96.22 112.95
110.56 58.86
89.32 4.84
80.72 10.58
39.86 36.16
106.7 9.45
93.58 112.95
40.18 102.55
125.47 95.36
118.54 27.93
120.23 119.29
102.14 109.21
9.22 118.48
77.24 97
10.25 8.08
59.28 106.47
121.03 41.84
37.32 82.34
46.68 118.05
92.93 86.54
26.2 71.63
95.99 119.79
56.57 8.17
94.34 54.04
103.54 84.87
81.97 95.77
76.15 56.1
76.97 85.38
46.58 26.2
54.38 56.83
34.29 113.66
35.29 27.31
27.49 72.62
109.66 74.17
62.66 74.59
32.71 88.87
18.21 0.7
80.65 74.79
8.88 46.99
0.82 112.42
3.85 82.79
80.18 80.01
10.89 29.14
37.39 57.47
55.35 91.77
114.31 89.64
77.42 21.6
116.96 104.92
94.22 98.62
51.09 28.88
45.2 83.8
117.75 63.42
84.51 70.4
10.2 93.39
117.39 11.03
77.8 121.25
93.83 29.98
73.25 104.72
59.13 110.64
34.19 114.48
74.4 20.49
76.12 23.82
42.09 65.08
0.73 8.31
35.69 51.82
37.19 80.9
7.62 26.94
16.31 92.13
97.35 26.52
57.52 86.73
37.56 7.32
79.97 3.38
37.3 25.22
108.1 96.44
7.86 14.29
82.91 82.27
34.78 31.03
106.09 76.88
96.11 106.83
85.19 3.8
30.65 122.39
84.7 38.27
21.32 101.02
2.4 118.67
127.55 59.93
77.4 37.1
67.25 29.37
40.48 104.56
54.6 20.58
72.99 62.46
34.88 27.9
16.72 69.66
58.93 122.82
18.53 27.04
101.65 103.73
30.84 4.29
98.11 115.55
42.57 119.44
88.56 44.98
110.11 88.1
104.91 59.5
125.21 44.15
88.88 37.69
20.71 15.47
58.28 93.7
77.94 93.16
121.61 94.66
34.81 52.53
89.48 53.35
79.57 63.12
29.08 110.42
67.42 127.19
97.96 109.99
118.63 58.52
26.96 100.73
18.62 3.87
32.23 15.82
48.03 121.11
53.51 68.74
8.58 111.8
34.44 86.52
76.95 28.04
53.18 111.77
80.58 14.66
37.12 32.15
77.78 66.2
14.56 17.2
65.39 112.53
127.19 56.01
43.04 26.15
28.73 61.66
30.02 60.97
77.49 78.06
54.08 3
18.79 62.66
114.8 53.24
21.17 63.74
81.28 74.36
47.51 33.85
89.02 84.63
66 38.8
22.83 80.57
56 88.22
65.09 55.19
16.22 108.13
81.35 44.96
41.79 111.37
105.94 119.28
61.42 32.01
122.28 80.22
94.67 109.07
5.45 115.85
44.81 86.74
62.21 92.33
120.59 23.22
48.95 58.59
62.03 71.79
11.15 118.03
32 76.25
45.22 48.23
56.37 126.57
93.2 98.17
109.94 71.13
89.44 43.35
103.15 83.71
123.58 69.81
64.78 1.03
57.66 109.59
87.77 119.87
73.91 80.36
15.09 122.87
10.95 77.12
66.66 22.11
67.15 98.66
98.36 112.37
18.89 26.73
110.93 112.1
124.9 92.86
55.23 86.33
8.21 30.37
42.04 3.79
100.19 106.82
4.82 29.84
88.41 92.6
21.71 34.32
44.95 36.8
29.19 55.91
113.93 95.85
78.02 53.07
66.51 48.37
37.43 85.41
75.1 20.35
69.5 72
113.22 124.73
30.33 121.43
27.09 72.37
125.22 127.28
51.19 2.04
29.12 11.6
94.64 50.83
45.92 11.59
87.64 75.12
67.5 73.56
42.97 17.51
126.63 109.48
65.89 36.06
66.88 12.99
56.42 8.38
84.99 41.63
5.1 115.32
35.06 32.2
59.69 32.28
31.48 110.88
34.32 60.61
122.48 0.95
111.44 40.4
12.54 71.08
115.52 80.04
16.63 30.48
97.56 15.26
11.96 35.44
51.33 78.85
48.43 107.75
87.23 5.41
21.37 92.34
120.74 56.44
124.55 52.42
88.72 28.02
35.29 123.04
88.64 29.77
124 72.07
70.17 8.53
15.15 57.69
88.58 31.79
88.17 58.13
47.05 100.14
93.58 98.38
50.98 14
78.13 10.2
19.42 99.51
102.55 12.15
27.94 99.09
64.57 116.66
127.12 99.87
111.7 87.75
1.63 107.69
31.82 71.81
116.22 46.97
1.49 76.8
78.76 89.67
6.92 125.82
61.8 100.51
96.2 112.78
114.51 46.32
122.99 5.92
17.82 97.53
18.08 45.76
68.62 82.65
34.42 67.73
54.52 18.11
27.48 56.15
125.8 59.31
127.97 114.02
106.28 1.45
62.81 57.04
91.12 69.74
54.86 24.91
42.24 23.06
9.68 28.75
69.39 4.67
34.68 87.21
102.2 52.76
4.97 42.82
7.41 39.4
110.56 61.93
57.51 10.03
118.09 55.31
69.34 118.05
41.33 47.62
119.51 104.15
104.67 82.62
45.89 31.53
107.54 88.13
54.59 117.23
116.89 123.98
121.9 23.56
83.19 96.1
76.33 88.17
10.91 83.74
127.57 121.47
17.67 57.08
3.5 7.76
112.39 72.85
125.82 25.72
120.48 117.32
1.86 97.14
71.93 47.75
0.67 51.46
7.88 55.26
40.68 124.77
51.24 34.58
20.33 6.43
2.67 96.66
94.6 13.58
52.4 94.16
7.05 70.07
23.24 10.56
77.84 7.62
83.41 75.65
33.34 75.88
64.96 35.21
45.02 8.89
82.96 45.69
60.35 90.84
100.96 101.04
87.61 24.19
7.61 107.94
30.62 10.28
76.6 125.23
23.87 0.99
91.39 30.93
71.07 114.63
41.49 20.9
122.26 124.9
96.55 27.6
72.78 33.5
62.81 117.8
42.4 17.76
35.48 102.76
108.61 8.43
75.79 68.21
32.63 83.41
48.14 63.26
93.7 124.75
60.48 117.58
125.74 23.86
20.5 68.8
10.48 61.99
89.71 4.73
58.89 58.25
32.33 3.66
91.76 95.14
121.46 6.15
112.91 28.94
108.91 93.51
37.37 56.7
33.72 70
12.1 81.87
5.26 105.8
78.61 65.74
95.37 76.34
89.61 115.88
17.14 100.09
49.86 106.85
104.83 108.76
37.1 9.16
112.42 0.85
104.31 105.88
7.01 89.21
6.81 115.92
54.72 44.19
44.62 88.44
114.2 56.72
42.3 119.46
34.52 120.92
57.19 1.89
69.25 18.79
117.77 86.4
118.89 39.63
65.24 95.71
20.38 102.35
104.88 4.8
103.2 81.18
110.68 110.21
42.39 117.5
98.13 97.11
33.68 14.74
57.55 19.87
71.47 99.86
11.32 106
92.77 68.52
107.89 34.02
87.31 97.66
