4
4 2 3 1 
3 2 4 1 
4 1 2 3 
1 2 4 3 
3 4 2 1 
2 3 1 4 
3 4 1 2 
4 1 3 2 
3 4 2 1 
4 2 3 1 
2
1 2 
1 2 
1 2 
2 1 
2 1 
1 2 
2 1 
2 1 
2
2 1 
2 1 
1 2 
1 2 
2 1 
8
4 2 8 6 1 5 3 7 
2 1 7 6 4 8 5 3 
8 2 1 3 5 4 7 6 
8 7 6 3 4 1 2 5 
7 6 5 4 3 8 1 2 
5 4 8 2 7 1 6 3 
16
9 14 16 7 6 1 3 11 2 5 8 4 13 15 12 10 
15 8 2 9 11 7 12 16 14 6 3 13 10 5 1 4 
9 2 3 16 15 13 8 10 11 4 6 7 5 14 1 12 
15 7 5 12 6 16 10 1 11 9 4 2 8 3 13 14 
3 7 10 11 12 6 2 1 16 5 15 14 4 8 9 13 
10 7 3 11 1 15 6 5 14 16 2 4 12 8 9 13 
8 7 14 1 13 2 12 16 3 11 9 10 15 4 6 5 
4 11 8 3 12 7 16 10 14 13 2 1 5 9 6 15 
6 12 11 15 16 1 3 7 4 5 14 9 13 8 10 2 
13
12 8 4 10 2 5 13 11 7 6 3 9 1 
10 3 4 1 5 12 13 6 11 9 8 7 2 
4 8 5 7 1 10 6 13 2 3 11 12 9 
10 6 4 13 3 5 2 7 9 8 12 1 11 
10 3 6 7 1 8 11 12 13 5 4 2 9 
12 13 3 11 10 2 9 5 6 7 8 1 4 
13
5 2 12 10 7 4 9 11 3 6 8 13 1 
7 6 9 1 4 11 10 13 3 2 8 5 12 
10 9 2 4 8 12 1 6 7 11 13 5 3 
6 2 12 11 13 3 7 1 8 4 5 9 10 
5 3 13 2 7 1 8 11 10 9 6 12 4 
10
4 10 1 9 7 6 3 2 5 8 
8 2 3 6 1 7 5 10 9 4 
9 1 3 10 5 6 2 7 4 8 
5 1 4 7 3 2 8 10 9 6 
9 4 10 7 6 1 5 8 3 2 
8 1 6 10 4 7 3 2 5 9 
3 5 7 8 2 9 4 6 1 10 
5
5 4 3 1 2 
4 2 3 5 1 
3 4 1 5 2 
4 5 3 1 2 
1 2 4 3 5 
5
1 5 2 3 4 
2 3 4 5 1 
2 3 4 1 5 
3 5 1 4 2 
4 3 2 1 5 
4 2 3 1 5 
2 3 5 4 1 
4 2 5 3 1 
2 3 5 4 1 
4 2 5 3 1 
15
6 4 15 3 9 14 5 10 8 12 7 1 13 11 2 
2 3 7 14 11 8 15 6 13 1 4 9 12 5 10 
2 8 3 1 7 12 9 6 11 15 14 4 5 10 13 
3 7 15 5 13 11 14 12 10 6 4 8 9 2 1 
4 11 12 3 2 14 10 7 13 6 9 5 15 1 8 
12 6 9 11 15 13 7 14 8 10 4 1 2 5 3 
8 9 1 3 6 5 14 7 13 10 4 11 2 15 12 
5 3 11 4 1 12 6 14 7 10 8 2 15 9 13 
4
4 2 1 3 
3 1 4 2 
3 1 2 4 
4 1 2 3 
1 3 2 4 
3 1 2 4 
3 2 4 1 
