11
2 9 6 3 4 1 7 10 11 8 5 
5 9 6 11 1 4 8 3 2 10 7 
5 2 7 4 10 8 3 9 6 11 1 
4 8 3 2 10 5 11 1 6 9 7 
9 11 7 6 4 1 2 8 3 5 10 
10 7 2 3 6 11 1 5 8 9 4 
1 2 8 7 10 9 5 4 11 3 6 
11 3 8 5 10 2 9 4 6 1 7 
20
13 2 15 19 4 18 17 20 12 7 3 10 14 9 5 1 6 16 11 8 
9 12 18 6 1 20 16 3 2 17 13 5 15 19 14 4 10 11 8 7 
3 13 9 19 15 16 17 1 6 14 10 5 20 4 18 12 2 7 11 8 
19 1 8 17 2 13 5 16 15 20 18 10 4 3 14 9 7 12 6 11 
14 6 10 15 9 4 13 2 8 1 20 7 5 18 19 17 3 12 16 11 
10 15 7 9 4 8 12 5 6 20 2 14 19 3 18 1 13 11 16 17 
19 9 17 16 2 7 5 4 12 18 6 11 13 15 20 1 8 10 3 14 
15 13 19 3 20 10 14 8 11 16 12 18 4 2 9 6 17 1 5 7 
18
17 3 2 8 18 1 4 9 13 11 6 12 16 7 15 10 14 5 
4 16 3 10 11 1 15 12 17 18 13 8 6 5 2 7 9 14 
4 8 10 18 12 9 11 14 5 1 13 17 6 15 3 7 2 16 
17 2 4 18 14 9 8 3 6 11 13 1 7 10 15 5 16 12 
10 2 1 7 9 16 4 12 3 17 18 11 5 8 14 6 13 15 
13 11 5 4 6 12 15 9 8 2 18 17 7 16 10 1 14 3 
11
3 7 11 10 6 5 8 4 1 9 2 
8 6 2 7 11 10 3 9 5 1 4 
2 4 9 10 5 8 7 11 1 6 3 
3 4 1 6 10 5 2 9 11 7 8 
1 7 11 4 6 10 8 3 5 9 2 
5 9 11 4 6 1 8 3 10 2 7 
2 1 3 8 9 10 11 4 6 5 7 
3 8 11 6 1 4 7 2 9 10 5 
2 9 5 7 1 8 3 4 6 10 11 
15
3 8 9 5 14 13 10 7 6 1 15 11 12 2 4 
8 15 9 7 10 2 13 11 1 4 3 14 12 5 6 
13 4 7 8 11 1 3 14 6 9 2 5 12 15 10 
9 15 6 12 7 14 8 2 1 5 10 4 3 11 13 
1 8 14 12 2 9 7 4 3 15 5 6 13 11 10 
9 2 6 5 12 10 11 4 14 8 1 15 7 13 3 
12 15 8 1 6 5 3 4 11 14 2 13 10 9 7 
15 11 12 2 1 3 4 13 10 8 5 9 7 6 14 
10 14 7 2 13 5 9 3 6 1 12 8 15 11 4 
9 3 13 11 14 4 6 7 1 5 8 2 15 10 12 
17
11 17 5 2 6 16 8 13 12 14 1 15 10 3 9 4 7 
8 6 15 2 12 4 13 17 9 1 14 5 11 16 10 7 3 
13 7 6 12 5 2 15 9 17 14 8 16 10 11 1 4 3 
9 6 13 2 8 1 10 16 14 15 17 11 4 5 12 7 3 
6 16 7 10 4 11 13 17 5 9 2 1 14 15 12 3 8 
1 3 14 16 9 12 5 11 7 15 10 2 6 8 4 13 17 
14
5 9 13 14 11 7 2 4 10 3 8 6 1 12 
6 5 14 3 8 12 9 10 13 4 11 2 7 1 
11 7 9 13 8 14 12 1 2 6 4 10 5 3 
4 13 8 11 14 5 9 2 3 1 7 10 12 6 
3 7 4 6 9 10 13 14 8 1 2 11 5 12 
10
6 9 10 2 7 1 4 8 3 5 
10 4 6 9 5 2 7 8 1 3 
9 8 6 7 5 1 4 10 3 2 
4 3 8 9 6 5 7 1 2 10 
5 2 4 7 1 9 10 6 3 8 
2
1 2 
1 2 
1 2 
1 2 
1 2 
1 2 
20
16 7 20 2 6 15 13 10 4 19 3 11 12 14 1 18 9 8 5 17 
7 11 6 10 18 1 19 17 12 16 8 2 3 9 14 4 13 5 15 20 
11 15 13 3 8 9 20 2 7 1 14 18 6 19 17 10 4 12 16 5 
6 18 11 3 12 17 8 1 2 14 4 5 15 7 16 19 10 9 13 20 
13 18 10 17 5 1 3 9 2 12 14 16 15 4 6 20 11 19 8 7 
3
2 3 1 
3 2 1 
2 1 3 
1 3 2 
3 1 2 
2 1 3 
3 2 1 
7
3 2 1 4 7 5 6 
1 6 5 3 7 2 4 
1 6 3 2 7 5 4 
5 6 4 2 1 7 3 
5 4 2 3 1 6 7 
