6
4 3 2 6 5 1 
6 2 3 5 4 1 
2 3 4 6 5 1 
1 4 5 2 3 6 
5 1 6 4 2 3 
2 1 4 5 3 6 
4 6 3 5 1 2 
2 3 1 5 6 4 
6 3 1 5 4 2 
5 3 1 2 4 6 
15
12 1 3 6 9 4 13 8 7 15 10 11 2 14 5 
7 2 9 1 12 4 3 15 8 13 10 11 5 14 6 
4 3 8 7 5 1 11 2 13 12 6 10 15 9 14 
6 8 3 13 12 9 15 7 5 11 1 10 14 2 4 
11 13 14 9 1 4 5 2 10 7 3 12 15 8 6 
10 2 1 9 14 13 7 11 15 8 5 3 12 6 4 
10 2 12 13 14 9 3 6 4 8 7 5 1 15 11 
17
8 2 17 11 7 4 15 14 9 1 6 12 3 5 13 16 10 
16 5 10 3 15 4 6 2 14 11 8 12 13 7 17 1 9 
17 16 9 4 3 6 8 2 13 7 5 11 12 14 10 1 15 
1 16 9 5 13 6 3 8 14 15 12 10 2 11 17 4 7 
4 11 13 7 5 9 2 17 1 15 10 12 6 8 16 14 3 
6 12 8 5 1 3 10 15 4 2 7 11 14 9 16 13 17 
6 11 14 1 5 15 3 9 8 4 12 2 17 10 7 13 16 
4 6 15 1 11 12 2 10 3 7 17 8 9 5 16 13 14 
4 13 7 10 12 1 15 2 17 14 9 6 3 5 16 8 11 
6
1 6 5 2 4 3 
6 4 5 2 1 3 
5 3 4 2 6 1 
2 5 4 3 1 6 
3 6 5 4 2 1 
3 4 5 2 6 1 
4 3 1 5 6 2 
6 1 2 4 5 3 
3 6 1 2 5 4 
5 3 2 4 1 6 
19
6 18 15 13 4 1 3 17 11 14 2 5 19 10 12 8 7 16 9 
15 3 10 16 13 12 5 9 2 17 14 7 1 19 11 4 8 6 18 
2 5 18 3 11 12 4 13 17 6 9 15 16 8 1 19 7 14 10 
1 19 9 5 3 6 13 16 17 15 18 11 4 2 12 10 7 14 8 
3 5 17 4 8 18 19 2 6 11 9 12 7 15 16 10 14 1 13 
10 14 19 4 3 18 5 11 1 6 13 12 2 16 7 17 8 9 15 
20
14 10 11 12 16 2 1 4 3 15 8 20 19 18 6 9 17 13 7 5 
13 2 5 16 15 4 20 8 11 7 19 3 17 12 10 6 18 14 9 1 
16 13 20 5 7 19 6 17 14 15 1 9 2 4 3 10 12 11 18 8 
1 16 13 18 4 14 5 3 20 10 12 7 6 15 9 19 11 2 17 8 
13 15 16 19 5 14 10 18 8 7 2 20 4 3 6 17 12 11 9 1 
20 7 11 3 6 2 15 16 1 17 4 19 14 10 18 9 5 12 8 13 
14
3 10 7 13 11 9 1 4 6 5 14 12 2 8 
9 3 2 13 12 14 5 6 8 1 7 4 11 10 
3 12 2 6 11 4 9 5 1 14 10 13 8 7 
3 11 1 5 8 4 14 2 9 13 10 6 12 7 
6 13 11 7 10 1 5 4 2 3 12 14 9 8 
10 2 8 12 6 3 9 11 7 14 5 1 13 4 
14 4 8 9 2 5 12 10 13 3 11 6 7 1 
4
1 3 2 4 
4 1 3 2 
4 1 3 2 
1 4 2 3 
2 4 3 1 
1 2 4 3 
19
1 9 18 2 11 17 15 19 5 14 7 12 8 6 4 3 16 10 13 
15 2 17 3 9 6 4 16 13 1 7 5 11 18 19 14 10 8 12 
2 9 8 15 4 5 3 12 6 18 10 13 14 11 1 19 7 16 17 
18 6 17 9 12 3 19 11 1 10 4 14 16 7 15 2 13 8 5 
3 1 10 16 8 13 6 2 14 5 17 11 9 7 12 19 15 18 4 
13 3 8 7 17 1 2 4 19 9 12 11 10 16 18 14 15 6 5 
6 13 17 10 9 2 14 7 12 3 15 5 11 18 4 1 16 8 19 
20
15 11 10 14 3 7 6 16 2 1 13 9 12 17 18 20 19 5 8 4 
11 16 18 10 7 8 13 15 4 19 6 14 1 20 2 17 5 3 9 12 
4 5 6 2 20 19 8 12 1 17 15 3 14 9 18 10 11 13 16 7 
4 3 2 8 5 1 18 13 7 14 17 11 20 16 15 10 19 6 12 9 
14 9 7 8 20 4 18 16 17 3 15 12 6 2 5 1 10 13 19 11 
20 10 19 6 4 11 13 7 12 17 1 18 8 9 14 5 16 3 2 15 
1 18 4 14 9 2 3 17 11 16 10 6 15 13 5 20 12 19 7 8 
7 4 1 19 16 2 14 8 6 18 12 5 10 15 9 13 3 11 20 17 
14 1 7 6 13 16 5 9 4 10 11 12 19 2 15 20 17 8 3 18 
16 19 3 7 13 2 11 5 20 10 8 17 1 14 6 12 4 15 9 18 
19
9 14 8 5 3 1 15 10 6 17 13 16 18 4 2 11 7 12 19 
7 8 6 3 15 18 19 14 5 16 12 2 11 1 10 17 9 4 13 
18 5 14 16 1 17 6 12 8 4 10 11 19 9 3 7 15 2 13 
9 6 18 4 3 5 12 17 13 16 10 2 8 15 11 7 14 19 1 
6 11 15 14 1 3 13 9 17 8 4 10 2 16 5 19 7 12 18 
1 17 11 15 7 10 3 16 14 13 8 4 2 6 12 19 18 5 9 
17 5 16 3 1 15 19 18 11 2 9 12 6 13 8 14 4 7 10 
5
4 2 5 1 3 
1 4 2 5 3 
1 3 2 4 5 
3 1 4 2 5 
1 2 4 3 5 
3 5 2 4 1 
