2
1 2 
1 2 
1 2 
1 2 
2 1 
2 1 
16
13 6 9 3 12 5 1 4 15 11 7 10 8 2 14 16 
11 6 1 3 15 14 16 13 5 12 10 8 7 4 2 9 
3 16 8 2 1 13 10 14 6 11 4 5 7 9 15 12 
9 14 11 2 16 5 7 4 1 15 10 8 6 12 3 13 
15 11 8 12 5 10 2 7 3 1 14 4 9 16 6 13 
17
10 4 8 7 3 6 14 9 5 13 16 15 11 2 1 17 12 
6 7 3 4 11 2 12 5 8 15 14 9 10 1 16 13 17 
13 10 15 5 9 12 3 1 2 4 17 11 6 8 16 7 14 
6 17 9 7 5 3 2 4 10 1 12 8 15 11 16 14 13 
7 10 16 1 3 9 5 6 2 14 8 11 17 13 4 12 15 
5 11 12 7 16 15 2 9 3 1 4 13 6 14 10 8 17 
18
8 13 6 11 9 16 15 12 1 4 5 14 18 3 7 2 17 10 
10 6 4 15 11 1 14 12 5 8 7 16 9 18 2 3 13 17 
12 10 11 5 17 7 2 18 6 15 8 3 13 4 16 14 1 9 
12 17 9 18 15 6 3 13 10 8 2 14 16 4 5 11 7 1 
14 5 15 13 17 11 18 1 8 4 2 12 3 7 9 10 6 16 
14 18 5 16 2 3 4 10 12 11 13 1 17 9 6 15 8 7 
10 13 14 4 18 2 17 3 1 5 6 16 7 15 8 9 12 11 
14 3 6 7 17 11 1 15 12 13 4 8 10 18 5 9 2 16 
1 14 3 16 15 7 13 4 11 17 6 8 12 18 5 10 9 2 
8 3 17 10 1 2 13 15 4 5 11 14 7 18 9 16 12 6 
10
6 1 8 9 10 2 5 3 7 4 
9 5 2 8 3 4 7 6 10 1 
5 9 2 8 10 7 6 3 1 4 
6 7 2 5 4 9 8 10 3 1 
1 8 7 3 6 10 5 2 9 4 
3 5 9 10 6 7 1 8 4 2 
14
13 9 12 6 7 14 5 1 4 11 8 2 10 3 
8 11 1 7 14 10 4 6 3 2 12 13 9 5 
6 12 4 14 1 9 2 8 3 13 11 5 7 10 
9 11 12 13 7 3 10 1 6 5 8 2 4 14 
6 12 14 13 1 7 2 9 11 4 8 3 5 10 
4 9 12 2 10 5 8 7 3 1 14 11 6 13 
12 5 2 1 13 14 3 10 7 9 6 8 11 4 
14 9 11 6 13 4 7 10 2 5 8 1 12 3 
14 5 10 9 1 12 6 13 3 7 2 11 4 8 
4 11 9 13 3 1 6 8 5 14 10 12 2 7 
