17
4 12 1 8 6 17 10 7 15 14 9 13 16 5 3 2 11 
6 11 4 2 8 16 14 5 10 1 7 3 9 17 13 12 15 
6 12 11 10 17 13 1 3 5 16 9 8 7 2 4 14 15 
13 17 16 11 14 9 3 8 2 4 7 15 1 12 5 10 6 
10 7 13 6 12 5 3 16 14 1 4 2 15 17 8 9 11 
18
5 9 7 2 10 1 18 4 14 3 15 11 6 8 17 13 16 12 
5 15 18 12 9 13 4 2 1 6 14 17 7 3 11 8 16 10 
9 7 15 14 1 12 18 13 3 17 6 4 16 11 2 5 10 8 
15 9 6 3 14 2 17 4 5 7 8 13 16 10 1 11 12 18 
16 6 15 18 10 2 7 11 12 1 14 17 4 3 9 5 8 13 
4 9 14 2 1 18 8 3 5 16 13 10 12 11 7 6 15 17 
17 9 18 10 2 14 8 15 7 11 16 4 12 13 1 6 5 3 
2 1 18 9 5 10 7 16 12 13 4 15 6 14 17 3 11 8 
4 16 18 7 14 6 10 8 17 1 9 15 13 3 5 11 12 2 
7
1 6 5 2 4 7 3 
2 3 1 4 7 6 5 
2 1 4 6 7 5 3 
2 6 5 3 7 1 4 
1 3 5 6 4 7 2 
6 5 1 3 7 2 4 
7 1 2 6 4 3 5 
5 4 1 7 2 3 6 
8
7 8 1 5 6 4 3 2 
4 1 2 3 6 7 5 8 
7 8 4 1 2 3 6 5 
1 3 2 4 6 8 7 5 
5 2 4 7 3 6 1 8 
8 4 1 5 3 6 7 2 
4 3 2 1 5 8 7 6 
5 4 2 6 3 1 7 8 
18
14 6 17 9 10 7 8 2 4 1 12 15 13 18 5 11 3 16 
15 6 4 8 7 18 3 11 9 12 13 14 1 5 17 10 2 16 
14 17 4 7 3 10 18 15 2 9 12 11 6 1 16 13 5 8 
16 12 2 1 18 17 11 7 8 10 14 13 4 9 6 15 3 5 
16 17 1 3 8 6 10 12 14 15 9 11 5 2 4 7 13 18 
17 7 12 8 3 4 2 5 13 6 14 9 16 11 15 1 10 18 
9 13 10 3 11 4 7 17 6 14 1 2 15 5 8 16 18 12 
16 4 9 12 15 18 5 11 2 6 17 8 1 3 10 14 7 13 
4 6 7 15 13 3 14 8 12 17 1 16 10 18 2 9 11 5 
9
2 8 3 9 6 7 1 5 4 
9 5 3 1 2 8 4 7 6 
5 1 7 9 6 2 3 8 4 
9 3 4 6 7 2 8 5 1 
4 2 3 6 9 1 5 8 7 
5 3 4 8 9 1 7 6 2 
6 4 7 1 9 5 3 2 8 
7 2 5 6 9 4 3 1 8 
1 7 8 2 4 5 9 3 6 
5 8 3 1 7 2 9 4 6 
