11
7 9 8 10 1 11 5 2 3 6 4 
2 7 9 10 3 8 6 11 4 1 5 
5 11 4 3 1 2 6 10 7 9 8 
3 5 7 6 10 8 4 2 9 11 1 
10 2 9 8 1 7 11 3 6 5 4 
8 6 1 9 5 4 3 10 2 11 7 
8 1 10 7 5 11 9 2 6 4 3 
2 1 4 6 5 8 11 10 9 7 3 
2 5 4 6 7 11 3 8 9 10 1 
1 2 4 9 7 10 11 8 6 3 5 
9
5 7 1 8 6 4 3 2 9 
1 7 9 2 5 3 8 4 6 
6 9 2 5 4 3 8 7 1 
3 6 9 4 8 2 1 7 5 
7 3 4 8 2 1 9 5 6 
7 9 5 8 3 6 1 2 4 
17
6 8 15 1 5 13 14 9 17 10 7 12 3 16 4 2 11 
11 12 4 2 10 8 5 15 7 9 16 3 13 6 1 17 14 
6 13 15 14 1 16 10 8 3 9 12 7 17 11 5 2 4 
16 9 1 11 14 8 15 13 5 10 3 4 17 6 2 12 7 
2 7 15 11 8 17 16 14 13 12 1 9 10 6 5 4 3 
14 12 11 16 17 15 3 6 5 4 7 2 9 10 8 13 1 
11 10 13 15 3 4 1 8 16 7 12 9 14 17 5 6 2 
6 16 1 14 11 17 3 12 2 5 10 13 7 8 4 9 15 
19
12 3 13 1 9 6 10 14 4 15 16 2 17 5 8 7 19 11 18 
2 13 17 16 5 3 18 7 8 11 15 19 10 1 12 4 14 6 9 
7 8 2 1 14 15 13 3 18 17 5 6 4 9 12 10 11 16 19 
4 17 9 15 12 8 6 3 7 13 10 1 5 16 14 11 19 18 2 
1 6 15 11 16 3 14 4 7 8 12 10 9 17 13 18 19 2 5 
1 16 6 18 5 4 2 17 8 10 3 9 7 19 12 15 13 14 11 
8 14 13 17 9 18 1 12 4 2 16 19 3 7 11 5 15 10 6 
4 13 19 8 5 9 10 14 2 11 12 1 3 16 7 15 17 18 6 
12 11 9 2 18 19 14 5 15 8 7 3 1 6 13 10 16 17 4 
12
4 11 5 7 6 2 9 12 10 8 1 3 
7 5 10 8 1 11 9 6 2 12 3 4 
6 4 1 5 9 12 7 11 3 8 2 10 
3 10 4 7 9 11 2 1 12 8 6 5 
1 7 11 8 6 10 12 9 5 3 2 4 
6 7 5 10 2 3 4 12 8 1 11 9 
