16
1 5 3 6 12 7 11 16 8 2 15 10 9 13 4 14 
10 12 16 3 8 1 7 15 13 6 2 14 5 9 4 11 
9 12 10 14 6 1 15 7 13 4 8 16 5 11 3 2 
11 5 13 4 2 3 9 15 10 1 7 8 14 12 16 6 
9 4 8 14 5 3 15 11 7 2 6 16 12 13 10 1 
17
5 8 13 16 15 6 4 10 14 12 11 1 17 3 7 2 9 
8 11 1 9 15 12 3 17 4 16 2 7 5 13 6 14 10 
11 3 9 7 16 5 1 12 15 2 4 6 8 17 13 10 14 
11 7 10 16 15 8 13 14 3 1 4 17 6 2 12 5 9 
16 1 15 14 8 2 17 3 7 10 13 9 6 12 11 5 4 
17 10 11 6 9 15 8 16 14 12 5 4 1 7 2 13 3 
7 12 11 3 8 9 5 10 13 17 6 14 2 4 15 16 1 
7 6 1 9 12 17 3 11 10 4 13 14 15 5 8 2 16 
15 2 4 8 16 1 11 9 6 17 3 7 5 10 14 13 12 
4
1 4 3 2 
3 2 4 1 
3 2 1 4 
3 4 1 2 
4 2 1 3 
2 4 1 3 
1 2 3 4 
2 4 1 3 
11
11 8 2 5 9 6 4 10 3 1 7 
11 2 1 4 6 9 10 8 3 5 7 
10 5 3 1 4 6 2 7 9 11 8 
5 11 8 2 4 1 10 3 6 9 7 
2 10 11 8 4 6 5 1 3 7 9 
3 9 11 10 6 4 1 8 7 2 5 
6
2 1 4 3 5 6 
5 1 2 4 3 6 
3 4 2 1 6 5 
4 3 2 5 6 1 
3 1 2 5 4 6 
6 1 2 4 3 5 
4 1 6 5 2 3 
1 4 6 3 2 5 
2 5 1 4 6 3 
10
8 9 1 3 7 6 2 5 4 10 
8 7 5 3 1 2 6 4 10 9 
10 3 1 9 8 2 5 6 4 7 
7 1 10 6 9 4 2 3 8 5 
1 9 3 2 5 10 4 8 7 6 
6 8 7 2 1 4 5 3 10 9 
2 10 5 7 4 8 3 1 6 9 
9
6 5 3 7 8 9 4 2 1 
4 7 9 5 1 8 3 2 6 
5 2 6 7 3 9 4 1 8 
8 4 3 7 2 5 9 6 1 
4 8 7 2 6 3 9 5 1 
1 2 9 7 6 4 3 8 5 
6 9 4 8 5 2 3 7 1 
7 2 4 6 5 9 1 8 3 
9 6 8 7 2 5 1 4 3 
8 5 1 6 9 4 3 2 7 
13
10 11 4 12 9 2 5 7 1 3 8 6 13 
6 4 13 11 7 5 3 8 12 10 9 2 1 
12 1 10 7 8 11 3 9 2 5 13 4 6 
6 11 13 5 4 10 7 1 8 3 2 12 9 
4 6 9 10 11 7 12 2 5 8 3 1 13 
7 5 2 13 1 6 11 12 10 3 9 4 8 
11 3 8 7 6 12 1 9 13 10 2 5 4 
9
5 8 7 6 2 1 4 3 9 
5 1 7 6 8 2 9 4 3 
2 8 4 6 7 1 3 9 5 
1 9 7 4 5 3 8 6 2 
4 1 6 9 3 8 7 2 5 
7 8 6 9 3 2 4 5 1 
2 6 7 1 5 9 4 3 8 
4 8 1 7 5 2 6 9 3 
5 6 9 1 3 4 8 2 7 
18
14 18 10 15 2 6 4 16 11 12 1 9 3 5 8 7 13 17 
9 8 3 12 16 11 15 6 7 5 4 14 17 13 1 10 2 18 
9 12 5 7 4 11 13 2 1 14 17 16 8 10 6 15 3 18 
17 2 10 18 1 12 16 3 15 8 9 14 7 6 11 4 13 5 
4 6 17 11 10 15 3 7 5 13 12 18 14 2 16 9 8 1 
10 2 3 8 18 9 1 4 12 7 11 15 14 6 16 17 5 13 
10
8 5 6 4 9 10 3 7 1 2 
8 3 9 1 4 6 10 5 2 7 
8 3 9 10 1 6 4 2 5 7 
5 7 3 1 10 4 6 9 2 8 
10 2 9 3 6 7 8 1 4 5 
5
1 2 5 3 4 
1 3 5 2 4 
5 4 2 1 3 
5 4 3 1 2 
5 3 2 1 4 
5 1 4 3 2 
3 2 5 1 4 
6
6 1 2 5 4 3 
1 3 6 2 5 4 
2 5 3 4 6 1 
5 4 1 3 6 2 
2 5 4 1 6 3 
6
2 5 3 6 1 4 
2 6 4 1 3 5 
3 2 6 1 4 5 
5 3 4 6 2 1 
2 5 1 3 4 6 
2 3 6 1 4 5 
4 1 6 5 2 3 
11
11 3 1 8 5 2 4 6 9 7 10 
8 9 3 5 11 10 4 1 6 2 7 
2 3 7 8 6 5 11 9 1 10 4 
1 8 10 6 5 11 7 4 9 3 2 
1 3 8 10 11 7 6 4 2 9 5 
11 10 1 3 5 6 4 7 8 2 9 
8 4 3 1 5 2 9 7 6 11 10 
2 3 10 1 11 8 6 5 4 7 9 
10 1 3 8 2 9 11 4 5 6 7 
7 3 4 10 2 11 5 9 8 1 6 
18
11 9 12 7 15 14 4 1 10 18 13 8 16 5 17 6 2 3 
15 18 9 10 14 5 12 4 7 17 3 16 2 1 8 11 6 13 
2 12 16 6 5 8 9 15 11 7 3 4 13 1 17 14 10 18 
18 12 8 11 1 10 6 2 5 9 14 7 15 4 17 16 3 13 
17 18 12 2 3 8 4 13 10 9 15 16 7 1 14 5 6 11 
11 7 6 17 5 18 12 13 1 16 10 4 2 15 3 14 9 8 
18 6 13 1 14 16 9 12 15 11 3 7 2 8 10 4 17 5 
14 7 2 15 10 11 17 18 6 12 3 16 1 5 13 8 9 4 
3 14 15 10 1 12 18 9 11 4 16 6 8 5 7 2 17 13 
9
9 7 2 6 3 1 8 4 5 
1 8 9 4 2 7 5 3 6 
6 5 8 2 7 3 9 1 4 
3 8 1 9 5 4 6 7 2 
4 2 6 7 5 9 8 3 1 
8 1 7 9 5 4 3 2 6 
8 1 5 3 7 9 2 6 4 
18
17 13 15 11 8 6 5 1 18 2 9 14 12 16 7 4 3 10 
10 7 13 6 5 16 17 8 4 9 14 11 1 12 2 15 18 3 
1 14 6 3 4 18 10 11 7 2 12 15 17 9 16 5 8 13 
5 14 4 2 10 1 11 9 6 3 15 17 18 8 12 7 16 13 
12 4 17 3 13 6 11 16 8 18 5 10 1 14 7 2 9 15 
9 8 6 5 2 16 7 10 1 12 17 11 18 14 4 15 3 13 
10 5 15 9 14 3 18 7 4 12 16 11 2 17 1 8 6 13 
18 12 7 17 2 1 11 14 15 5 13 16 10 8 3 6 4 9 
4 15 11 3 10 9 7 12 13 18 2 14 17 6 1 16 5 8 
16 12 11 15 5 4 8 3 9 17 18 2 10 6 1 14 13 7 
