6 4
0000
1110
1000
0000
0111
0100

5 10
0000011000
1101011010
0000000010
1111111110
1111000000

10 10
0111011011
1010011011
1000100011
1000101100
0011010000
1101110101
0110111101
1010100100
1111001011
0001010100

6 97
0111111111111111111111111111111111111111111111111111111111111111111111111111111111111111111111111
1111111111111111111111111111111111111111111111111111111111111111111111111111111111111111111111111
0000010000000100000001000000010000000100000001000000010000000100000001000000010000000100000001000
0001010100010101000101010001010100010101000101010001010100010101000101010001010100010101000101010
0111010101110101011101010111010101110101011101010111010101110101011101010111010101110101011101010
0000000100000001000000010000000100000001000000010000000100000001000000010000000100000001000000010

4 4
0111
1111
1111
1110

6 4
0100
1110
1000
0000
0111
0000