32.24 123.01
44.74 6.01
119.97 49.37
17.57 118.46
47.44 100.19
80.18 103
3.47 44.46
75.73 124
0.34 6.49
99.62 125.38
1.63 77.97
108.76 29.26
105.31 41.5
115.8 99.97
19.98 67.91
30.23 52.23
62.92 74.97
58.24 54.89
124.34 75.81
45.34 43.78
48 125.53
18.77 51.47
41.99 94.51
47.47 42.33
101 19.08
39.7 102.63
97.05 20.45
3.89 74.36
61.96 119.69
46.33 81.95
59.6 76.57
6.17 122.52
23.53 64.41
49.4 19.87
12.22 94.75
63.66 60.22
92.27 82.43
111.69 6.25
48.93 31.16
48.59 21.93
50.25 88.29
124.57 19.3
108.75 0.45
93.67 42.71
120.14 11.99
124.66 51.73
88.57 2.82
46.25 112.1
67.23 95.65
3.97 79.45
62.4 67.63
11.67 26.66
22.06 123.37
32.92 70.99
26.52 81.51
92.93 76.77
41.8 89.49
96.08 22.55
89.94 61.74
65.26 82.08
73.74 61.91
5.81 34.3
64.73 52.06
18.39 3.96
19.71 22.37
83.42 82.11
90 95.09
108.78 112.06
90.46 13.69
55.05 116.99
95.21 19.98
65.76 9.01
109.47 33.83
31.56 71.41
95.57 96.83
25.49 41.3
30.73 31.3
75.6 95.47
83.36 94
99.44 103.08
116.38 54.85
57.18 78.37
21.94 37.96
62.43 112.41
51.66 117.49
101.39 18.86
9.46 39.14
27.87 118.94
72.97 59.44
62.34 40.54
28.26 87.84
81.84 59
119.14 29.44
26.47 74.5
123.45 125.91
49.57 111.82
52.76 106.75
62.19 74.71
16.71 124.63
59.11 68.37
114.11 32.49
87.23 123.57
71.64 115.11
114.51 16.6
46.55 48.84
57.15 74.82
8.67 10.99
5.82 127.82
40.43 32.29
74.31 35.88
30.19 123.88
19.69 82.96
102.63 81.89
29.66 119.34
78.51 88.77
59.7 64.61
121.27 18.93
60.18 64.9
6.04 46.68
81.51 52.6
95.53 10.65
127.43 104.21
21.65 5.24
104.02 62.08
37.53 50.33
97.97 67.73
46.2 117.67
22.68 20.83
71.55 52.35
12.17 22.05
13.12 71.88
86.67 6.38
90.82 18.85
71.28 96.87
65.54 24.79
21.46 33.06
35.45 20.88
9.27 57.1
26.13 113.3
119.19 63.66
35.62 89.15
3.39 81.83
78.81 26.08
102.66 22.36
78.43 114.83
44.42 91.55
58.7 3.09
97.94 21.52
21.94 41.21
118.39 87.48
66.01 11.84
120.55 101.46
32.73 1.81
30.55 58.86
115.11 21.73
122.53 22.73
110.89 125.92
104.56 61.69
23.99 79.21
84.06 102.43
66.04 0.47
65.98 124.75
3.56 35.91
18.26 25.51
77.13 8.64
112.99 15.13
20.49 105.54
116.59 53.23
107.36 19.14
112.09 94.46
40.88 106.61
117.2 23.76
104.53 93.75
85.46 0.52
44.96 41.51
102.95 111.01
41.99 40.93
107.75 45.55
76.84 126.02
71.06 25.96
6.66 56.05
41.09 27.16
33.58 29.68
80.39 12.93
48.83 64.47
107.4 89.71
43.08 96.59
113.48 19.6
62.34 70.94
20.12 107.3
112.46 123.08
90.3 26.44
36 70.05
71.99 112.84
68.07 15.05
10.8 74.73
71.11 51.89
101.89 104.69
81.58 54.27
117.63 2.41
118.75 97.03
92.12 33.82
65.61 77.6
53.43 127.96
20.53 73.55
107.25 4.98
68.63 69.55
31.43 104.63
11.6 103.43
89.47 79.68
118.48 100.27
26.41 61.58
24.16 0.29
38.27 105.74
54.57 27.9
108.16 45.32
124.93 72.28
79.14 62.53
21.87 4.56
62.48 42.41
78.12 41.73
47.4 18.74
111.29 78.83
123.38 122.9
54.25 84.84
74.57 44.73
57.11 100.98
106.32 81.27
101.28 16.58
59.01 27.85
44.48 39.16
73.17 41.4
111.44 24.31
103.94 5.31
28.88 38.42
47.72 107.01
80.16 95.12
125.75 63.44
45.95 121.13
58.33 100.2
77.97 4.89
16.93 7.07
105.88 123.25
88.35 79.15
11.82 19.35
107 56.31
58.52 52.17
97.71 41.95
76.48 73.65
47.27 105.37
112.07 94.99
84.37 64.22
62.11 82.11
127.67 108.07
75.24 58
80.26 25.2
62.9 97.19
32.28 40.77
92.43 120.63
119.93 104.26
11.97 98.92
32.56 70.5
23.09 2.27
112.46 99.57
75.93 31.72
76.94 60
126.72 33.3
124.23 60.82
115.42 123.89
40.88 62.65
53.88 121.15
87.85 116.79
90.34 120.14
29.55 54.77
112.76 21.47
31.03 124.74
120.4 63.6
67.23 15.48
65.88 51.68
115.06 13.8
83.4 63.99
73.8 82.11
97.29 70.03
14.93 84.7
65.91 55.82
19.35 119.8
48.97 107.21
108.58 11.3
99.34 10.13
66.08 84.09
31.6 97.11
80.82 24
32.71 20.04
39.49 98.59
71.73 26.54
112.39 27.12
90.54 58.19
109.24 59.82
0.21 124.17
16.52 66.13
51.99 35.88
57.93 100.96
15.08 38.51
112.27 114.42
48.64 50.35
70.5 80.25
19.45 23.32
104.25 52.17
43.37 15.73
22.75 115.1
42.28 7.13
14.21 4.81
65.33 123.45
64.64 65.54
119.62 81.17
3.67 43.61
117.05 61.6
16.56 4.12
100.11 0.82
118.55 20.74
51.18 61.04
101 70.63
84.37 77.25
122.81 127.74
92.99 17.55
114.83 7.26
24.69 1.04
12.08 90.02
124.49 76.72
27.56 116.11
29.89 31.23
31.71 18.93
92.84 48.28
23.06 64.94
49.11 13.6
85.69 100.29
74.65 58.69
42.92 31.01
7.93 37.72
30.75 100.92
55.27 17.57
108.18 79.96
18.61 120.26
41.98 15.1
68.98 69.55
3.21 98.87
100.79 34.93
117.81 65.62
83.21 12.86
2.56 4.31
26.47 88.26
104.61 101.12
18.94 19.52
4.13 26.87
57.25 34.88
127.79 112.52
52.45 107.97
64.48 71.06
100.23 106.47
86.17 41.21
48.01 89.38
12.07 20.79
124.31 1.88
86.42 79.51
14.75 88.98
83.83 41.22
49.23 60.43
14.33 68.17
79.96 18.46
95.05 9.2
53.34 94.84
121.73 105.79
74.8 58.21
48.85 47.03
36.67 7.01
88.24 84.68
96.4 100.32
105.48 92.7
102.2 63.89
44.21 116.95
24.86 0.03
30.16 74.1
60.47 44.5
14.27 12.42
62.96 109.33
21.63 116.31
76.16 15.35
94.1 22.96
73.57 14.95
69.99 110.24
21.96 30.22
66.92 118.37
2.53 44.39
83.06 104.74
108.29 127.27
93.68 5.15
127.31 123.85
79.25 59.77
40.35 93.53
72.2 103.31
74.85 93.84
91.62 23
109.2 57.71
45.96 54.76
72.66 115.95
36.99 94.63
18.17 103.91
84.99 20.71
20.3 40.05
125.45 0.58
39.31 91.13
5.73 38.61
86.97 84.99
98.39 127.32
50.51 42.59
102.63 125.36
8.42 66.24
20.36 117.63
123.96 66.33
44.38 68.61
54.28 81.38
35.24 72.45
57.29 120.24
93.16 77.59
32.28 90.61
78.17 71.59
53.73 83.91
110.21 12.7
40.89 80.6
12.02 91.41
123.2 114.65
88.77 3.62
52.89 109.13
121.25 48.85
47.46 37.62
117.47 101.74
119.01 24.7
46.19 48.29
16.93 11.35
125.88 49.21
101.96 76.05
120.81 27.69
31.95 103.02
40.39 72.85
55.62 52.41
36.25 50.81
39.06 125.03
54.43 91.95
106.15 47.68
12.79 25.61
85.31 2.25
127.36 76.31
26.96 45.55
124.6 43.9
56.9 122.47
93.11 30.86
70.52 85.92
58.55 102.48
60.94 98.95
47.32 116.56
23.35 83.58
