116.62 97.67
51.74 115.17
80.3 101.2
13.44 10.97
117.46 94.83
19.66 33.05
55.58 115.61
70.83 122.24
115.46 62.59
82 68.5
53.33 122.03
107.14 86.81
80.38 2.6
11.25 99.48
18.88 83.47
109.99 7.5
53.14 33.72
122.68 5.43
6.92 8.11
16.41 124.38
102.94 36.07
29.42 30.52
23.67 100.26
24.76 11.13
34.85 106.77
79.64 88.18
100.79 58.77
46.99 53.16
61.38 58.24
24.64 80.26
13.71 6.62
87.76 66.85
40.35 82.43
72.29 47.28
90.55 88.7
43.65 65.49
124.77 73.08
96.01 20.44
45.34 120.77
31.58 80.19
99.53 111.22
40.37 72.32
41.99 87.36
125.48 103.37
17.6 22.11
55.63 31.31
28.74 15.39
98.17 69.1
97.83 42.45
116.38 60.37
3.14 32.03
125.86 127.92
105.12 93.87
20.36 22.45
86.64 51.94
102.65 58.17
35.16 15.01
2.48 77.16
102.38 127.97
52.53 119.99
22.08 108.16
23.3 50.83
123.56 121.47
119.93 93.38
35.92 108.31
25.75 39.07
12.33 23.61
38.99 117.46
117.48 59.35
11.91 76.12
111.3 114.56
6.28 18.45
1.57 8.77
95.61 103.96
8.73 20.13
95.94 30.82
0.29 119.25
81.65 123.86
112.72 73.58
89.23 20.63
53.88 114.99
59.7 66.22
10.59 98.69
55.67 0.06
30.04 67.58
76.18 13.33
54.14 82.47
31.79 55.72
91.24 127.41
31.67 99.98
19.54 127.62
