3.81 120.06
63.36 36.24
122.93 39.42
8.66 102.56
101.17 123.01
69.49 96.7
96.95 54.85
28.54 95.89
110.71 49.12
87.54 101.61
48.35 47.5
43.16 71.13
78.54 4.82
16.54 66.94
35.1 34.59
65.8 38.91
26.64 1.16
75.16 21.57
40.58 83.82
124.13 13.74
78.83 65.62
110.45 47.78
120.48 10.98
15.66 103.18
60.11 103.2
76.78 108.46
22.7 119.95
51.59 101.25
124.77 68.14
40.19 31.86
102.73 105.99
70.77 1.37
107.15 17.93
22.95 19.72
101.75 19.08
33.47 52.57
84.7 15.91
100.35 77.17
26.9 116.02
52.34 87.02
91.22 1.12
67.48 113.93
121.07 119.07
87.17 117.84
59.2 127.36
21.69 33.93
105.35 92.47
35.3 84.5
110.4 58.25
104.23 84.14
77.33 9.69
8.71 34.03
25.6 109.07
111.2 52.51
97.09 35.54
11.52 60.3
36.67 79
46.22 29.74
70.07 5.39
19.57 1.26
4.74 41.26
35.19 110.1
5.73 70.5
66.59 116.13
0.74 42.81
72.27 78.08
52.51 80.99
112.11 78.12
62.05 95.31
2.62 31.14
2.84 14.15
91.44 39.52
93.15 9.66
69.26 35.21
15.06 88.84
36.48 19.81
2.1 71.68
1.9 7.83
14.17 68.49
123.97 14.91
111.31 68.23
93 35.81
21.22 77.1
113.93 83.27
44.4 116.56
114.42 47.25
2.7 77.86
86.77 95.85
87.52 28.03
3.06 102.59
116.87 39.54
122.4 118.97
111.23 124.3
126.8 125.4
64.79 122.76
12.31 48.09
62.99 105.31
83.91 84.21
54.41 69.84
39.48 98.81
58.39 25.89
18.06 61.09
103.75 104.84
28.94 63.27
4.86 32.01
37.86 121.74
71.56 32.25
112.71 54.78
28.55 111.51
52.17 93.34
106.27 64.49
13.43 41.25
41.79 97.34
125.47 96.2
39.18 36.95
67.01 97.57
62.85 85.08
30.66 38.6
61.91 59.61
101.88 66.78
91.62 11.73
60.52 35.18
43.98 45.22
89.96 72.53
28.72 14.13
37.87 6.98
78.62 51.3
48.24 120.42
20.64 45.7
88.61 59.82
82.66 27.62
29.39 17.5
112.7 60.06
56.11 46.61
119.67 29.98
113.4 83.29
41.71 45.91
118.47 85.7
91.13 80.43
30.23 119.86
94.56 68.1
126.84 45.18
119.41 47.08
37.59 12.04
92.79 126.21
71.87 47.44
25.82 101.27
64.95 10.52
33.32 121.06
57.14 24.99
23.03 42.53
108.29 64.75
88.45 98.75
22.44 51.58
51.18 52.67
43.43 17.73
120.78 42.27
62.91 112.18
89.35 100.51
124.23 54.14
98.71 68.1
101.58 124.54
41.36 38.53
7.06 74.69
31.58 64.2
99.68 54.61
106.74 79.96
119.37 67.18
50.71 13.8
118.77 101.89
66.48 34.2
119.63 59.25
76.47 54.54
43.42 37.82
27.04 39.64
91.96 125.75
107.75 65.54
122.29 21.1
104.07 1.34
95.79 7.65
65.54 67.47
62.26 44.28
19.43 53.63
111.47 70.14
67.43 102.23
44.03 5.9
8.42 35.65
65.16 84.9
90.2 108.59
122.73 117.24
20.22 86.69
114.99 127.98
24.23 109.27
21.07 0.3
110.61 116.87
7.95 48.15
56.34 70.22
92.43 75.77
123.85 75.89
17.91 63.27
50.12 61.94
69.18 58.55
97.6 6.34
15.45 59.8
114.93 10.17
49.03 7.15
96.87 36.01
7.12 121.1
17.28 28.19
121.4 127.89
17.06 1.34
48.04 73.4
71.56 12.46
21.16 67.4
88.36 39.08
2.67 10.48
101.03 71.86
69.04 70.62
78.2 84.49
2.41 65.13
94.67 51.45
72.28 63.53
87.47 79.4
56.62 104.75
107.6 50.02
104.64 124.66
51.37 24.68
70.05 122.93
37.14 91.22
62.33 125.51
2.29 65.01
7.99 103.32
8.87 77.03
45.94 87.08
33.51 48.36
24.2 0.17
99.82 96.48
63.7 59.28
47.88 120.33
36.03 27.47
42.35 12.67
24.13 93.72
37.35 94.19
88.65 74.5
57.4 22.98
72.01 59.7
87.99 80
35.01 96.87
29.02 80.96
55.94 62.54
1.32 80.15
62.71 101.14
48.63 126.42
32.42 96.51
118.75 68.45
123.99 33.09
81.13 20.11
126.82 118.48
114.3 87.46
64.98 43.7
110.44 8.98
103.4 70.43
88.99 10.41
39.3 118.01
91.37 95.24
52.55 92.69
47.39 115.27
65.82 96.02
113.69 98.24
64.53 104.43
38.69 60.51
9.52 119.82
80.62 8.34
110.3 66.92
95.8 47.27
110.62 78.24
56.26 86.01
20.67 17.24
96.43 59.97
7.25 59.79
27.2 59.8
24.48 74.6
47.06 90.3
42.61 32.74
60.54 107.14
9.17 99.24
39.65 18.7
91.06 120.28
27.04 73.35
59.19 122.85
120.63 41.81
73.09 48.88
127.83 93.76
66.13 96.25
25.72 73.38
28.03 52.93
5.17 52.51
127.53 52.24
14.81 42.14
84.99 75.36
21.28 94.16
46.59 60.93
112.87 9.65
53.2 11.91
83 112.4
6.75 75.63
26.2 79.84
124.51 26.02
45.59 62.63
122.28 71.32
8.01 22.31
124.25 13.18
74.83 123.77
65.43 89.65
37.91 22.41
37 59.19
116.58 83.6
120.12 101.44
93.25 45.31
113.35 48.25
29.71 120.11
123.88 55.91
71.94 120.39
81.94 117.54
55.02 76.21
60.85 63.03
98.52 57.1
76.22 45.35
52.87 13.64
6.99 90.78
36.05 43.99
21.96 24.62
127.6 14.08
126.07 92.85
59.4 111.42
13.09 89.11
103.52 8.96
17.01 47.46
1.35 98.96
37 56.37
47.17 97.86
119.4 17.69
26.95 67.61
63.04 79.82
81.25 70.03
42.6 117.31
114.03 64.57
13.92 113.62
78.65 11.99
78.47 10.04
123.41 91.56
99.15 98.92
100.53 116.17
18.38 101.88
87.13 55.38
30.24 6.29
25.23 21.63
23.98 52.18
89.25 87.03
4 42.49
29.06 46.6
31.79 15.08
111.18 45.72
0.7 61.82
57.71 79.17
71.86 53.11
42.72 43.01
24.03 15.25
31.17 42.41
117.13 118.3
97.8 19.36
124.6 123.03
41 20.58
47.21 2.24
107.61 51.21
44.74 8.66
97.82 76.54
23.75 81
122.26 24.45
14.81 51.97
103.63 86.68
105.09 18.35
1.68 1.12
33.6 32.86
43.53 22.72
23.16 13.33
42.09 19.75
8.35 83.1
40.33 55.56
85.34 19.94
106.78 2.08
28.61 76.6
78.62 52.36
29.59 72.88
76.82 44.41
124.85 52.44
3.08 101.94
70.79 4.76
103.06 104.4
37.63 18.59
127.12 60.79
31.92 41.21
80.54 40.27
124.31 120.88
95.84 81.65
12.82 74.62
83.73 41.44
23.22 34.35
93.81 52.81
107.23 42.62
97.22 104.08
95.07 100.31
78.01 37.86
105.07 53.06
14.25 14.69
71.65 13.37
75.49 103.57
54.58 28.03
15.84 50.88
20.91 111.68
4.53 33.74
58.3 88.26
75.18 81.52
122.61 40.98
6.33 101.84
83.61 103.56
77.91 50.68
75.86 27.91
88.55 52.93
80.98 102.81
67.63 24.62
116.18 15.11
0.19 42.76
43.14 16.03
93.65 64.05
127.72 98.18
97.79 58.01
58.43 44.97
11.53 53.04
85.95 17.86
26.87 41.56
121.42 104.79
92.24 69.27
4.7 52.79
122.2 85.68
27.59 61.82
110.31 15.77
76.94 110.5
58.53 120.08
126.54 24.17
56.13 126.25
122.36 25.92
56.26 52.78
70.9 67.79
105.83 28.84
85.66 4.7
70.41 79.07
109.5 34.65
20.33 114.2
87.44 14.53
71.87 115.03
76.35 54.17
2.79 25.28
36.66 61.33
17.36 35.2
85.5 73.5
33.45 79.85
99.43 89.71
4.63 42.32
29.5 110.47
71.16 115.16
115.18 13.57
66.22 96.67
48.22 86.56
82.86 7.66
101.09 26.73
122.7 49.44
80.9 125.5
74.73 117.57
58.82 92.1
24.76 16.32
37.59 58.22
96.18 9.01
19.92 100.82
51.33 49.43
83.28 122.5
36.59 70.46
8.06 102.82
39.13 56.29
61.37 121.99
63.95 34.46
20.72 58.64
83.91 101.62
56.13 30.63
91.19 114.96
122.73 115.96
3.27 32.31
46.17 99.45
41.33 66.1
72.26 92.66
115.53 27.54
87.16 24.12
98.01 95.22
126.94 9.13
23.51 60.3
3.12 87.46
94.77 23.84
18.1 50.67
125.47 74.24
81.3 88.65
61.19 76.03
76.6 64.47
108.35 122.78
35.91 21.67
60.87 108.18
114.34 48.4
7.72 73.49
72.52 105.74
40.71 71.45
114.87 64.22
3.75 117.99
23.68 98.52
13.83 41.78
21.19 11.29
116.03 102.5
99.94 49.22
50.52 48.54
113.69 30.86
43.31 21.6
52.54 104.19
1.78 38.87
24.58 9.51
112.36 97.1
115.25 25.06
40.54 102.12
89.28 44.3
92.11 112.97
14.82 105.94
26.75 36.01
117.23 14.77
10.5 89.17
64 61.02
9.7 49.68
91.89 53.02
71.28 16.43
29.2 73.07
55.3 53.79
82.58 39.66
22.88 69.82
64.72 63.43
43.93 26
107.73 8.03
10.97 122.55
113.98 37.72
30.55 103.2
52.5 41.06
64.36 116.5
102.09 74.07
38.17 65.98
127.1 109.46
82.41 28.3
54.52 9.7
82.09 9.1
49.36 104.97
78.92 114.09
40.4 122.86
12.09 20.12
2.89 23.07
14.67 116.87
60.79 45.23
92.07 113.29
86.29 28.43
101.79 60.37
102.5 11.95
126.35 101.59
121.42 80.76
1.89 47.94
90.46 83.98
57.04 11.82
60.94 7.96
125.92 101.34
2.82 10.01
121.47 5.71
33.08 8.13
122.59 93.88
53.37 86.65
79.16 11.66
115.08 52.95
72.03 89.58
64.9 70.38
63.17 58.32
23.14 65.06
106.26 113.6
21.03 35.3
125.43 81.97
43.26 123.35
55.31 46.09
5.36 48.78
51.8 38.44
56.92 46.38
4.32 110.29
5.03 83.49
121.95 120.11
8.43 65.98
81.68 73.33
8.36 16.85
3.65 31.5
81.91 109.92
17.1 102.94
17.21 14.53
56.91 60.48
9.87 112.22
106.57 15.24
33 30.37
53.68 89.92
76.76 58
72.2 81.79
13.49 66.15
73.9 21.92
4.12 27.58
95.25 12.49
44.43 98.91
43.99 126.34
80.82 61.1
101.28 98.04
75.63 30.18
30.52 85.51
14.4 9.09
100.75 47.4
39.46 26.43
9.31 116.23
84.44 81.52
70.02 97.93
19.66 15.92
119.85 23.79
43.5 87.1
36.28 87.94
58.01 80.28
86.27 10.82
13.37 59.54
108.87 89.01
89.72 11.38
46.52 104.13
20.47 19.27
23.52 59.94
45.71 32.83
48.17 2.14
114.35 118.19
100.08 6.01
6.1 91.93
29.8 49.61
51.03 66.08
9.54 109.04
18.36 95.82
119.87 31.74
27.35 100.73
120.75 117.08
112.11 39.27
93.2 4.58
58.55 116.73
64.53 104.26
21.55 112.7
106.41 7.9
102.89 78.48
13.91 109
42.41 43.72
30.6 93.44
109.8 40.14
74.47 0.16
7.95 66.33
31.9 35.31
39.05 24.64
24.39 23.16
63.92 117.6
27.75 122.47
106.32 92.29
98.72 127.88
76.99 77.13
7.78 51.87
27.61 21.7
32.86 70.02
65.42 63.47
35.45 47.22
103.62 109.93
47.38 111.58
48.25 79.28
18.88 87.31
103.93 43.28
110.48 39.84
32.87 10.23
34.31 11.18
102.52 5.03
11.06 51.5
82.16 18.84
103.38 109.77
40.54 8.24
51.79 105.96
71.71 87.24
25.18 47.33
69.17 72.56
30.9 117.43
23.83 49.79
76.74 127.77
93.07 59.21
39.61 125.94
69.45 73.92
9.12 43.96
78.96 20.19
95.47 33.11
39.03 70.84
14.88 79.57
79.08 66.67
57.53 22.79
25.91 82.72
70.12 95.08
27.27 101.02
84.5 51.11
22.8 33.23
50.87 115.88
92.45 90.49
113.82 33.89
36.4 122.95
77.86 115.37
15.13 45.32
20.47 54.16
116.16 35.36
5.73 67.24
102.03 63.27
90.04 127.94
17.98 32.15
95.02 45.26
5.17 51.51
96.37 27.98
84.74 19.24
15.85 49.18
109.73 1.67
83.07 18.13
124.62 32.92
5.49 11.74
78.25 25.97
65.91 66.41
61.34 71.65
5.65 35.36
6.92 95.69
35.3 24.9
127.84 2.31
70.17 5
53.82 38.53
32.98 10.56
57.78 48.84
59.75 39.51
50.51 14.82
57.65 47.12
47.75 63.15
58.87 126
89.13 124.79
64.4 22.46
68.43 70.05
57.82 75.36
37.73 93.13
100.27 37.57
95.44 42.43
42.58 21.26
80.97 75.57
31.83 10.74
124.41 91.58
50.26 46.92
106.4 107.91
94.05 26.14
43.06 24.92
24.13 4.18
21.7 88.54
26.64 90.14
30.59 84.47
37.49 68.33
49.59 9.75
105.9 17.03
52.18 20.48
38.29 5.14
96.05 70.12
15.89 92.46
33.7 66.16
11.37 12.09
46.07 105.43
38.23 89.13
2.34 62.37
93.31 24.04
22.91 119.96
114.18 53.5
76.42 23.67
121.84 126.01
33.42 99.73
15.03 85.61
120.22 53.33
90.76 88.26
123.46 106.66
52.72 29.15
44.81 64.09
41.24 90.88
41.51 79.48
52 43.85
13.85 17.31
67.9 36.76
9.26 54.08
90.27 85.68
77.75 84.1
83.69 111.18
55.83 98.72
68.79 48.04
24.05 31.54
8.3 19.5
10.19 61.02
48.66 55
125.12 89.91
17.88 38.63
41.39 69.88
82.49 55.24
87.2 22.38
92.01 96.46
76.46 54.28
54.14 26.21
10.38 9.82
9.38 66.21
108.55 78.17
114.26 4.59
109.72 122.57
24.1 119.92
55.59 72.77
46.91 52.7
34.67 64.8
91.33 76.06
6.68 45.81
3.3 93.88
68.2 95.32
62.33 16.65
21.59 116.48
42.87 31.97
126.3 52.26
98.19 106.84
2.43 84.45
111.44 112.15
79.01 7.54
104.06 6.59
80.31 22.97
59.3 114.98
87.77 22.63
63.04 94.45
68.44 66.34
60.32 8.63
33.66 122.66
25.29 55.25
111.14 68.16
87.23 109.43
120.43 57.42
88.27 122.86
13.86 71.71
107 92.88
79.25 83.06
99.48 31.56
106.03 30.77
18.54 65.8
53.4 81.58
32.25 121.85
19.92 92.58
2.48 53.58
87.23 27.78
108.84 70.37
95.94 68.06
51.79 88.36
125.48 12.06
83.22 11.34
83.78 62.21
104.22 35.02
17.27 75.7
66.59 123.31
106.48 85.13
61.1 31.87
38.71 93.35
25.72 58.63
57.92 28.2
112.22 17.15
55.98 93.05
87.52 23.92
33.1 11.31
112.29 30.58
23.38 67.5
41.92 107.16
1.71 18.14
14.18 18.99
93.84 80.77
14.29 72.31
37.9 75.4
104.19 76.61
40.75 1.91
7.24 98.68
30.11 119.46
115.84 86.1
84.5 75.35
110.03 117.61
86.67 94.32
20.18 110.06
33.82 62.11
89.21 35.53
80.26 103.39
54.53 46.1
56.16 68.82
118.42 94.07
16.21 94.6
42.67 56.97
96.52 49.91
27.64 126.63
41.37 15.47
84.73 125.87
90.83 66.76
115.48 49.5
33.07 7.66
31.55 66.89
69.77 120.76
102.43 22.03
96.15 28.95
68.13 24.31
97.78 58.54
118.38 114
25.14 33.04
42.96 121.66
82.96 70.6
120.29 124.34
86.07 77.02
122.21 48.89
15.77 109.68
98.39 48.84
117.34 1.94
115.73 59.11
122.7 90.16
81.15 90.85
119.11 21.27
115.16 88.88
79.82 105.53
74.87 104.97
10.57 117.83
98.62 93.54
60.42 90.91
89.87 18.49
39.92 84.07
67.39 55.7
65.74 37.78
104.54 55.08
39.72 92.27
114.2 34.42
54.42 67.34
125.27 45.53
88.62 112.43
6.4 40.43
89.95 81.27
17.39 100.53
71.1 116.02
66.06 3.52
78.93 27.92
22.02 118.85
111.99 89.41
46.55 49.73
127.2 23.09
104.82 38.92
115.36 91.01
73.34 41.78
30.35 70.61
87.31 118.97
55.03 93.72
31.4 16.98
46.99 48.8
117.51 118.09
36.81 55.56
121.62 115.74
83.49 15.63
106.59 67.48
105.05 25.13
117.22 104.24
48.22 94.03
15.15 35.58
57.04 88.5
77.37 87.4
31.1 36.67
78.36 86.13
2.39 109.77
103.12 49.38
30.56 92.62
39.47 67.37
20.17 33.08
55.11 103.67
48.71 33.7
43.14 25.75
58.83 32.35
