64.52 77.16
127.31 57.49
84.71 98.12
38.49 102.49
62.67 127.27
98.55 122.42
104.88 115.7
91.98 15.03
83.65 44.99
48.03 9.59
0.44 78.54
27.75 122.75
32.76 62.96
21.05 76.84
68.29 127.82
10.2 4.8
76.97 9.51
62.3 33.67
107.64 100.79
8.15 42.3
100.06 106.71
36.72 76.94
94.4 0.7
91.97 50.04
45.69 12
59.64 46.13
90.55 87.39
40.88 123.31
22.35 61.94
72.14 90.65
61.75 82.35
95.46 10.71
91.86 29.75
44.39 71.49
2.54 52.55
113.8 102.6
31.26 22.52
51.54 125.67
23.22 15.51
47.7 68.92
27.52 107.35
115.06 118.07
66.74 27.93
113.37 89.1
89.88 57.51
51.74 23.62
11.85 19.19
34.34 103.72
48.95 78.74
47.21 51.49
3.28 33.01
26.09 34.55
55.53 77.63
32.21 78.76
93.15 79.92
19.68 120.67
59.26 6.73
110.74 126
34.67 96.11
87.09 124.55
25.61 10.83
20.16 37.47
30.02 54.51
13.18 78.97
5.24 60.4
2.46 8.53
93.41 28.56
43.08 20.94
106.2 75.29
99.7 71.34
27.21 119.38
64 86.47
126.12 46.73
84.47 32.78
14.83 43.56
29.33 40.45
54.4 49.5
77.92 84.42
104.01 91.11
35.39 109.25
23.5 37.86
117.79 116.92
66.42 32.86
9.85 44.61
108.16 109.55
115.95 7.37
100.93 51.95
93.85 99.05
98.69 50.32
3.83 113.53
93.88 33.16
25.97 20.27
82.66 103.9
104.7 58.67
67.01 12.09
39.92 90.52
49.95 29.7
79.43 116.38
62.57 89.28
32.98 42.73
70.83 20.93
50.1 43.76
72.88 15.94
14.8 43.57
66.26 18.64
29.09 32.14
51.8 55.07
52.42 6.46
30.97 29.11
65.14 97.98
41.21 105.07
60.49 91.17
6.76 11.91
79.54 69.34
101.2 112.52
112.07 44.03
5.45 34.17
87.79 78.34
50.12 102.6
121.91 116.39
121.24 23
20.52 45.04
78.08 72.95
51.51 109.05
102.06 116.66
79.03 15.27
93.72 11.52
106.44 100.48
23.44 57.97
41.82 124.64
42.49 25.89
40.66 47.94
60.06 0.45
126.28 110.19
103.05 120.19
98.57 96.29
15.18 119.09
13.33 93.27
64.03 64.84
74.31 38.09
53.49 25.34
53.37 19.2
36.86 31.8
119.69 60.3
89.78 33.5
56.94 4.26
59.4 97.61
52.21 119.47
98.06 50.48
101.65 73.11
42.66 72.21
41.39 57.85
63.3 54.72
23.11 127.34
119.57 97.43
37.43 45.05
122.78 90.8
64.26 31.63
122.61 55.94
91.94 84.38
89.45 20.88
88.65 20.84
118.49 12.85
12.3 88.54
63.33 113.96
33.65 106
58.16 75.04
35.85 121.47
1.76 58.97
120.8 121.33
28.4 30.23
38.38 23.17
121.04 102.64
54.81 115.64
30.58 18.74
72.02 120.04
39.62 32.66
12.88 30.11
45.52 25.19
118.65 108.85
11.14 24.29
86.85 69.31
99.34 122.71
62.77 101.11
53.67 55.57
94.43 82.07
85.8 4.81
105.24 78.84
107.45 32.04
66.48 10.03
50.79 10.49
2.06 90.42
43.16 14.95
120.53 88.68
40.14 111.17
69.53 51.28
7.46 28.38
120.59 106.81
23.08 55.36
79.91 76.76
110.93 46.34
30.82 68.73
51.15 8.06
19.56 30.6
40.1 86.05
40.63 90.9
96.55 42.7
53.31 11.7
57.65 45.83
100.39 97.79
29 41.92
21.07 36.47
70.3 13.66
15.27 93.39
69.02 95.19
42.14 51.94
13.52 72.96
120.68 64.68
81.03 12.24
95.28 121.14
98.29 7.91
84.03 66.83
50.61 9.33
78.54 108.27
55.17 50.92
78.05 84.17
92.84 99.13
120.65 35.14
112.79 7.91
0.52 53.8
103.11 42.66
105.75 116.64
115.63 98.42
53.31 68.65
110.67 20.59
61.78 80.96
28.5 17.8
19.78 79.12
27.14 98.33
59.38 82.31
21.24 9.43
38.48 114.09
108.56 31.12
21.22 93.34
39.04 21.75
19.14 14.14
64.41 124.89
2.78 52.03
95.31 56.1
120.69 77.98
76.69 54.46
30.93 105.2
72.27 50.72
56.31 99.41
21.04 115.7
53.72 42.29
125.13 92.2
28.37 105.68
123.33 49.6
71.02 34.36
71.35 90.17
48.51 7.76
87.06 51.3
59.8 54.37
107.4 52.48
4.34 56.09
106.94 35.27
33.28 51.2
86 89.6
22.61 107.04
77.29 76.33
21.32 74.42
40.53 49.7
52.09 35.85
99.3 123.12
70.22 42.65
85.28 118.74
50.42 44.34
42.03 110.22
98.71 21.42
34.69 103.05
77.52 13.63
10.32 110.8
64.84 96.32
72.4 87.45
75.35 21.69
35.78 96.68
96.11 76.32
18.37 20.2
112.18 117.68
15.32 54.4
32.33 100.6
45.13 82.75
16.93 87.16
64.96 115.65
108.59 99.66
90.69 58.1
113.29 101.02
40.9 50.13
69.33 113.3
9.58 16.68
6.98 45.37
113.36 103.1
121.69 3.73
123.3 105.87
121.42 10.61
32.26 25.74
111.22 77.39
108.5 0.15
36.54 45.46
115.8 17.13
17.11 78.49
75.23 2.4
51.5 116.13
52.53 120.83
101.42 62.12
9.5 108.41
107.49 122.87
83.51 101.18
126.61 78.8
79.04 120.02
89.42 111.3
17.76 72.63
60.68 126.27
72.79 97.23
43.72 60.58
114.36 60.84
11.06 61.59
63.24 62.56
49.71 115.78
55.39 23.13
49.9 64.9
3.54 29.38
59.77 87.05
2.55 58.37
37.85 81.6
50.39 127.27
64.89 68.16
71.9 125.58
66.42 16.68
94.81 110.15
77.27 81.17
42.98 88.34
14.75 106.23
22.9 64.46
94.01 78.29
87.59 15.91
15.19 91.14
45.29 74.96
50.18 47.85
5.33 88.03
1.44 55.73
87.3 66.34
123.89 31.19
63.91 62.31
47.88 30.72
44.46 125.16
111.89 87.45
85.5 126.64
65.68 108.4
63.09 31.69
58.69 22.68
47.6 73.89
113.82 92.9
20.84 35.99
12.74 26.18
124.03 14.19
81.91 83.32
80.54 77.79
114.52 16.44
12.1 34.4
47.16 56.56
31.56 31.04
16.01 117.06
29.67 81.69
97.46 92.77
113.38 28.14
115.45 32.97
102.03 101.26
125.87 122.88
9.25 10.61
21.05 5.27
24.81 102.96
88.6 105.35
52.75 75.12
121.8 64.86
109.53 40.96
121.43 13.08
72.01 9.43
2.13 101.69
91.12 99.6
66.45 76.49
127.74 53.9
109.47 101.77
27.16 107.34
96.65 36.41
117.96 117.7
41.69 14.76
92.66 2.29
120.12 17.41
77.41 113.92
82.27 58.93
26.87 75.69
72.02 98.88
85.12 74.16
72.57 48.24
45.75 11.02
124.74 45.49
64.92 106.2
19.25 92.08
85.54 115.91
0.49 75.49
105.61 42.19
90.26 70.26
44.48 82.38
87.67 121.9
68.29 41.93
52.83 95.17
117.63 124.85
66.05 74.74
71.01 10.61
122.98 116.76
21.63 119.71
34.24 86.56
97.91 53.5
50.63 55.44
41.4 51.13
2.93 19
93.32 93.2
89.27 9.8
47.57 48.93
3.69 115.86
90.87 56.53
83.03 80.49
53.38 21.07
27.23 124.39
31.68 22.2
113.14 53.32
13.91 19.38
11.87 111.82
72.89 62.5
39.26 114.3
113.64 42.19
5.29 78.95
7.38 94.57
88.76 54.96
15.5 92.46
42.82 106.38
20.98 125.85
58.86 74.36
18.91 86.09
70.75 50.59
108.3 55.89
103.91 122.22
75.27 115.78
106.03 20.16
50.28 17.28
6.45 35.92
59.48 11.75
114.87 66.86
106.32 75.63
121.82 121.82
40.08 36.64
100.19 61.06
34.48 31.05
7.42 53.39
117.15 78.18
103.99 97.45
6.06 79.89
91.66 81.34
67.67 69.69
101.5 117.96
86.97 107.96
25.87 18.45
119.71 12.74
85.32 98.03
88.37 79.14
91.85 0.45
115.78 64.03
61.51 22.25
95.09 68.94
75.64 84.24
19.12 51.62
53.68 25.19
3.51 17.34
