2.3 4.93
9.02 89.55
126.94 59.79
88.82 41.13
10.49 78.78
73.75 90.15
11.57 121.6
43.37 97.07
118.38 53.03
73.8 22.56
118.4 0.36
101.33 51.83
45.65 118.05
96.54 77.06
102.96 20.29
81.12 105.26
25.23 90.14
66.81 24.16
21.93 27.63
65.3 32.43
106.42 11.04
122.58 117.99
4.64 37.95
87.06 123.03
90.98 32.85
17.58 81.38
33.22 118.91
5.2 78.87
108.95 101.74
27.93 83.9
122.04 109.05
61.16 19.26
71.19 127.97
43.43 93.13
27.6 108.73
125.56 6.01
119.78 120.14
124.01 124.43
30.08 83.06
119.45 121.06
115.92 9.03
