26 75.5
22.3 24.34
11.66 35.78
5.45 54.76
93.92 37.62
27.3 14.77
64.74 88.46
64.26 123.57
5.55 43.58
92 51.75
98.23 117
4.04 53.32
42.67 82.01
18.14 103.81
2.48 89.91
70.73 28.49
37.41 93.03
52.84 49.07
0.81 58.29
103.84 94.73
95.92 3.13
109.51 32.66
91.6 45.77
28.22 97.15
89.35 120.22
20.89 59.58
109.22 24.93
112.9 23.88
106.95 3.04
127.7 109.44
92.95 70.42
9.92 2.36
35.45 62.76
51.44 36.27
121.06 27.27
2.99 88.98
30.41 112.51
121.64 122.01
30.27 21.85
91.15 119.63
14.07 112.05
51.2 123.3
8.97 36.1
19.17 115.93
39.14 18.86
97.36 4.09
89.29 107.29
6.45 124.75
42.05 57.89
33.01 35.1
85.17 36
124.09 115.58
20.51 117.72
109.59 50.79
11.57 72.73
42.41 25.65
56.77 93.62
20.94 65.75
1.71 40.12
53.67 40.86
58.99 23.03
44.95 20.27
2.31 51.41
17.01 44.36
109.31 50.02
79.47 66.48
86.03 75.55
54.06 106.54
65.27 35.64
29.32 76.85
108.38 71.73
102.51 37.14
37.35 123.45
102.9 39.06
35.57 28.57
79.93 94.56
51.6 124.89
114.83 53.92
48.29 3.84
98.29 29.6
53.86 49.75
96.08 11.88
125.31 22.13
118.43 62.58
57.78 19.74
11.42 38.15
91.48 113.93
75.3 0.82
109.38 50.19
39.89 16.94
78.76 119.82
111.51 2.36
116.71 98.33
56.29 36.99
102.18 26.57
66.6 28.03
76.33 34.67
39.92 73.63
56.81 30.35
8.2 114.6
50.1 19.63
24.74 13.58
5.55 100.04
14.4 114.94
22.23 54.3
3.87 101
46.12 115.38
103.36 34.82
85.71 31.64
71.82 59.88
58.22 10.41
87.92 6.54
45.09 127.85
80.17 101.91
30.19 88.38
88.5 80.29
108.01 113.25
93.87 113.57
85.29 108.28
100.5 107.52
34.58 104.38
80.51 80.7
91.75 55.87
115.53 49.46
87.52 59.35
109.34 17.73
69.76 69.26
24.27 114.86
69.1 104.45
88.77 99.29
64.83 49.26
51.57 44.84
34.51 17.43
30.4 119.8
125.72 2.89
99.32 32.29
107.28 51.83
112.99 71.02
107.71 100.52
120.49 67.22
31.86 101.82
84.96 101.63
43.08 109.24
88.48 112.18
85.69 49.24
83.46 22.51
98.51 7.02
67.35 5.02
24.46 97.76
124.83 22.18
100.66 96.14
54.47 79.93
19.97 39.46
22.95 127.68
11.97 15.43
66.89 43.83
117.26 23.85
17.46 32.33
5.08 105.95
16.5 90.77
27.18 99.96
113.29 125.7
106.99 52.64
2.72 3.45
22.39 127.55
25.63 123.06
95.69 80.11
74.98 115.66
119.57 97.93
115.33 3.53
113.37 54.22
47.37 102.62
78.07 64.83
6.94 83.15
42.77 23.45
45.92 69.96
123.42 31.2
67.66 102.4
83.84 70.39
105.86 106.24
69.93 3.49
101.29 37.61
83.6 48.26
25.26 75.16
18.19 12.59
78.7 3.55
66.81 126.08
106.18 16.87
62.91 113.13
100.03 105.69
8.57 17.95
47.64 3.98
49.15 115.31
106.39 4.99
57.69 84.25
111.23 127.63
87.74 84.51
37.24 43.34
4.77 62.5
118.51 22.97
75.09 69.2
26.53 13.9
67.27 4.7
30.78 2.18
117.84 2.8
107.87 126.41
20.76 27.51
2.39 69.91
14.81 108.79
74.91 72.51
65.03 58.14
72.14 24.77
14.65 109.38
68.12 19.42
43.88 58.62
42.4 118.98
127.83 68.93
4.87 67.1
73.64 35.65
69.28 63.47
38.46 49.14
61.88 59.22
76.65 64.28
1.13 91.47
45.06 76.05
35.98 110.1
6.18 108.12
6.87 20.83
89.49 74.99
40.26 5.37
5.61 82.66
124.35 5.44
23.59 1.21
72.54 97.23
36.86 13.81
32.7 75.33
62.95 94.58
6.55 11.6
30.86 7.68
103.07 75.93
83.73 11.04
58.02 89.92
119.17 64.9
110.75 80.66
11.89 23
86.03 17.5
105.66 82.37
22.94 1.25
83.59 95.49
98.48 120.46
109.3 3.17
67.78 44.25
97.76 74.33
55.86 0.62
82.02 30.93
76.55 37.75
41.97 6.57
127.67 33.14
71.47 110.41
113.8 83.37
5.41 71.83
100.87 111.08
26.19 123.82
112.33 109.78
91.31 82.8
102.23 72.61
85.98 42.01
116.87 55.74
116.35 44.72
56.36 70.36
75.65 4.91
108.11 117.63
11.48 107.77
22.76 82.96
90.18 8.56
38.32 95.59
80.39 11.19
78.66 106.59
7.01 62.98
88.36 98.32
17.78 62.59
42.92 103.76
104.61 31.78
31.5 92.95
76.51 87.86
35.3 24.15
92.78 15.41
13.77 104.26
123.18 36.54
59.21 85.36
45.1 97.53
52.94 125.49
108.72 3.59
104.07 115.73
66.58 64.43
86.05 84.36
127.03 0.96
60.11 103.63
32.75 91.62
68.58 109.26
51.48 103.89
5.4 16.25
119.3 19.18
120.51 114.48
55.72 51.72
71.83 100.83
21.25 124.77
98.32 1.96
0.36 74.39
117.7 66.94
10.82 75.74
23.29 9.85
76.71 83.41
113.49 109.46
47.02 54.06
90.71 98.5
29.94 96.12
114.76 21.24
115.3 107.26
7.71 43.02
30.98 79.55
15.85 52.23
76.31 114.17
54.2 76.68
60.56 43.89
15.62 71.38
119.64 38.91
81.23 68.34
122.33 66.71
49.8 41.35
120.78 12.5
11.84 22.71
108.63 126.6
43.96 95.92
105.86 51.67
10.94 8.84
3.21 26.79
61.07 79.53
12.96 115.27
28.2 73.53
31.16 43.83
16.9 22.8
82.74 98.14
91.15 77.07
36.85 12.94
118.42 29.62
25.45 2.26
52.34 6.07
0.86 96.3
102 106.73
19.97 112.95
115.57 23.19
11.74 48.63
102.72 24.7
35.9 2.92
98.23 67.06
46.75 115.14
89.87 1.49
85.28 53.01
78.56 122.13
65.95 68.98
23.75 91.41
71.24 76.1
97.49 72.1
44.4 71.48
50.82 64.38
56.43 38.39
87.57 68.17
87.02 62.29
92.88 122.93
65.21 63.11
61.98 111.97
50.24 23.85
113.47 7.52
76.86 64.02
1.65 14.81
5 25.4
106.23 76.24
101.51 75.71
20.34 17.91
19.18 71.17
82.29 75.61
109.56 41.85
15.78 68.58
104.14 108.66
63.5 41.35
43.76 125.48
25.32 94.01
21.33 10.78
101.53 98.19
74.81 103.18
113.01 79.81
0.58 91.23
28.04 102.09
38.93 48.38
120 58.12
119.56 74.29
5.73 101.11
116.14 21.51
41.68 92.28
2.16 105.18
5.63 45.93
102.66 30.95
11.93 123.99
41.73 113.46
94.18 116.54
88.64 79.18
68.34 89.22
42.4 96.39
63.31 81.34
16.77 55.31
11.46 8.32
1.6 17.19
109.43 117.74
38.71 23.11
82.02 40.87
0.28 87.65
86.81 102.95
118.6 98.74
98.93 32.33
84.2 65.1
20.86 44.84
16.28 89.21
6.06 58.69
57.59 69.37
12.02 74.36
124.69 23.48
82.68 126.29
40.68 64.11
116.03 79.39
87.22 70.05
120.27 87.51
29.69 79.07
62.45 20.29
49.81 33.37
52.63 6
98.48 73.5
50.84 114.77
34.7 56.91
45.45 92.3
126.28 57.48
38.66 122.97
80.97 121.35
121.26 121.66
57.45 109.29
73.04 16.67
51.33 65.3
104.18 81.03
16.37 38.63
101.33 66.18
72.01 25.96
72.19 42.49
99.46 123.04
29.25 6.15
51.94 74.7
98.46 50.22
4.18 9.11
45.19 85.16
2.45 38.45
78.81 59.91
19.73 23.84
76.58 71.07
89.15 52.76
24.1 105.53
91.39 125.44
43.71 35.4
23.39 115.9
77.89 122.85
110.94 107.14
1 34.87
53.84 99.46
85.1 58.03
108.58 2.28
15.18 111.03
40.74 93.99
42.93 60.47
117.84 119.52
3.54 78.98
44.27 27.64
56.51 7.66
25.08 100.22
43.06 48.47
88.12 120.96
43.32 71.05
100.09 44.32
105.93 25.93
15.78 63.02
83.96 124.36
65.31 99.14
107.38 106.05
65.12 22.31
38.52 54.96
13.83 42.06
5.94 58.1
69.71 62.45
65.77 94.79
34.66 108.84
15.26 122.78
101.79 58.58
65.83 73.88
102.91 43.75
99.81 118.69
106.78 55.76
115.04 44.09
26.89 94.42
22.14 92.02
116.74 60.67
18.97 2.56
102.74 24.91
60.67 44.45
87.37 126.45
11.23 122.03
107.28 26.5
116.81 81.07
85.08 54.63
26.94 59.99
98.39 126.75
50.67 77.17
54.5 37.71
121.27 81.4
4.13 15.4
45.42 120.87
76.08 64.39
123.44 50.81
89.31 56.1
95.26 48.67
54.55 106.5
42.7 33.82
4.99 31.51
114.9 90.08
86.15 13.83
22.07 56.53
12.57 72.74
5.7 67.08
110.46 126.97
20.48 114.59
14.37 65.9
107.46 90.46
2.29 102.89
13.26 91.61
30.99 108.53
12.28 85.54
87.02 54.98
119.37 92.02
86.49 106.26
54.1 44.63
120.1 76.17
101.17 4.66
20.91 106.88
71.75 3.36
105.85 92.24
117.95 120.23
30.13 97.41
82.68 32.43
72.29 95.95
124.04 103.29
76.47 8.31
60.83 35.49
63.3 52.2
127.51 21.79
30.45 53.61
66.43 22.54
1.78 39.59
27.21 22.69
18.47 98.97
26.06 124.32
63.2 16.01
116.54 93.34
113.42 71.21
125.77 57.7
39.15 121.81
32.99 115.63
2.12 93.82
23.11 65.42
18.01 22.62
87.22 48.47
76.23 25.64
71.02 78.01
65.24 98.23
100.71 83.71
69.2 126.77
80.03 4.39
14.77 68.56
97.73 0.18
11.77 95.49
57.89 50.93
89.29 90.89
38.55 91.42
56.7 61.67
28.83 74.72
84.29 116.06
123.19 32.51
13.69 66.2
110.53 78.93
36.43 83.24
34.64 105.63
82 114.67
110.03 96.78
55.23 79.75
96.97 67.01
47.24 26.86
117.94 8.53
117.75 28.49
99.95 46.45
90.16 0.78
121.17 46.44
116.84 116.36
78.96 2.53
54.56 61.49
81.47 91
16.72 116.11
68.62 98.73
102.78 50.64
67.51 30
2.39 36.47
97.01 49.63
63.33 86.95
58.16 53.08
115.45 30.1
99.53 77.6
30.89 92.7
124.05 19.72
81.05 75.01
22.25 7.6
8.49 103.72
98.6 25.22
91.83 39.22
123.95 66.6
89.87 63.45
96.61 92.26
99.93 65.62
13.89 35.25
24.56 72.06
88.34 12
102.16 59.86
89.61 5.05
24.56 85.66
24.77 105.61
32.66 47.03
113.22 41.16
22.75 83.82
66.38 114.58
123.05 62.32
53.18 84.91
125.78 21.79
49.17 97.7
87.41 63.07
4.95 111.98
7.12 93.29
123.99 109.29
25.15 85.6
114.34 49.71
43.25 11.11
27.32 75.92
58.14 12.53
117.09 80.9
96.36 55.46
67.47 91.4
117.79 120.66
48.31 115.56
14.45 97.49
85.25 101.86
32.55 90.21
85.84 39.67
55.49 81.83
20.96 80.65
39.42 7.29
2.35 82.68
18.4 29.68
30.6 76.55
42.21 19.68
29.44 10.57
75.14 96.92
101.97 64.93
89.58 22.27
52.48 104.03
119.77 9.73
77.89 24.31
99.94 35.72
63.99 27.43
117.56 84.95
108.08 28.97
92.25 110.44
111.66 110.66
12.11 14.25
59.21 54.33
33.93 88.66
64.9 109.08
57.58 38.87
46 19.15
61.15 98.49
123.19 52.91
108.23 73.07
77.22 80.17
108.8 13.21
107.61 98.35
98.16 87.69
127.33 62.41
70.13 110.98
45.06 82.25
125.23 104.27
8.57 31.16
64.92 73.48
12.24 122.5
112.35 58.25
13.65 45.49
28.74 8.83
98.4 8.97
81.91 47.62
89.14 62.71
60.83 68.75
33.05 30.99
28.43 32.38
93.4 98.56
15.35 10.45
52.8 12.58
114.73 61.38
43.75 51.64
6.86 55.99
46.14 119.21
114.25 59.79
36.7 14.98
68.63 7.1
23.95 22.53
54.72 113.1
85.25 115.56
53.84 118.3
18.54 82.28
22.68 111.94
52.84 38.04
122.4 105.65
50.63 109.12
39.02 94.38
32.76 45.88
22.37 78.9
37.09 8.61
10.69 73.8
23.6 79.33
80.91 47.55
101.87 7.63
32.64 59.11
123.19 86.49
49.41 13.73
40.76 72.09
